EmployeeID,EmployeeName,Age,Years_of_Experience,Department,Monthly_Salary,Income_Tax,PF_Contribution,Insurance_Deduction,Other_Deductions,Net_Salary,Rent_Expense,Grocery_Expense,EMI_or_Loan_Payment,Entertainment_Expense,Other_Expenses,Total_Expenditure,Savings_Amount,Investments,Class,Expense_Ratio,Savings_Ratio,Investment_Ratio,EMI_Ratio
EMP00001,Gaurav Akash Chauhan,29,2,Marketing,55811,1124,3349,744,1183,49411,0,4829,0,4310,2085,11224,16741,4953,High,0.22715589646030238,0.3388111958875554,0.10024083706057356,0.0
EMP00002,Vivek Aman Nagpal,49,20,Cyber Security,152405,13814,9144,3436,1697,124314,0,21752,40587,4688,8564,75591,223,553,Low,0.6080650610550702,0.0017938446192705569,0.00444841288993999,0.3264877648535161
EMP00003,Amit Bhardwaj,40,9,Operations,67086,1709,4025,1366,1399,58587,0,8860,12984,1814,2721,26379,2980,1006,Low,0.4502534691996518,0.05086452626009183,0.01717104477102429,0.22161913052383633
EMP00004,Avantika Arora,25,1,Operations,51199,893,3072,1148,1563,44523,8650,3968,4732,2982,2072,22404,12826,1598,Medium,0.5032005929519574,0.28807582597758463,0.03589156166475754,0.10628214630640344
EMP00005,Reema Patel,30,6,Sales,51015,884,3061,1105,1294,44671,10748,7543,0,2268,2825,23384,9848,2595,Medium,0.5234716035011528,0.22045622439614068,0.05809137919455575,0.0
EMP00006,Divya Bhatia,32,12,IT,108469,6270,6508,3239,1732,90720,0,12952,0,6869,5974,25795,28557,7232,High,0.28433641975308643,0.314781746031746,0.07971781305114639,0.0
EMP00007,Prachi Mittal,29,4,Operations,57365,1202,3442,1184,1678,49859,0,7675,0,2535,2575,12785,16349,5107,High,0.2564231131791652,0.3279046912292665,0.10242884935518161,0.0
EMP00008,Preeti Porwal,34,9,Finance,94087,4409,5645,1323,972,81738,21989,12751,0,13306,7283,55329,2922,2908,Low,0.6769067019011965,0.03574836673273141,0.035577087768235094,0.0
EMP00009,Divya Pradhan,53,28,Sales,85000,3500,5100,2026,1098,73276,24097,12152,0,7852,5540,49641,3566,3736,Medium,0.6774523718543589,0.04866532015939735,0.05098531579234675,0.0
EMP00010,Rishabh Menon,50,17,HR,63587,1513,3815,2027,1522,54710,20636,10409,7034,7007,4550,49636,552,624,Low,0.9072564430634253,0.010089563151160665,0.011405593127399014,0.1285688174008408
EMP00011,Charu Shetty,46,19,Customer Support,58046,1236,3483,1101,1450,50776,11892,8111,6028,4125,2974,33130,6327,2273,Medium,0.6524736095793288,0.12460611312431069,0.04476524342208918,0.11871750433275563
EMP00012,Lakshay Iyer,26,7,Operations,64778,1572,3887,1808,1519,55992,12805,7068,2046,3165,2331,27415,9698,11085,High,0.4896235176453779,0.17320331475925133,0.19797471067295327,0.036540934419202746
EMP00013,Diya Vivek Kulkarni,22,3,Sales,47914,729,2875,1177,1313,41820,0,5417,0,3030,1755,10202,2584,435,Medium,0.2439502630320421,0.061788617886178863,0.010401721664275465,0.0
EMP00014,Akash Roy,30,4,IT,86761,3676,5206,1934,1419,74526,17504,9033,8448,5693,4707,45385,10906,3541,Low,0.6089821002066393,0.14633819069854817,0.04751361940799184,0.11335641252717173
EMP00015,Ishaan Narang,49,23,IT,138151,10964,8289,3392,1837,113669,32706,21185,11930,6391,7634,79846,16324,3336,Low,0.7024430583536408,0.14360995522086056,0.02934837114780635,0.10495385725219716
EMP00016,Avantika Dubey,37,10,Product Management,147355,12804,8841,3802,1794,120114,35040,19216,0,8235,6344,68835,24065,4701,Medium,0.5730805734552176,0.20035133290041127,0.03913781907188171,0.0
EMP00017,Rishabh Jain,23,1,Finance,72860,2286,4372,1721,1756,62725,7362,6493,7744,5978,2900,30477,14219,3626,Medium,0.48588282184137105,0.22668792347548825,0.05780789159027501,0.12345954563571145
EMP00018,Aarav Das,38,8,Marketing,66738,1674,4004,2162,1824,57074,19090,8479,0,8220,5069,40858,2415,2342,Low,0.7158776325472194,0.04231348775274205,0.041034446508042194,0.0
EMP00019,Preeti Bhardwaj,57,26,Data Science,170000,17500,10200,3365,2083,136852,0,23765,34911,10166,8006,76848,28145,7837,Low,0.5615409347324116,0.2056601291906585,0.05726624382544647,0.2551004004325841
EMP00020,Nandini Reema Khanna,40,16,Sales,68270,1827,4096,1430,1414,59503,0,9099,0,4386,2918,16403,19587,4689,Medium,0.2756667731038771,0.3291766801673865,0.07880274944120465,0.0
EMP00021,Aarav Reddy,37,10,Sales,61985,1433,3719,1730,2003,53100,18395,10107,0,9909,5386,43797,1785,1293,Low,0.8248022598870056,0.03361581920903955,0.024350282485875705,0.0
EMP00022,Monika Pillai,57,36,Operations,95000,4500,5700,1483,2250,81067,0,11706,22036,4202,3642,41586,17928,4755,Medium,0.5129830880629602,0.22115040645392084,0.05865518645071361,0.27182454019514724
EMP00023,Megha Menon,26,5,Finance,79066,2907,4744,1598,1402,68415,0,9499,22241,4846,3241,39827,13211,3146,Low,0.5821384199371483,0.19310092815902946,0.0459840678213842,0.3250895271504787
EMP00024,Arjun Rawat,36,12,HR,55687,1118,3341,1070,1184,48974,4722,7150,8163,2766,2384,25185,9494,2794,Medium,0.5142524604892392,0.19385796545105566,0.05705067995262793,0.1666802793318904
EMP00025,Rishabh More,43,27,Operations,91636,4164,5498,1967,1618,78389,12945,6399,0,4886,1933,26163,31059,3417,High,0.33375856306369517,0.39621630585924045,0.043590299659390985,0.0
EMP00026,Muskan Saloni Suri,38,13,IT,108265,6240,6496,2421,1547,91561,0,12748,29409,2719,4077,48953,23874,4092,Medium,0.5346490317930123,0.2607442033180066,0.04469151713065606,0.32119570559517696
EMP00027,Pankaj Mukherjee,29,6,Operations,61157,1391,3669,1863,1640,52594,0,7193,13361,5511,3725,29790,8905,3208,Low,0.5664144198958057,0.16931589154656423,0.06099555082328783,0.25404038483477204
EMP00028,Tarun Seth,49,28,Marketing,90000,4000,5400,1485,1780,77335,0,11952,20330,9604,5261,47147,4285,4135,Low,0.6096463438287968,0.05540828861446952,0.053468675244068016,0.26288226546841664
EMP00029,Rajat Mehta,39,16,IT,120425,8064,7226,3752,1971,99412,20926,10391,5733,7831,5841,50722,13758,16431,Medium,0.5102200941536233,0.13839375528105258,0.16528185732104775,0.05766909427433308
EMP00030,Sumit Iyer,36,9,Marketing,70897,2090,4254,1389,1799,61365,17442,10841,7124,3695,3831,42933,6801,1798,Medium,0.6996333414813004,0.11082864825226106,0.029300089627637905,0.11609223498737065
EMP00031,Harsh Bohra,25,2,Marketing,50451,856,3027,993,1965,43610,0,5653,0,7691,2988,16332,5303,2315,Medium,0.37450126117862875,0.12160055033249255,0.05308415501031873,0.0
EMP00032,Karan Banerjee,41,16,Product Management,179937,19984,10796,2662,2043,144452,37800,26145,22247,12439,7333,105964,14689,5142,Low,0.7335585523218785,0.10168775787112674,0.03559659956248443,0.15400963641901808
EMP00033,Ishaan Priya Pandey,32,8,IT,102743,5411,6165,2796,1324,87047,24874,15489,0,6307,6142,52812,14165,4103,Medium,0.6067067216561168,0.1627281813273289,0.04713545555849139,0.0
EMP00034,Sanya Mittal,31,6,IT,97444,4744,5847,1649,1524,83680,23872,11834,0,10513,5852,52071,3594,5496,Low,0.6222633843212237,0.04294933078393882,0.06567877629063097,0.0
EMP00035,Bhavna Maheshwari,58,22,Product Management,200618,25185,12037,3163,1660,158573,35984,24367,10070,7240,8421,86082,5029,972,Medium,0.5428540798244341,0.03171410013053925,0.006129668985262308,0.06350387518682248
EMP00036,Sumit Saini,57,23,HR,70000,2000,4200,2085,1974,59741,0,7341,11278,3551,2769,24939,1002,1489,Low,0.41745200113824676,0.01677240086372843,0.02492425637334494,0.18878157379354213
EMP00037,Shruti Sahu,53,25,IT,145034,12340,8702,3328,1724,118940,26797,20452,18038,7703,5689,78679,19132,5241,Medium,0.6615015974440894,0.16085421220783588,0.04406423406759711,0.15165629729275265
EMP00038,Aisha Chopra,46,18,Customer Support,52213,944,3133,874,1884,45378,0,8308,9314,3054,2325,23001,9684,2594,Medium,0.5068755784741504,0.21340737802459342,0.057164264621622815,0.20525364714178676
EMP00039,Rupal Solanki,51,32,Operations,95000,4500,5700,1244,1784,81772,0,14325,21701,3380,6704,46110,3118,716,Low,0.563884948393093,0.03813041138776109,0.008756053416817492,0.26538423910384973
EMP00040,Siddharth Kapoor,31,11,Operations,72848,2285,4371,1838,1321,63033,0,8162,19483,2840,1297,31782,16053,3239,Medium,0.5042120793869878,0.25467612203131695,0.05138578205067187,0.30909206288769375
EMP00041,Tushar Kulkarni,40,11,Marketing,67924,1792,4075,1654,897,59506,0,8460,0,3886,3700,16046,16319,4285,High,0.26965348032131214,0.2742412529828925,0.07200954525594058,0.0
EMP00042,Yash Rathore,37,15,Customer Support,47861,726,2872,1041,1431,41791,0,6622,10537,1114,2989,21262,409,387,Low,0.5087698308248187,0.009786796200138786,0.009260367064678999,0.25213562728817207
EMP00043,Khushi Bedi,52,25,Data Science,170000,17500,10200,2244,1864,138192,0,26690,0,11344,10149,48183,41977,8310,High,0.34866707189996526,0.3037585388445062,0.06013372698853769,0.0
EMP00044,Divya Lakhotia,34,9,Marketing,60723,1369,3643,2125,1573,52013,0,6571,13036,2699,3443,25749,2302,438,Low,0.4950493145944283,0.044258166227673854,0.008420971680156883,0.25062965027973777
EMP00045,Mayank Thomas,54,30,Operations,95000,4500,5700,2023,1051,81726,23807,15259,0,5207,5441,49714,11271,4224,Medium,0.6083009079118028,0.1379120475735996,0.05168489831877248,0.0
EMP00046,Swati Prateek Sandhu,38,17,Finance,109169,6375,6550,3349,1009,91886,0,11797,17121,4720,2222,35860,30644,5172,Medium,0.3902661994210217,0.333500206777964,0.05628713841063927,0.18632871166445378
EMP00047,Monika Wadhwa,46,22,Finance,120394,8059,7224,2516,1467,101128,0,16203,25848,5518,4919,52488,24181,4567,Medium,0.519025393560636,0.23911280753104977,0.04516058856103156,0.2555968673364449
EMP00048,Karan Vivek Shetty,25,3,Cyber Security,107973,6196,6478,2243,1293,91763,8148,10120,0,7531,5207,31006,19339,21504,High,0.33789217876486166,0.21074943059838933,0.2343428179113586,0.0
EMP00049,Megha Saini,39,10,Product Management,146165,12566,8770,2469,1277,121083,0,13091,23103,18584,8345,63123,10957,6825,Medium,0.5213200862218478,0.09049164622614239,0.05636629419489111,0.19080300289883798
EMP00050,Arjun Joshi,55,31,HR,70000,2000,4200,1902,1814,60084,12976,6876,0,4924,3832,28608,13522,3508,Medium,0.4761334132214899,0.22505159443445844,0.05838492776779176,0.0
EMP00051,Rupal Nair,60,35,IT,150000,13333,9000,3676,2033,121958,0,18926,30800,4827,6642,61195,927,2761,Low,0.5017711015267551,0.007600977385657358,0.022638941274865116,0.25254595844471045
EMP00052,Jyoti Sandhu,27,5,IT,94825,4482,5690,2179,1849,80625,18019,13743,8769,2577,2027,45135,21347,2340,Medium,0.559813953488372,0.264768992248062,0.02902325581395349,0.10876279069767442
EMP00053,Pankaj Banerjee,52,29,Operations,95000,4500,5700,1431,2380,80989,4198,14758,0,10112,5599,34667,9515,4818,Medium,0.4280457839953574,0.11748509056785489,0.059489560310659474,0.0
EMP00054,Jyoti Bohra,31,11,IT,104456,5668,6267,2640,1935,87946,29676,9597,8420,16654,8071,72418,2187,2217,Low,0.8234371091351511,0.02486753234939622,0.025208650762968184,0.09574056807586473
EMP00055,Vivek Tushar D'Souza,53,36,HR,70000,2000,4200,1894,2231,59675,0,4888,12884,3294,1684,22750,20886,2418,Medium,0.3812316715542522,0.3499958106409719,0.04051948051948052,0.2159028068705488
EMP00056,Tanvi Banerjee,46,23,Marketing,89418,3942,5365,1606,1955,76550,0,12662,0,2528,3466,18656,121,938,Medium,0.24370999346832137,0.0015806662312214238,0.01225342913128674,0.0
EMP00057,Akash Rajput,51,33,IT,150000,13333,9000,3010,1898,122759,31739,18622,0,7629,8664,66654,25069,5114,Medium,0.5429662998232309,0.204213133049308,0.04165886004284818,0.0
EMP00058,Rashmi Kapoor,33,7,Marketing,64636,1565,3878,1675,2460,55058,14559,9872,0,3083,2378,29892,10477,2648,Medium,0.5429183769842711,0.19029023938392242,0.048094736459733375,0.0
EMP00059,Tanvi Kapoor,39,17,IT,119377,7907,7163,2955,1328,100024,0,15834,34230,7354,4202,61620,18678,4087,Medium,0.6160521474846037,0.18673518355594657,0.04086019355354715,0.34221786771174917
EMP00060,Priya Reddy,54,26,Customer Support,60000,1333,3600,1286,1026,52755,12332,8210,2661,1598,3387,28188,1939,732,Medium,0.5343190218936593,0.0367548099706189,0.013875462041512653,0.05044071651976116
EMP00061,Bhavna Rawat,26,4,IT,94392,4439,5664,2187,1822,80280,0,12839,7458,5504,3286,29087,22209,6213,Medium,0.3623193821624315,0.276644245142003,0.0773916292974589,0.0928998505231689
EMP00062,Yuvraj D'Souza,55,24,Sales,80730,3073,4844,2173,1878,68762,17629,10573,0,4759,3680,36641,14432,4204,Medium,0.5328669904889328,0.2098833658125127,0.061138419475873305,0.0
EMP00063,Ankit Shukla,30,6,Finance,83812,3381,5029,1938,1687,71777,17985,11104,7459,5060,3927,45535,8807,7651,Medium,0.6343954191454086,0.12269947197570252,0.10659403430068128,0.10391908271451858
EMP00064,Nikita Bhardwaj,50,22,Marketing,85016,3502,5101,2036,1284,73093,20868,12761,2499,4354,4249,44731,12111,3788,Medium,0.6119737868195313,0.1656930212195422,0.05182438810830038,0.03418932045476311
EMP00065,Pankaj Agarwal,27,3,Operations,54889,1078,3293,820,1605,48093,12044,5309,7234,4724,3257,32568,7201,1639,Low,0.6771879483500718,0.14973073004387333,0.03407980371363816,0.15041690058844323
EMP00066,Siddharth Roy,23,2,Data Science,97512,4751,5851,1313,1630,83967,0,8738,6319,7815,2711,25583,16190,18919,High,0.30467921921707336,0.1928138435337692,0.2253147069682137,0.07525575523717651
EMP00067,Aditi Bedi,31,9,HR,52818,974,3169,1042,1649,45984,0,8185,2460,3486,3505,17636,11000,2630,Medium,0.3835247042449548,0.23921363952679192,0.057193806541405705,0.05349686847599165
EMP00068,Ashish Megha Chopra,28,6,Marketing,61493,1408,3690,1379,2242,52774,14291,8450,18373,1184,4307,46605,318,289,Low,0.8831053170121651,0.0060256944707621175,0.005476181452988214,0.34814491984689433
EMP00069,Reema Mundra,56,37,Data Science,170000,17500,10200,3973,1663,136664,39222,22280,0,9299,7872,78673,28337,5988,Medium,0.5756673300942458,0.20734794825264882,0.04381548908271381,0.0
EMP00070,Vidhi Shukla,27,5,Sales,49707,819,2982,867,1716,43323,9717,6386,0,2504,1844,20451,6768,8991,High,0.4720587216951735,0.15622186829166956,0.20753410428640676,0.0
EMP00071,Lakshay Gill,25,0,Marketing,50000,833,3000,1187,1585,43395,0,4026,6097,2972,2047,15142,16229,2721,Medium,0.3489342090102546,0.37398317778545914,0.06270307639128932,0.14050005761032378
EMP00072,Gaurav Varun Nair,47,20,Sales,77163,2716,4630,2135,1483,66199,0,11354,0,3790,2983,18127,17359,5137,Medium,0.27382588860858925,0.26222450490188676,0.07759935950694119,0.0
EMP00073,Sumit Bagri,50,16,Operations,76813,2681,4609,1497,1531,66495,0,11289,14241,3813,4485,33828,11562,4335,Medium,0.5087299796977216,0.17387773516805774,0.06519287164448455,0.2141664786826077
EMP00074,Rahul Jain,57,26,Sales,85000,3500,5100,1690,1917,72793,0,8834,17366,5715,5331,37246,2274,303,Low,0.5116700781668567,0.03123926751198604,0.004162488151333232,0.23856689516849147
EMP00075,Krishna Iyer,30,5,Sales,50288,848,3017,865,1901,43657,2783,6327,2674,1537,912,14233,18484,2288,Medium,0.3260187369723068,0.42339143779920746,0.05240854845729207,0.061250200426048514
EMP00076,Diya Singh,60,32,Operations,95000,4500,5700,2171,1765,80864,0,13291,18538,4048,4930,40807,3223,1262,Low,0.5046374159081916,0.039857043925603484,0.015606450336367234,0.22924910961614564
EMP00077,Krishna Pandey,41,22,IT,133458,10025,8007,2896,1623,110907,0,14611,29673,2492,2929,49705,32101,5674,Medium,0.44816828513980184,0.2894407025706222,0.051159980884885534,0.26754848656982877
EMP00078,Gaurav Pandey,46,28,Sales,85000,3500,5100,1520,1798,73082,4115,11375,7606,4930,3028,31054,16484,5358,Medium,0.42491995292958595,0.22555485618893845,0.07331490654333489,0.10407487479817192
EMP00079,Akash Saurabh Pawar,52,31,Sales,85000,3500,5100,1574,932,73894,0,10826,16815,12107,5895,45643,3329,4922,Low,0.6176820851489973,0.04505101902725526,0.06660892629983489,0.22755568787722955
EMP00080,Reema Yadav,43,23,Customer Support,59149,1291,3549,720,922,52667,0,8605,17819,2916,2536,31876,9199,2716,Medium,0.6052366757172423,0.17466345149714244,0.0515692938652287,0.338333301687964
EMP00081,Aisha Mukherjee,59,32,Sales,85000,3500,5100,2035,1474,72891,0,13051,13451,2644,6076,35222,2949,1347,Low,0.48321466298994387,0.040457669671152816,0.01847964769313084,0.1845358137492969
EMP00082,Shruti Bhatia,59,37,IT,150000,13333,9000,3882,1136,122649,0,16575,26328,4249,4647,51799,42108,6750,Medium,0.42233528198354653,0.3433211848445564,0.0550351001638823,0.21466135068365824
EMP00083,Ananya Seth,25,1,Sales,46585,663,2795,860,2118,40149,4034,5323,0,7569,2866,19792,2788,2737,Medium,0.49296371017958107,0.06944133104186903,0.06817106279110315,0.0
EMP00084,Rakesh Narang,41,27,Cyber Security,177938,19484,10676,3347,1807,142624,42066,27854,0,9178,7602,86700,25564,5606,Medium,0.6078920798743549,0.17924052052950415,0.03930614763293695,0.0
EMP00085,Riya Chaudhary,50,25,Data Science,167241,16810,10034,3625,1032,135740,0,22630,25644,8758,8634,65666,25583,10103,Medium,0.48376307646972155,0.18847060556947104,0.07442905554736998,0.18891999410637986
EMP00086,Neha Thomas,32,11,Sales,63555,1511,3813,1528,959,55744,16858,8164,9129,12211,3666,50028,1289,792,Low,0.8974598163030999,0.023123564867967853,0.01420780711825488,0.1637665040183697
EMP00087,Vivaan Goel,33,9,Operations,63344,1501,3801,1491,2183,54368,12718,7806,6844,1497,2563,31428,1690,840,Low,0.5780606238964097,0.031084461447910536,0.015450264861683343,0.12588287227781048
EMP00088,Aisha Preeti Seth,33,11,Operations,65127,1590,3908,1688,905,57036,15190,8020,8291,4404,2643,38548,219,280,Low,0.6758538466933165,0.0038396802019776983,0.004909180166912126,0.1453643312995301
EMP00089,Garima Mittal,47,25,Sales,85000,3500,5100,1576,1475,73349,5586,13534,0,3440,5804,28364,3714,1572,Medium,0.3866992051698046,0.05063463714570069,0.021431785027744073,0.0
EMP00090,Garima Diya Gill,27,6,HR,46856,676,2811,1162,2133,40074,8746,4304,6808,2510,858,23226,8869,1528,Medium,0.5795777811049558,0.22131556620252532,0.038129460498078555,0.16988571143384737
EMP00091,Bhavna Mittal,58,23,Sales,77973,2797,4678,1963,1156,67379,20440,10570,0,3772,3870,38652,13368,3480,Medium,0.5736505439380223,0.19840009498508437,0.051648139628074026,0.0
EMP00092,Aman Naidu,48,20,Product Management,197806,24452,11868,2364,1497,157625,0,22415,34340,6369,4872,67996,21937,36195,Medium,0.4313782712133228,0.13917208564631245,0.2296272799365583,0.2178588421887391
EMP00093,Vidhi Rathore,56,35,Sales,85000,3500,5100,1393,1201,73806,0,11176,14551,1669,5079,32475,2907,94,Low,0.4400048776522234,0.03938704170392651,0.0012736091916646342,0.1971519930628946
EMP00094,Nikita Dev Joshi,36,16,Data Science,137323,10798,8239,3379,1714,113193,25555,14892,15753,7054,4007,67261,13863,16393,Medium,0.5942151899852465,0.1224722376825422,0.14482344314577755,0.13916938326574965
EMP00095,Preeti Bhardwaj,25,2,Customer Support,36739,170,2204,909,1599,31857,0,3441,1115,1557,975,7088,14448,2095,Medium,0.22249427127475907,0.4535266974291364,0.06576262673823649,0.03500015695137646
EMP00096,Priya Divya Sandhu,43,25,IT,144616,12257,8677,2749,962,119971,27768,18788,21079,4911,7054,79600,13900,11209,Medium,0.6634936776387627,0.11586133315551259,0.0934309124705137,0.17570079435863667
EMP00097,Garima Trivedi,52,29,Marketing,90000,4000,5400,1994,1892,76714,0,12297,26606,10580,7198,56681,4751,2095,Low,0.7388612248090309,0.06193132935318195,0.027309226477566024,0.3468206585499387
EMP00098,Kavya Mohanty,36,10,IT,102383,5357,6143,2601,1662,86620,0,12590,22787,5819,4921,46117,10900,16180,Medium,0.5324059108750866,0.12583698914800276,0.18679288847841144,0.2630685753867467
EMP00099,Megha George,44,17,IT,129527,9429,7772,2320,1037,108969,11875,15979,0,5382,5907,39143,28348,8784,High,0.35921225302609,0.26014738136534243,0.08061008176637392,0.0
EMP00100,Pooja Roy,52,37,IT,150000,13333,9000,2762,1055,123850,0,19830,0,8857,6364,35051,39335,8668,Medium,0.28301170771094064,0.31760193782801777,0.06998788857488898,0.0
EMP00101,Rohan Sandhu,44,19,Operations,82847,3285,4971,1913,1033,71645,0,10213,13580,3310,2971,30074,17667,4623,Medium,0.41976411473236097,0.24659082978574917,0.06452648475120386,0.1895456765999023
EMP00102,Prateek Chaudhary,28,6,Customer Support,43431,505,2606,943,913,38464,7569,4524,1552,2156,1771,17572,13876,1704,Medium,0.45684276206322794,0.36075291181364394,0.04430116472545757,0.040349417637271213
EMP00103,Diya Rawat,41,17,Sales,72637,2264,4358,1973,1209,62833,0,10767,19524,10944,4707,45942,3649,1363,Low,0.7311762927124282,0.05807457864497955,0.02169242277147359,0.31072843887765983
EMP00104,Aman Pawar,53,29,Finance,130000,9500,7800,2375,1650,108675,0,11934,25412,6026,2283,45655,35395,5138,Medium,0.4201058201058201,0.32569588221762136,0.047278582930756846,0.23383482861743732
EMP00105,Varun Pawar,39,9,IT,103403,5510,6204,2411,1382,87896,0,13247,27464,14897,7768,63376,6103,2289,Low,0.7210339492127059,0.06943433148266133,0.02604214071175025,0.312460180212979
EMP00106,Tarun Abhishek Mathew,32,7,Cyber Security,117082,7562,7025,2813,1625,98057,23149,10417,7594,8987,5855,56002,19792,4073,Medium,0.5711167994125865,0.20184178590003773,0.04153706517637701,0.07744475152207389
EMP00107,Rashmi Hemant Behera,43,21,Operations,91401,4140,5484,1405,1368,79004,6666,11741,3856,3652,2609,28524,26390,4972,Medium,0.3610450103792213,0.3340337198116551,0.06293352235329856,0.04880765530859197
EMP00108,Sneha Sabharwal,57,22,Customer Support,60000,1333,3600,1270,2250,51547,9855,6481,0,1820,1798,19954,19173,3010,Medium,0.3871030321842202,0.37195181096863056,0.05839331095893068,0.0
EMP00109,Aakash Wadhwa,48,23,IT,140234,11380,8414,2374,1509,116557,31040,21430,8137,6378,5152,72137,17026,6155,Medium,0.6188989078305035,0.14607445284281512,0.05280678123150047,0.06981133694244018
EMP00110,Sneha Jindal,36,15,Finance,102830,5424,6170,2250,1505,87481,21751,14514,0,5350,5187,46802,17143,4562,Medium,0.534996170597044,0.19596255186840572,0.05214846652415953,0.0
EMP00111,Atharv Nitin Sabharwal,50,20,IT,134471,10228,8068,3838,1864,110473,28210,18838,6852,7594,4930,66424,19475,4171,Medium,0.601269088374535,0.17628741864527983,0.03775583174169254,0.0620242050093688
EMP00112,Garima Jain,35,8,Cyber Security,125610,8842,7537,2582,1356,105293,27353,13116,14604,9575,6921,71569,14926,4349,Low,0.6797128014207972,0.14175681194381393,0.04130379037542856,0.1386986789245249
EMP00113,Bhavna Chopra,41,24,Sales,79178,2918,4751,1387,1909,68213,17391,10847,0,3219,3152,34609,561,477,Medium,0.5073666309940921,0.008224238781463944,0.0069928019585709465,0.0
EMP00114,Shreya Chopra,25,2,Customer Support,38171,242,2290,958,2024,32657,9312,3299,0,4997,2313,19921,2301,1219,Medium,0.6100070429004502,0.07045962580763696,0.03732737238570597,0.0
EMP00115,Nikhil Nikita Pradhan,51,37,Sales,85000,3500,5100,1755,1945,72700,0,13179,25437,10538,5731,54885,3964,1993,Low,0.7549518569463549,0.05452544704264099,0.027414030261348005,0.34988995873452544
EMP00116,Simran Narang,37,11,Operations,73454,2345,4407,1638,1178,63886,0,10537,22132,7935,5331,45935,4360,2058,Low,0.7190151206837179,0.06824656419246783,0.032213630529380456,0.34642957768525184
EMP00117,Charu Jadhav,28,3,Customer Support,42244,446,2535,764,1537,36962,0,4571,10108,7119,2963,24761,1358,1946,Low,0.6699042259617985,0.036740436123586385,0.052648666197716576,0.27347005032195226
EMP00118,Shreya Seth,39,13,HR,55414,1104,3325,1074,2064,47847,0,9052,11239,3062,2952,26305,7962,3195,Medium,0.5497732355215583,0.1664054172675403,0.06677534641670324,0.23489455974251258
EMP00119,Atharv Kulkarni,43,25,Marketing,90000,4000,5400,1327,2058,77215,24846,14877,5692,3929,3712,53056,871,96,Low,0.6871203781648644,0.011280191672602474,0.0012432817457747848,0.07371624684322994
EMP00120,Divya Wadhwa,25,3,Sales,47195,693,2832,1060,1085,41525,12073,5499,0,8993,3308,29873,1396,1098,Low,0.7193979530403372,0.033618302227573754,0.026441902468392536,0.0
EMP00121,Akash Reddy,46,16,Marketing,78264,2826,4696,1591,1356,67795,15690,9393,0,3010,4088,32181,1576,370,Medium,0.47468102367431225,0.02324655210561251,0.005457629618703444,0.0
EMP00122,Pankaj Shinde,29,6,Marketing,57300,1198,3438,1030,1903,49731,12023,9411,0,1416,3479,26329,441,450,Medium,0.5294283243851924,0.008867708270495265,0.009048681908668638,0.0
EMP00123,Nikhil Solanki,25,1,Sales,48365,752,2902,1155,1845,41711,3152,5383,0,8725,3840,21100,2113,1975,Medium,0.5058617630840785,0.05065809978183213,0.04734962000431541,0.0
EMP00124,Shruti Suri,25,3,Sales,52128,940,3128,905,2017,45138,10504,5986,0,4150,2670,23310,10372,2499,Medium,0.5164163232752891,0.229784217289202,0.05536355177455802,0.0
EMP00125,Namrata Rahul Solanki,26,4,Marketing,57162,1191,3430,932,1574,50035,10307,6343,0,2728,2507,21885,13326,2608,Medium,0.4373938243229739,0.2663335665034476,0.05212351354052164,0.0
EMP00126,Arjun Khanna,39,9,Operations,62214,1444,3733,1469,1416,54152,11029,7331,0,2718,2335,23413,16079,3285,High,0.4323570689909883,0.296923474663909,0.060662579406116114,0.0
EMP00127,Vivaan Aakash Rajput,22,0,Operations,50000,833,3000,791,2226,43150,12125,5571,3077,7165,2641,30579,2527,1057,Low,0.7086674391657011,0.05856315179606025,0.024495944380069527,0.07130938586326767
EMP00128,Sneha Daga,24,3,IT,83551,3355,5013,1766,1592,71825,0,8724,0,12471,6689,27884,5682,7271,Medium,0.3882213713887922,0.07910894535328925,0.10123216150365472,0.0
EMP00129,Dhruv Agarwal,37,10,IT,106067,5910,6364,3996,777,89020,0,12686,0,5358,5892,23936,32274,5389,Medium,0.2688833969894406,0.3625477420804314,0.06053695798696922,0.0
EMP00130,Shivam Shetty,36,16,HR,54525,1060,3272,958,1022,48213,0,4093,0,3473,1419,8985,26141,2390,High,0.1863605251695601,0.5421981623213656,0.04957169228216456,0.0
EMP00131,Manish Chopra,50,19,Data Science,146518,12637,8791,2416,1868,120806,31467,15094,0,10532,8179,65272,21971,7400,Medium,0.5403042895220436,0.18187010578944754,0.06125523566710263,0.0
EMP00132,Gaurav Bedi,42,17,IT,116423,7463,6985,2732,1171,98072,5554,14271,0,5314,4145,29284,32134,6313,Medium,0.29859694918019414,0.3276572314218125,0.06437107431274981,0.0
EMP00133,Shruti Simran Mundra,34,11,Finance,89542,3954,5373,1222,1642,77351,0,8615,0,6695,5562,20872,23437,7350,High,0.2698349084045455,0.302995436387377,0.09502139597419555,0.0
EMP00134,Varun Somani,49,17,Finance,108801,6320,6528,3457,1646,90850,0,12947,26278,6162,3957,49344,20716,4249,Medium,0.543137039075399,0.22802421574023116,0.046769400110071545,0.28924600990643917
EMP00135,Rohit Thomas,23,3,Operations,56948,1181,3417,957,1515,49878,0,7059,16093,9277,4881,37310,3141,1861,Low,0.7480251814427202,0.0629736557199567,0.0373110389350014,0.32264725931272303
EMP00136,Jyoti Joshi,39,16,Operations,84045,3404,5043,2066,1932,71600,5174,11498,0,4595,4144,25411,18603,5704,High,0.3549022346368715,0.25981843575418995,0.07966480446927374,0.0
EMP00137,Avantika Mathew,31,8,Operations,59621,1314,3577,746,1195,52789,0,8221,2052,2380,2486,15139,19273,3028,Medium,0.28678323135501715,0.36509500085245034,0.05736043493909716,0.038871734641686716
EMP00138,Ishaan Sandhu,29,6,Operations,63586,1513,3815,1303,1586,55369,0,8112,5394,4633,3970,22109,3089,1187,Medium,0.39930285900052376,0.05578934060575412,0.021437988766277158,0.09741913345012553
EMP00139,Mohit Bhardwaj,36,18,Sales,73234,2323,4394,1381,2146,62990,18395,10097,0,6719,4718,39929,5546,1998,Medium,0.6338942689315764,0.08804572154310208,0.03171932052706779,0.0
EMP00140,Rahul Sabharwal,42,17,Sales,73605,2360,4416,1657,1169,64003,11802,5629,0,5844,3335,26610,10244,12916,High,0.4157617611674453,0.16005499742199583,0.20180304048247738,0.0
EMP00141,Riya Pradhan,56,34,IT,150000,13333,9000,3124,1257,123286,0,20954,37159,5761,9446,73320,1689,2378,Low,0.5947147283552066,0.01369985237577665,0.01928848368833444,0.3014048634881495
EMP00142,Tushar Ashish Pandey,49,25,IT,136860,10705,8212,3038,2345,112560,26046,17780,10781,6435,5002,66044,20900,5380,Medium,0.5867448471926083,0.18567874911158494,0.04779673063255153,0.09578002842928215
EMP00143,Abhishek Bohra,34,6,IT,88974,3897,5338,1515,2168,76056,16197,11925,0,4095,2908,35125,11041,13308,Medium,0.46183075628484277,0.14516934890080993,0.17497633322814768,0.0
EMP00144,Avantika Chatterjee,28,2,Sales,48299,748,2898,983,1899,41771,14202,6610,7113,6531,3328,37784,937,549,Low,0.9045510042852697,0.022431830695937374,0.013143089703382729,0.17028560484546695
EMP00145,Priya Dubey,31,6,Customer Support,38370,252,2302,1113,849,33854,9589,6453,2557,2882,1564,23045,4412,1214,Medium,0.6807171973769717,0.13032433390441306,0.0358598688485851,0.07553021799491937
EMP00146,Nandini Swain,51,22,Operations,89275,3928,5356,1353,2158,76480,0,11154,20730,4671,4052,40607,14617,4221,Medium,0.5309492677824268,0.1911218619246862,0.05519089958158996,0.2710512552301255
EMP00147,Rishabh Muskan Parmar,60,37,IT,150000,13333,9000,2279,1457,123931,24187,18326,8941,5525,4897,61876,43097,3276,Medium,0.499277823950424,0.34774995763771777,0.026434064116322792,0.07214498390233275
EMP00148,Muskan Kartik Mundra,42,19,Marketing,80260,3026,4816,1958,1877,68583,0,10577,22270,11242,4036,48125,2637,3266,Low,0.7017045040316113,0.03844976160272954,0.04762113060087777,0.3247160375020049
EMP00149,Vihaan Gill,25,1,IT,81437,3144,4886,1717,928,70762,0,9195,0,6980,5033,21208,19267,7060,High,0.29970888329894574,0.27227890675786437,0.09977106356519036,0.0
EMP00150,Nikita Chaudhary,25,1,Operations,55114,1089,3307,805,1997,47916,0,5896,6714,3468,2056,18134,14020,2846,Medium,0.3784539610985892,0.29259537524000334,0.05939560898238584,0.14012021036814426
EMP00151,Pankaj Shetty,39,14,Operations,77497,2750,4650,1733,2422,65942,21577,11690,0,8730,4533,46530,2127,3437,Low,0.7056200903824573,0.032255618573898276,0.05212156137211489,0.0
EMP00152,Rashmi Goel,38,18,Marketing,79707,2971,4782,2121,1489,68344,0,11300,16813,3837,4602,36552,13855,3031,Medium,0.534823832377385,0.20272445276834836,0.04434917476296383,0.24600550158024112
EMP00153,Charu Pillai,36,18,Sales,76223,2622,4573,1507,2262,65259,16676,8106,7924,5594,2651,40951,9803,3255,Medium,0.6275149787768737,0.150216828330192,0.04987817772261297,0.12142386490752233
EMP00154,Dev Menon,43,20,Cyber Security,160728,15479,9644,3395,1900,130310,0,16785,42380,5613,4581,69359,15931,23135,Medium,0.532261530197222,0.12225462358990101,0.17753817819046888,0.3252244647379326
EMP00155,Sonali Shukla,51,26,Finance,129211,9382,7753,2562,798,108716,0,16152,33980,2636,6330,59098,2131,1019,Low,0.5435998381103058,0.0196015305934729,0.009373045365907502,0.31255748923801463
EMP00156,Vivaan Seth,56,28,Marketing,90000,4000,5400,1892,1192,77516,0,12382,24809,4463,3689,45343,14773,3648,Medium,0.584950203828887,0.19058000928840496,0.04706125187058156,0.3200500541823624
EMP00157,Ayush Nagpal,43,21,Operations,86257,3626,5175,1368,1330,74758,20909,11485,0,3092,3247,38733,3158,420,Medium,0.5181117739907435,0.04224297065197036,0.005618127825784532,0.0
EMP00158,Aditya Patel,25,0,Sales,45000,583,2700,763,1980,38974,8916,3657,0,2414,2391,17378,904,930,Medium,0.44588700159080413,0.02319495047980705,0.02386206188741212,0.0
EMP00159,Charu Reddy,54,25,Cyber Security,176062,19016,10564,3902,1703,140877,0,20878,0,8435,5643,34956,47743,14003,High,0.2481313486232671,0.33889847171646187,0.09939876629967986,0.0
EMP00160,Ishaan Bhatia,31,6,Operations,65539,1610,3932,1436,1524,57037,12596,6839,0,3736,2268,25439,2396,67,Medium,0.44600873117450074,0.04200781948559707,0.0011746760874520048,0.0
EMP00161,Ashish Bedi,30,7,Sales,57955,1231,3477,1149,1785,50313,0,6094,16332,10663,4724,37813,2744,1086,Low,0.7515552640470654,0.05453858843638821,0.02158487865959096,0.32460795420666627
EMP00162,Simran Thomas,32,6,HR,46526,660,2792,1012,1036,41026,0,6164,13575,1470,969,22178,11893,1052,Medium,0.540584019889826,0.2898893384682884,0.025642275630088238,0.33088772973236485
EMP00163,Preeti Nagpal,55,29,Product Management,220000,31000,13200,2395,1934,171471,0,29723,0,19109,15698,64530,13211,17329,Medium,0.37633185786517837,0.07704509800491045,0.10106082078019024,0.0
EMP00164,Ashish Deepak Somani,26,5,Finance,81510,3151,4891,1612,1299,70557,15634,9430,0,2993,1745,29802,23738,3501,Medium,0.4223819039925167,0.3364372067973412,0.04961945660954972,0.0
EMP00165,Nandini Bohra,22,0,Operations,50000,833,3000,1035,1874,43258,0,5247,0,4038,2560,11845,14368,2751,High,0.27382218317998985,0.3321466549539969,0.06359517314716354,0.0
EMP00166,Trisha Bajaj,43,20,Operations,82785,3278,4967,1246,2151,71143,21157,9669,0,8615,5131,44572,5772,3571,Medium,0.626512798167072,0.08113236720408191,0.05019467832393911,0.0
EMP00167,Swati Jindal,28,5,IT,95707,4571,5742,1668,1470,82256,6605,10259,0,8599,5595,31058,23232,4681,High,0.37757731958762886,0.28243532386695197,0.05690770278156001,0.0
EMP00168,Kunal More,60,32,Sales,85000,3500,5100,1480,1580,73340,0,9911,21947,8071,4680,44609,14088,3123,Low,0.6082492500681757,0.1920916280338151,0.04258249250068176,0.2992500681756204
EMP00169,Dev Tayal,34,8,Sales,61615,1414,3697,1865,2221,52418,13994,9007,0,3933,3322,30256,10728,2326,Medium,0.5772063031782976,0.20466252050822237,0.04437406997596246,0.0
EMP00170,Yash Patel,22,0,IT,80000,3000,4800,1493,1376,69331,14711,8200,5089,6715,4075,38790,9509,10774,Medium,0.5594899828359609,0.13715365420951667,0.1553994605587688,0.07340150870461987
EMP00171,Trisha Wadhwa,37,16,Operations,80221,3022,4813,1596,2103,68687,21303,11633,0,2877,5043,40856,1023,789,Low,0.5948141569729352,0.014893647997437653,0.011486889804475374,0.0
EMP00172,Vaishnavi Kapoor,34,9,HR,50352,851,3021,761,1690,44029,10373,5586,0,3822,3195,22976,9253,2683,Medium,0.5218378795793681,0.2101569420154898,0.06093710963228781,0.0
EMP00173,Kavya Garima Bedi,41,22,Operations,86769,3677,5206,2179,1099,74608,0,9803,0,2919,2190,14912,33353,6455,High,0.19987132747158481,0.4470432125241261,0.08651887197083423,0.0
EMP00174,Pankaj Naidu,57,22,IT,139009,11135,8341,2699,1767,115067,0,18495,30823,8004,6068,63390,22030,5890,Low,0.5508964342513493,0.19145367481554226,0.05118756898154988,0.2678700235514961
EMP00175,Aisha Mehta,40,18,Data Science,140617,11457,8437,3292,1067,116364,0,14228,34847,7940,6103,63118,15813,22009,Medium,0.5424186174418205,0.13589254408579973,0.18913925268983534,0.29946547042040494
EMP00176,Ishaan Patel,51,32,IT,150000,13333,9000,3377,1665,122625,0,18377,22195,8459,4949,53980,31707,5709,Medium,0.440203873598369,0.25856880733944954,0.0465565749235474,0.18099898063200814
EMP00177,Akash Bajaj,26,4,Customer Support,35933,130,2156,844,1996,30807,5836,4207,0,1128,1514,12685,9583,1859,High,0.411757068198786,0.31106566689388776,0.06034342844158795,0.0
EMP00178,Ananya Aarav Yadav,45,15,Sales,69730,1973,4184,1750,1547,60276,19505,9887,5931,8483,3982,47788,1464,1842,Low,0.7928196960647688,0.024288273939876568,0.03055942663746765,0.09839737208839339
EMP00179,Kavya Menon,58,23,Operations,90001,4000,5400,1268,1182,78151,0,12024,22298,12443,5260,52025,4379,3515,Low,0.6656984555539917,0.056032552366572404,0.04497703164386892,0.2853194456884749
EMP00180,Yuvraj Gaurav Tiwari,58,33,Operations,95000,4500,5700,1957,1717,81126,0,10341,18816,8425,3950,41532,17461,5183,Medium,0.5119443828119222,0.21523309419914702,0.0638882725636664,0.2319355077287183
EMP00181,Namrata Ishaan Lodha,30,6,Data Science,113389,7008,6803,3493,2097,93988,23987,17088,14805,5790,4434,66104,12989,3326,Low,0.7033238285738604,0.1381984934246925,0.03538749627612035,0.15752010895007873
EMP00182,Tanvi Verma,54,24,Finance,129103,9365,7746,3601,1234,107157,0,19761,28096,6719,5149,59725,20071,4276,Medium,0.5573597618447699,0.18730460912492886,0.03990406599662178,0.2621947236298142
EMP00183,Rakesh Das,45,18,IT,124113,8617,7447,3131,1155,103763,11214,18069,13949,11870,8977,64079,6143,5545,Low,0.617551535711188,0.05920222044466717,0.05343908715052572,0.1344313483611692
EMP00184,Rohit Kohli,46,18,Sales,75617,2562,4537,1206,1827,65485,14498,7065,0,3304,3037,27904,3048,1244,Medium,0.42611285027105444,0.046545010307704054,0.018996716805375277,0.0
EMP00185,Simran Pandey,52,37,HR,70000,2000,4200,1244,1287,61269,13095,10073,7386,4503,3367,38424,11006,2638,Medium,0.6271360720756011,0.1796340726958168,0.04305603159836133,0.12055035988836116
EMP00186,Neha Thomas,35,12,Sales,68243,1824,4095,1346,1676,59302,14474,8848,1861,1474,1261,27918,18973,2990,Medium,0.47077670230346363,0.3199386192708509,0.05041988465819028,0.03138174091936191
EMP00187,Amit Dubey,48,28,IT,149040,13141,8942,3997,2303,120657,0,15848,40953,24023,10071,90895,4854,4670,Low,0.7533338306107396,0.04022974216166488,0.03870475811598167,0.3394166936025262
EMP00188,Trisha Ahuja,52,34,Finance,130000,9500,7800,2400,1406,108894,0,16154,23100,4300,4551,48105,37422,3780,Medium,0.4417598765772219,0.34365529781255166,0.034712656344702185,0.21213289988429115
EMP00189,Mansi Arora,22,3,Sales,48331,750,2900,1033,1563,42085,0,5114,10532,7746,3187,26579,2412,2036,Low,0.6315551859332303,0.057312581679933465,0.048378282048235716,0.25025543542829987
EMP00190,Jyoti Chopra,44,27,Marketing,90000,4000,5400,1657,1287,77656,20538,13199,6075,3935,3352,47099,11361,4657,Medium,0.6065081899660039,0.14629906253219327,0.05996960956011126,0.07822962810343051
EMP00191,Deepak Ayaan Sandhu,49,16,IT,122976,8446,7379,3457,1787,101907,0,17958,21838,7559,6952,54307,18702,4432,Medium,0.5329074548362723,0.1835202684800848,0.043490633616925234,0.2142934243967539
EMP00192,Ayaan Gill,36,17,IT,114668,7200,6880,2377,1668,96543,0,14660,0,12552,7763,34975,11320,7954,Medium,0.3622738054545643,0.11725345182975462,0.08238815864433464,0.0
EMP00193,Muskan Saxena,44,28,Cyber Security,179865,19966,10792,2734,1933,144440,52903,21757,0,30692,13060,118412,5313,4073,Low,0.8198006092495154,0.03678343949044586,0.028198559955690945,0.0
EMP00194,Anjali Swain,43,27,HR,70000,2000,4200,1269,1377,61154,0,9117,13994,1969,2615,27695,19018,2967,Medium,0.45287307453314585,0.3109853811688524,0.048516859077084085,0.22883212872420447
EMP00195,Vivek Pradhan,33,12,Finance,103306,5496,6198,2589,1437,87586,19358,13571,7206,6393,4965,51493,16224,4200,Medium,0.5879135934966776,0.18523508323248009,0.047952869180005936,0.08227342269312447
EMP00196,Sumit Mathew,24,3,Finance,81224,3122,4873,2089,1365,69775,6305,9368,0,4240,3705,23618,19634,5023,Medium,0.33848799713364386,0.2813901827302042,0.071988534575421,0.0
EMP00197,Rupal Das,33,12,Product Management,162161,15766,9730,3580,2090,130995,0,11115,23036,9860,4361,48372,21779,29437,High,0.3692660025191801,0.1662582541318371,0.22471850070613383,0.17585404023054316
EMP00198,Khushi Malhotra,47,19,HR,61786,1423,3707,1938,1995,52723,0,8403,0,1456,3453,13312,3924,1507,Medium,0.2524894258672686,0.07442672078599473,0.028583350719799706,0.0
EMP00199,Vikram Saini,55,32,Operations,95000,4500,5700,1301,1158,82341,25139,11384,11178,12474,5584,65759,2682,1878,Low,0.7986179424587994,0.03257186577768062,0.022807592815243926,0.13575254126134004
EMP00200,Lokesh Bedi,58,27,Product Management,215385,29616,12923,2360,1890,168596,0,16733,46731,17086,5752,86302,18459,28448,Medium,0.5118864029988849,0.10948658331158509,0.16873472680253387,0.2771773944814824
EMP00201,Tarun Sahu,42,25,Cyber Security,171641,17910,10298,3799,2292,137342,13864,18199,0,7581,4026,43670,21080,30532,High,0.3179653711173567,0.15348545965545862,0.22230635930742235,0.0
EMP00202,Anurag Bose,57,23,IT,130920,9638,7855,3465,1520,108442,25337,19295,6851,8429,5532,65444,18120,6157,Medium,0.6034931115250549,0.16709393039597203,0.05677689456114789,0.06317662898139097
EMP00203,Ayush Wadhwa,56,30,Sales,85000,3500,5100,1846,2161,72393,0,11340,0,4439,3577,19356,20630,5845,High,0.2673739173677013,0.28497230395203954,0.08073985053803545,0.0
EMP00204,Pooja Verma,30,4,Cyber Security,108621,6293,6517,2813,1423,91575,29347,13523,6021,13025,7998,69914,2883,2027,Low,0.7634616434616435,0.03148239148239148,0.022134862134862134,0.06574938574938576
EMP00205,Aditi Narang,37,16,Marketing,76895,2690,4614,2028,1333,66230,0,11207,18933,7827,4135,42102,2592,3306,Low,0.6356937943530122,0.039136343046957574,0.04991695606220746,0.2858674316774875
EMP00206,Namrata Verma,39,10,Marketing,65703,1618,3942,1422,1628,57093,0,8383,17562,3227,2848,32020,10251,3028,Medium,0.560839332317447,0.17954915663916768,0.05303627414919517,0.30760338395249853
EMP00207,Mayank Bhardwaj,33,8,Operations,64819,1574,3889,1454,1529,56373,14932,8277,0,5969,2934,32112,9667,3107,Medium,0.5696343994465436,0.17148280205062708,0.05511503734057084,0.0
EMP00208,Swati Goel,55,25,Data Science,170000,17500,10200,2646,1638,138016,0,16451,25052,2803,5735,50041,52350,7468,Medium,0.3625739044748435,0.37930384882912127,0.05410966844423835,0.18151518664502667
EMP00209,Ankit Nandini Mathew,45,27,IT,147238,12781,8834,2322,1127,122174,0,20731,37708,8577,6148,73164,18572,6664,Low,0.5988508193232602,0.15201270319380555,0.054545156907361635,0.30864177320870234
EMP00210,Ananya Bajaj,24,3,Marketing,56687,1168,3401,795,1718,49605,13605,5520,5435,4722,2740,32022,6156,2443,Medium,0.6455397641366798,0.12410039310553371,0.049249067634311056,0.10956556798709807
EMP00211,Aditya Kumawat,46,26,Data Science,170000,17500,10200,2856,2104,137340,0,18248,34289,7183,4757,64477,21774,20883,Medium,0.4694699286442406,0.15854084753167322,0.15205329838357362,0.24966506480267947
EMP00212,Rajat Komal Kulkarni,24,1,IT,87663,3766,5260,1701,1100,75836,0,7277,0,6317,1845,15439,39874,3203,Medium,0.20358404979165567,0.5257924996044095,0.04223587741969513,0.0
EMP00213,Sanya Aditi Sabharwal,57,35,Operations,95000,4500,5700,1951,950,81899,7143,12631,0,2350,5564,27688,970,1994,Medium,0.3380749459700363,0.011843856457343802,0.02434706162468406,0.0
EMP00214,Rupal Bagri,58,33,Marketing,90000,4000,5400,1763,1754,77083,0,14751,26938,6311,4387,52387,10989,3188,Low,0.6796180740241039,0.14256061647834153,0.04135801668331539,0.3494674571565715
EMP00215,Megha Chaudhary,42,24,Data Science,161895,15712,9714,2937,2239,131293,6714,10730,0,6306,6223,29973,55013,8404,High,0.22829092183132382,0.41900939120897535,0.06400950545725971,0.0
EMP00216,Khushi Pradhan,39,16,Sales,67249,1725,4035,1359,1556,58574,0,9156,12708,2942,2797,27603,13082,3557,Medium,0.471250042681053,0.2233414142793731,0.060726602246730634,0.21695632874654283
EMP00217,Vikram Khandelwal,58,25,Sales,83290,3329,4997,1998,1511,71455,0,11279,23181,11509,5636,51605,3867,1685,Low,0.7222027849695613,0.054117976348750964,0.023581274928276538,0.3244139668322721
EMP00218,Rupal Chauhan,58,26,Finance,129627,9444,7778,3112,2312,106981,21896,13827,0,5613,3767,45103,16075,22301,High,0.42159822772267974,0.15026032660005048,0.2084575765790187,0.0
EMP00219,Manish George,30,3,HR,45508,609,2730,1015,1748,39406,8767,3453,0,2491,1051,15762,13451,2197,High,0.3999898492615338,0.341343957772928,0.05575293102573212,0.0
EMP00220,Trisha Deshmukh,44,24,Operations,91557,4156,5493,1404,1460,79044,0,12813,0,12204,6682,31699,4832,7201,Medium,0.40102980618389755,0.06113050958959567,0.09110115884823643,0.0
EMP00221,Aditya Khanna,29,4,HR,43639,515,2618,979,2122,37405,10940,6352,0,4024,2598,23914,1924,2070,Low,0.6393262932763,0.05143697366662211,0.055340195161074725,0.0
EMP00222,Tarun Lakhotia,22,0,Finance,70000,2000,4200,1219,1419,61162,5133,6867,6109,5222,2434,25765,22742,1949,Medium,0.4212582976357869,0.3718321833818384,0.03186619142604885,0.0998822798469638
EMP00223,Anurag Vaishnavi Pandey,55,31,Finance,130000,9500,7800,2819,1540,108341,0,20159,29722,6822,5204,61907,22501,5162,Medium,0.5714087926085231,0.20768684062358664,0.04764585890844648,0.2743375084224809
EMP00224,Siddharth Shinde,36,14,Data Science,137106,10755,8226,3119,1367,113639,0,15553,37816,8260,5654,67283,22545,5405,Medium,0.5920766638213993,0.1983913973195822,0.04756289654080025,0.3327730796645518
EMP00225,Ananya Mukherjee,58,27,Finance,124063,8609,7444,3919,1184,102907,0,15942,0,7765,6873,30580,28285,10038,High,0.29716151476575936,0.27485982489043503,0.09754438473573226,0.0
EMP00226,Prateek Behera,39,17,Sales,73496,2350,4410,1281,1470,63985,0,10858,13013,3480,2555,29906,15836,2764,Medium,0.46739079471751194,0.24749550675939674,0.04319762444322888,0.20337579120106275
EMP00227,Preeti Srivastava,39,14,Data Science,126871,9031,7612,3975,1830,104423,0,18106,0,4585,6145,28836,7099,1959,Medium,0.27614605977610296,0.06798310716987636,0.01876023481416929,0.0
EMP00228,Vidhi Singh,24,0,HR,40389,353,2423,902,2138,34573,0,3813,0,3347,1575,8735,9689,2898,High,0.2526538049923351,0.28024759205160094,0.08382263616116623,0.0
EMP00229,Komal Tanvi Naidu,25,1,HR,41401,403,2484,1180,1613,35721,0,4808,0,2707,1543,9058,864,837,Medium,0.2535763276504017,0.02418745275888133,0.02343159486016629,0.0
EMP00230,Priya Bohra,29,2,IT,85348,3535,5121,1944,1593,73155,16940,8424,12208,4384,3275,45231,16305,2102,Medium,0.6182899323354522,0.22288291982776298,0.02873351103820655,0.16687854555396076
EMP00231,Karan Malhotra,50,19,Sales,70730,2073,4244,1212,2109,61092,0,7152,15256,3032,3705,29145,782,853,Low,0.4770673737968965,0.012800366660119165,0.013962548287828194,0.24972173115956262
EMP00232,Krishna Porwal,35,5,Data Science,98541,4854,5912,1883,1725,84167,8168,8225,0,6918,4223,27534,12834,21508,High,0.327135338077869,0.1524825644254874,0.2555395820214573,0.0
EMP00233,Rahul Goel,59,33,Customer Support,60000,1333,3600,1976,1231,51860,12982,5991,0,3385,2197,24555,1993,796,Medium,0.4734863092942538,0.03843038951021982,0.015349016583108369,0.0
EMP00234,Sumit Purohit,60,31,HR,70000,2000,4200,2149,1970,59681,0,8065,20678,1120,1157,31020,17916,1738,Medium,0.5197634087900672,0.3001960422915166,0.029121495953486034,0.3464754276905548
EMP00235,Ashish Kohli,35,11,HR,51024,885,3061,1027,1368,44683,0,4322,10636,4386,2521,21865,8086,2469,Medium,0.4893359890786205,0.18096367746122685,0.05525591388223709,0.2380323613007184
EMP00236,Komal Chopra,52,37,Operations,95000,4500,5700,2117,1854,80829,0,10409,14806,5512,4362,35089,4191,1653,Medium,0.4341139937398706,0.05185020227888505,0.020450580855880935,0.18317683009810834
EMP00237,Arjun Nagpal,26,3,Cyber Security,104282,5642,6257,3369,1492,87522,21765,12871,11352,5205,4880,56073,15492,2738,Medium,0.6406732021663125,0.17700692397340098,0.031283562989876834,0.12970453143209706
EMP00238,Kartik Riya Fernandes,24,1,Customer Support,35720,119,2143,797,2093,30568,0,3916,5480,2422,1155,12973,7181,2463,Medium,0.4243980633342057,0.2349188694059147,0.08057445694844281,0.17927244176917037
EMP00239,Atharv Tayal,29,2,Finance,76897,2690,4614,1678,1289,66626,13446,10534,2640,1915,2001,30536,21229,2404,High,0.45831957494071385,0.3186293639119863,0.036082010026115933,0.03962417074415393
EMP00240,Pankaj Roy,22,0,Data Science,90000,4000,5400,2023,1539,77038,0,7924,13122,6331,4000,31377,16571,5504,Medium,0.40729250499753367,0.21510163815260003,0.0714452607803941,0.17033152470209506
EMP00241,Ravi Khanna,60,36,Sales,85000,3500,5100,2028,1866,72506,0,7832,20994,5503,4434,38763,3197,220,Low,0.5346178247317463,0.04409290265633189,0.0030342316497945,0.2895484511626624
EMP00242,Preeti Khanna,45,21,Data Science,159564,15246,9574,3198,1621,129925,30804,20254,15665,5148,5502,77373,2923,176,Low,0.5955204925918799,0.022497594766211274,0.0013546276698095056,0.1205695593611699
EMP00243,Simran Jadhav,41,23,HR,64169,1542,3850,2197,1177,55403,14921,10041,0,1586,3894,30442,194,1153,Medium,0.5494648304243452,0.0035016154359872207,0.02081114741079003,0.0
EMP00244,Amit Deshmukh,59,36,Finance,130000,9500,7800,3425,1519,107756,0,20109,0,7916,4584,32609,27955,7783,Medium,0.3026188796911541,0.2594287093062103,0.07222799658487694,0.0
EMP00245,Khushi Naidu,56,31,Finance,130000,9500,7800,2813,1936,107951,0,18047,34987,8293,4595,65922,20391,5340,Medium,0.6106659502922622,0.18889125621809896,0.049466887754629416,0.324100749414086
EMP00246,Arjun Solanki,44,16,Operations,81631,3163,4898,1525,1990,70055,20435,10831,0,11654,4612,47532,5622,2823,Medium,0.6784954678466919,0.08025123117550496,0.040296909571051316,0.0
EMP00247,Aditya Yadav,30,2,IT,85464,3546,5128,2198,993,73599,18394,10668,4083,4403,3387,40935,8274,10662,Medium,0.5561896221416052,0.11242000570659927,0.14486609872416745,0.055476297232299354
EMP00248,Megha Pradhan,37,16,Cyber Security,154846,14303,9291,3189,1379,126684,0,21343,0,5634,6782,33759,4804,2306,Medium,0.2664819551008809,0.03792112658267816,0.018202772252218117,0.0
EMP00249,Jyoti Lakhotia,27,3,HR,43951,531,2637,976,1943,37864,7762,5337,0,1706,1386,16191,7513,6498,High,0.42760933868582296,0.1984206634270019,0.17161419818297063,0.0
EMP00250,Diya Neha Purohit,60,31,Marketing,90000,4000,5400,1252,1140,78208,20276,8814,5701,4221,3722,42734,619,1031,Medium,0.5464146890343698,0.00791479132569558,0.013182794599018003,0.07289535597381341
EMP00251,Mohit Purohit,31,12,Finance,92338,4234,5540,2018,1588,78958,8577,14296,0,5168,5027,33068,21059,4140,Medium,0.4188049342688518,0.2667114161959523,0.052432939030877174,0.0
EMP00252,Nikhil Patel,25,2,Marketing,52327,950,3140,943,1732,45562,0,5706,3479,3956,2555,15696,14762,3297,Medium,0.3444976076555024,0.3239980685659102,0.07236293402396735,0.07635749089153242
EMP00253,Swati Bedi,24,0,Customer Support,37102,188,2226,1139,1463,32086,0,4109,0,5924,2622,12655,2511,2263,Medium,0.394408776413389,0.07825843046811694,0.07052920276756218,0.0
EMP00254,Prachi Amit Jain,57,22,Marketing,90000,4000,5400,1656,1471,77473,18051,9586,4646,5907,4853,43043,12497,4616,Medium,0.5555871077665767,0.16130781046300002,0.059582047939282075,0.059969279619996645
EMP00255,Komal Ghosh,46,25,Marketing,87492,3749,5250,1912,1426,75155,0,12312,25070,5958,4051,47391,10392,2734,Low,0.6305768079302774,0.1382742332512807,0.03637815181957288,0.33357727363448875
EMP00256,Saloni Purohit,43,15,Data Science,127830,9174,7670,3449,1899,105638,22298,14874,3353,4550,5600,50675,17400,15166,Medium,0.47970427308354946,0.1647134553853727,0.14356576232037713,0.03174047217857211
EMP00257,Aarav Khandelwal,53,26,Sales,85000,3500,5100,1537,2439,72424,0,11260,0,3199,3086,17545,1239,1031,Medium,0.24225394896719318,0.017107588644648182,0.014235612504142273,0.0
EMP00258,Rohit Khanna,29,6,Sales,56236,1145,3374,1190,1725,48802,10940,7063,152,1526,1246,20927,17817,2410,Medium,0.4288143928527519,0.3650874964140814,0.0493832219990984,0.0031146264497356664
EMP00259,Shruti Deshmukh,44,22,IT,128720,9308,7723,2251,2091,107347,27683,16366,0,4346,4313,52708,13696,22281,Medium,0.49100580360885726,0.1275862390192553,0.20756052800730343,0.0
EMP00260,Pooja Mishra,55,36,Customer Support,60000,1333,3600,1237,2049,51781,0,7911,10837,2424,2317,23489,13270,2939,Medium,0.45362198489793554,0.2562716054151137,0.056758270408064734,0.20928525907186032
EMP00261,Akash Nair,32,6,Operations,61425,1405,3686,1264,1986,53084,11953,8710,5954,2547,2526,31690,98,185,Low,0.596978373897973,0.0018461306608394243,0.003485042574033607,0.1121618566799789
EMP00262,Kavya Tiwari,48,17,Marketing,79592,2959,4776,1336,1166,69355,0,8020,0,4323,2758,15101,17422,20424,High,0.21773484247711053,0.25120034604570685,0.2944848965467522,0.0
EMP00263,Tarun Das,30,3,IT,83647,3365,5019,1825,1341,72097,18285,12039,0,4282,5345,39951,15961,3429,Medium,0.5541284658168856,0.22138230439546722,0.04756092486511228,0.0
EMP00264,Shruti Lakhotia,54,29,HR,69380,1938,4163,2015,1936,59328,12033,8387,0,2696,2610,25726,17092,3699,Medium,0.4336232470334412,0.2880933117583603,0.062348300970873786,0.0
EMP00265,Arjun George,56,27,IT,140097,11353,8406,3677,1790,114871,0,15692,25307,14454,7389,62842,12159,4280,Low,0.5470658390716543,0.1058491699384527,0.03725918639169155,0.22030799766694814
EMP00266,Aditi Shetty,49,17,Data Science,139965,11326,8398,3674,1434,115133,19759,11976,0,5789,3182,40706,50408,5053,Medium,0.35355632181911356,0.4378240817141914,0.04388837257780132,0.0
EMP00267,Nisha George,32,8,IT,98042,4804,5883,2057,1007,84291,17478,12669,0,1991,3028,35166,24612,6080,High,0.41719756557639603,0.2919884685197708,0.07213106974647353,0.0
EMP00268,Anurag Thomas,54,23,HR,66731,1673,4004,1663,1146,58245,0,6686,16897,8714,5028,37325,3049,3044,Low,0.640827538844536,0.05234784101639626,0.05226199673791742,0.29010215469138984
EMP00269,Sneha Chopra,58,22,Product Management,195170,23792,11710,3483,981,155204,0,25328,44097,21741,10167,101333,10920,6960,Low,0.6529019870621892,0.07035901136568645,0.044844205046261694,0.28412283188577614
EMP00270,Nikhil Rawat,54,33,Operations,95000,4500,5700,1575,1112,82113,0,12830,25074,5762,5251,48917,15118,4073,Medium,0.5957278384665035,0.1841121381510845,0.04960237721189093,0.30535968726023893
EMP00271,Tarun Fernandes,36,13,Finance,93922,4392,5635,1581,2002,80312,0,12367,0,4329,3317,20013,18150,22703,High,0.24919065643988444,0.22599362486303418,0.2826850283892818,0.0
EMP00272,Anurag Dubey,34,12,IT,112918,6938,6775,2537,1101,95567,29451,17521,0,10835,7239,65046,5084,4184,Low,0.6806324358826792,0.053198279740914754,0.04378080299685038,0.0
EMP00273,Trisha Rathore,40,11,IT,107462,6119,6448,3043,1739,90113,28393,14803,0,11330,8332,62858,3653,3238,Low,0.6975464139469333,0.040537991188840675,0.035932662323971014,0.0
EMP00274,Abhishek Kumawat,31,10,Cyber Security,129026,9354,7742,2573,1501,107856,34028,12565,16255,20059,10850,93757,1723,1793,Low,0.8692794095831479,0.01597500370864857,0.01662401720812936,0.1507102062008604
EMP00275,Arjun Parmar,32,9,IT,106004,5901,6360,2855,1799,89089,6262,10436,0,7729,3050,27477,17546,25619,High,0.3084219151634882,0.19694911829743292,0.2875663662180516,0.0
EMP00276,Kavya Nair,52,23,IT,134952,10324,8097,3113,1497,111921,27074,13859,6371,5641,5301,58246,11438,21218,High,0.5204206538540578,0.10219708544419724,0.18958015028457573,0.056924080378123854
EMP00277,Muskan D'Souza,34,12,Finance,100294,5044,6018,3014,1650,84568,18439,8331,6291,7502,3454,44017,10802,12874,Medium,0.5204923848264119,0.1277315296566077,0.15223252294011919,0.07438984012865386
EMP00278,Palak Vikram Bansal,48,17,Operations,81698,3170,4902,1543,1006,71077,0,10532,0,3153,3188,16873,4511,719,Medium,0.23739043572463667,0.06346638152989012,0.01011578991797628,0.0
EMP00279,Vikram Mohanty,53,23,Operations,92738,4274,5564,1429,929,80542,21812,14074,10405,3255,3988,53534,322,370,Low,0.6646718482282535,0.003997914131757344,0.004593876486801917,0.12918725633830797
EMP00280,Tushar Purohit,45,24,HR,70000,2000,4200,2037,1901,59862,0,6440,17830,9649,3779,37698,3417,3067,Low,0.629748421369149,0.05708128696000802,0.0512345060305369,0.2978517256356286
EMP00281,Ritika Bohra,44,15,Cyber Security,145342,12402,8721,2575,1381,120263,0,18962,35720,13427,10376,78485,9337,3286,Low,0.6526113601024421,0.07763817633020963,0.027323449439977384,0.2970157072416288
EMP00282,Ankit Reddy,53,35,Finance,130000,9500,7800,3828,2421,106451,0,17690,0,6039,4960,28689,27419,9304,High,0.2695042789640304,0.2575739072437084,0.08740171534320955,0.0
EMP00283,Palak Das,45,17,Operations,82142,3214,4929,1511,1129,71359,13214,10926,0,2943,1602,28685,21498,4202,Medium,0.40198153001022996,0.30126543253128546,0.05888535433512241,0.0
EMP00284,Mayank Preeti Singh,24,0,HR,40000,333,2400,1100,1177,34990,0,5150,0,3383,1677,10210,10534,3175,High,0.2917976564732781,0.3010574449842812,0.09074021148899686,0.0
EMP00285,Amit Mohanty,37,16,Sales,73667,2367,4420,1396,1588,63896,4152,9413,0,7600,4912,26077,6276,6175,Medium,0.40811631401026666,0.09822211093026167,0.09664141730311757,0.0
EMP00286,Prateek Sumit Jadhav,46,21,Data Science,145144,12362,8709,3264,1661,119148,0,16640,33608,6830,7971,65049,22537,6483,Medium,0.5459512539027093,0.189151307617417,0.05441132037466009,0.2820693591163931
EMP00287,Sai Pillai,40,14,Data Science,127354,9103,7641,3580,1715,105315,21912,14047,11225,6781,3124,57089,16700,14746,Medium,0.5420785263257846,0.15857190333760623,0.140018041114751,0.10658500688410957
EMP00288,Divya Mathew,29,3,Operations,58350,1251,3501,1003,1672,50923,9987,7651,2166,1773,1972,23549,14424,2071,Medium,0.4624432967421401,0.2832511831588869,0.04066924572393614,0.04253480745439193
EMP00289,Arjun Dubey,25,0,Sales,45000,583,2700,855,1123,39739,9378,4733,0,3800,2537,20448,8316,1666,Medium,0.5145574876066333,0.20926545710762726,0.04192355117139334,0.0
EMP00290,Aman Deshmukh,29,5,HR,45411,604,2725,1037,1531,39514,7353,4217,5869,2647,1351,21437,12127,1194,Medium,0.5425165764033001,0.3069038821683454,0.030217138229488284,0.14852963506605255
EMP00291,Aman Soni,47,19,Sales,76739,2674,4604,1528,737,67196,18168,11274,8253,5449,3577,46721,7340,2291,Medium,0.695294362759688,0.10923269242216799,0.034094291326864694,0.12281981070301803
EMP00292,Ravi Nair,27,7,IT,92488,4249,5549,1238,2214,79238,17432,12023,0,4700,3381,37536,17651,5269,Medium,0.4737121078270527,0.22275928216259874,0.06649587319215527,0.0
EMP00293,Avantika Bagri,35,10,Sales,61676,1417,3701,2192,1943,52423,13302,8448,0,2087,4049,27886,1533,1102,Medium,0.531942086488755,0.029242889571371344,0.02102130744139023,0.0
EMP00294,Diya Bose,59,32,Cyber Security,180000,20000,10800,3534,2208,143458,0,21049,36876,9831,6125,73881,24546,9922,Medium,0.5150009061885709,0.1711023435430579,0.06916310000139414,0.2570508441495072
EMP00295,Vidhi Menon,33,12,Data Science,129771,9466,7786,3946,2374,106199,24709,13687,0,11101,5513,55010,24521,6430,Medium,0.5179898115801467,0.2308967127750732,0.06054670947937363,0.0
EMP00296,Mayank Tayal,39,12,Sales,61526,1410,3692,1353,1214,53857,0,9279,0,6871,4194,20344,3498,5372,Medium,0.37774105501606103,0.06494977440258462,0.09974562266743413,0.0
EMP00297,Komal Singh,39,18,Sales,70859,2086,4252,1256,1724,61541,0,9334,12022,2917,4166,28439,465,183,Low,0.4621146877691295,0.007555938317544401,0.002973627337872313,0.19534944183552427
EMP00298,Rahul Solanki,55,38,Data Science,170000,17500,10200,2874,2123,137303,0,18692,31123,8065,8536,66416,25405,9249,Medium,0.48371849122014815,0.1850287320743174,0.0673619658711026,0.22667385271989687
EMP00299,Neha Tayal,29,4,Sales,48445,756,2907,885,1662,42235,0,7512,0,7005,4131,18648,3207,3164,Medium,0.4415295371137682,0.07593228365100035,0.07491417071149521,0.0
EMP00300,Pooja Solanki,45,27,Marketing,90000,4000,5400,2149,1846,76605,19732,12747,0,5512,4547,42538,14000,3078,Medium,0.5552901246654918,0.1827556947979897,0.04018014489915802,0.0
EMP00301,Dhruv Khanna,27,5,HR,45555,611,2733,1122,1851,39238,0,6064,6129,2743,1803,16739,9371,2811,Medium,0.4266017635965136,0.23882460879759418,0.07163973698965288,0.15620062184616954
EMP00302,Nikhil Pandey,41,20,Sales,80962,3096,4858,1981,1530,69497,20885,9945,0,6934,4853,42617,4275,3113,Medium,0.6132207145632186,0.061513446623595265,0.0447933004302344,0.0
EMP00303,Aditya Banerjee,58,29,IT,150000,13333,9000,3147,1180,123340,29530,14543,0,4636,5250,53959,21925,27793,High,0.4374817577428247,0.17776066158586024,0.22533646829901086,0.0
EMP00304,Saloni Maheshwari,36,11,Data Science,120994,8149,7260,3083,1584,100918,7932,12492,4349,5810,5680,36263,16516,25844,High,0.35933133831427494,0.16365762302067025,0.25608910204324303,0.04309439346796409
EMP00305,Ayush Seth,51,24,IT,137304,10794,8238,3660,1536,113076,25579,16480,0,4928,5413,52400,38949,5019,High,0.4634051434433478,0.34444975061020905,0.04438607662103364,0.0
EMP00306,Preeti Ananya Sandhu,46,19,Product Management,176411,19103,10585,2733,1952,142038,12376,19935,41961,3262,10245,87779,4530,1859,Low,0.6179965924611723,0.03189287373801377,0.013088046860699249,0.2954209436911249
EMP00307,Saurabh Soni,49,19,Customer Support,57539,1210,3452,860,1553,50464,0,9027,12858,1310,2152,25347,460,580,Low,0.5022788522511097,0.009115409004438808,0.011493341788205453,0.25479549778059607
EMP00308,Rohit Sabharwal,29,5,IT,90030,4003,5402,2066,1296,77263,21846,10956,0,8235,3823,44860,16192,2438,Medium,0.5806142655604882,0.20956991056521232,0.031554560397602995,0.0
EMP00309,Ishaan Rajput,58,27,HR,70000,2000,4200,1226,1614,60960,0,8301,18307,8138,5007,39753,2977,3023,Low,0.6521161417322835,0.04883530183727034,0.04958989501312336,0.30031167979002626
EMP00310,Namrata Vihaan Ghosh,50,20,Customer Support,55976,1132,3359,865,1180,49440,0,7034,12252,2380,2174,23840,10452,2882,Medium,0.48220064724919093,0.21140776699029126,0.05829288025889968,0.24781553398058254
EMP00311,Trisha Pawar,31,6,Cyber Security,121627,8244,7298,3435,1046,101604,0,15218,25596,6861,5946,53621,14015,16536,Medium,0.527744970670446,0.13793748277626866,0.16274949805125782,0.25191921577890636
EMP00312,Komal Tayal,43,22,Marketing,90000,4000,5400,1844,1370,77386,17636,11179,0,5797,4291,38903,15175,3607,Medium,0.5027136691391207,0.19609490088646525,0.0466104980228982,0.0
EMP00313,Aisha Shinde,26,2,Sales,50930,880,3056,991,1872,44131,10576,4365,2191,3360,2700,23192,8264,2646,Medium,0.5255262740477216,0.18726065577485215,0.05995785275656568,0.04964763998096576
EMP00314,Avantika Shukla,38,13,Customer Support,47923,729,2875,832,1988,41499,0,3842,13599,3838,1863,23142,5012,6989,Medium,0.5576519916142557,0.12077399455408563,0.1684136967155835,0.32769464324441555
EMP00315,Mansi Jindal,45,26,Marketing,90000,4000,5400,1338,933,78329,0,11293,17319,3210,5271,37093,2221,168,Low,0.4735538561707669,0.02835476005055599,0.0021447994995467835,0.22110584840863537
EMP00316,Siddharth Ahuja,49,15,IT,123812,8572,7429,2240,2468,103103,20177,12519,0,3324,3275,39295,38230,5317,Medium,0.38112373063829375,0.37079425428939994,0.05156978943386711,0.0
EMP00317,Lakshay George,57,31,IT,150000,13333,9000,3872,1767,122028,0,14403,0,6172,5195,25770,26396,41064,High,0.21118104041695349,0.21631101058773397,0.3365129314583538,0.0
EMP00318,Rajat Pillai,23,1,Cyber Security,95000,4500,5700,1801,2197,80802,0,11763,12400,9166,5646,38975,19938,4645,Medium,0.4823519219821292,0.24675131803668227,0.057486200836612954,0.15346154798148562
EMP00319,Harsh Dubey,40,9,Sales,57854,1226,3471,1106,1685,50366,11533,8177,8358,3186,3142,34396,6399,1545,Medium,0.6829210181471628,0.12704999404360084,0.0306754556645356,0.16594528054640034
EMP00320,Charu Bedi,53,30,Product Management,220000,31000,13200,2747,2190,170863,0,24559,0,19109,12886,56554,53411,12847,High,0.3309903255824842,0.31259547122548476,0.07518889402620813,0.0
EMP00321,Akash Tiwari,28,6,IT,98485,4848,5909,1360,2025,84343,0,10564,0,3430,2831,16825,23324,24477,High,0.19948306320619374,0.2765374719893767,0.29020784178888587,0.0
EMP00322,Abhishek Mehta,52,32,Cyber Security,180000,20000,10800,2938,1357,144905,0,18435,0,6310,6526,31271,68548,9839,High,0.21580345743763155,0.4730547600151824,0.06789965839688071,0.0
EMP00323,Vivaan Suri,23,3,IT,89076,3908,5345,1546,1302,76975,0,7182,0,6623,4124,17929,38959,4772,High,0.23291977914907439,0.5061253653783696,0.06199415394608639,0.0
EMP00324,Sumit Rishabh Kohli,57,31,Marketing,90000,4000,5400,2142,1794,76664,0,12375,24380,5451,4965,47171,14220,2420,Low,0.6152953146196389,0.18548471251173954,0.031566315350099135,0.3180110612543045
EMP00325,Divya Ahuja,56,32,Finance,130000,9500,7800,2781,1803,108116,0,14219,30351,2745,7151,54466,3898,2455,Low,0.5037737245181102,0.03605386806763106,0.022707092382256096,0.2807262569832402
EMP00326,Rohit Rashmi Iyer,45,19,Sales,79404,2940,4764,1505,1823,68372,15487,10944,11244,1877,2013,41565,16979,2275,Medium,0.6079242964956415,0.24833265079272215,0.033273854794360264,0.16445328497045575
EMP00327,Nisha Ahuja,58,26,Marketing,90000,4000,5400,1397,2135,77068,20082,12397,9604,9149,5724,56956,3786,2480,Low,0.7390356568225463,0.04912544765661494,0.032179374059272334,0.12461722115534334
EMP00328,Mansi George,53,35,Product Management,220000,31000,13200,2495,1915,171390,0,19252,44642,34878,17973,116745,8492,9008,Low,0.6811657622965167,0.049547814925024795,0.052558492327440344,0.2604702724779742
EMP00329,Shivam Pradhan,60,35,IT,150000,13333,9000,2960,1568,123139,29319,15287,0,10216,4619,59441,19807,17575,Medium,0.48271465579548317,0.16085074590503415,0.14272488813454715,0.0
EMP00330,Ravi Ghosh,24,3,HR,42983,482,2579,943,1377,37602,10123,4206,0,3719,1946,19994,6778,2053,Medium,0.5317270357959683,0.18025636934205627,0.05459815967235785,0.0
EMP00331,Kartik Ahuja,56,23,Customer Support,53969,1032,3238,1062,1536,47101,0,5514,8902,2966,2103,19485,1314,1179,Medium,0.4136854843846203,0.027897496868431668,0.025031315683318827,0.188998110443515
EMP00332,Rakesh Rajput,33,5,Cyber Security,116509,7476,6991,3109,1572,97361,18164,8508,0,5243,2441,34356,32947,4807,High,0.35287229999691866,0.33840038619159624,0.04937295220878997,0.0
EMP00333,Mayank Bansal,32,9,IT,109694,6454,6582,2546,1167,92945,0,10440,4533,9393,3909,28275,24599,9025,High,0.3042121684867395,0.2646618968207004,0.0971004357415676,0.04877077841734359
EMP00334,Tarun Joshi,54,34,Customer Support,60000,1333,3600,1695,1300,52072,0,5512,15141,4437,3022,28112,9989,3278,Medium,0.5398678752496543,0.19183054232601013,0.06295129820248886,0.29077047165463205
EMP00335,Yash Sandhu,54,28,Operations,95000,4500,5700,1750,2439,80611,0,9586,0,6875,5843,22304,24625,7066,High,0.27668680453039907,0.30547940107429505,0.08765553088288199,0.0
EMP00336,Ishita D'Souza,44,28,Sales,85000,3500,5100,1776,971,73653,17636,8735,0,8098,3691,38160,16054,3582,Medium,0.5181051688322268,0.21796803931951175,0.04863345688566657,0.0
EMP00337,Payal Seth,38,15,Cyber Security,144336,12201,8660,2872,680,119923,0,13701,31555,18094,7089,70439,11456,6279,Low,0.587368561493625,0.09552796377675675,0.05235859676625835,0.2631271732695146
EMP00338,Saloni Bhardwaj,50,25,IT,138927,11119,8336,3918,1252,114302,0,13038,38478,3317,2450,57283,35505,3879,Medium,0.5011548354359504,0.3106244860107435,0.03393641406099631,0.33663452957953494
EMP00339,Aakash Khandelwal,36,11,Product Management,167702,16926,10062,3441,1111,136162,11577,19101,34952,20006,10944,96580,5000,5492,Low,0.7093021547862105,0.03672096473318547,0.04033430766293092,0.2566942318708597
EMP00340,Namrata Somani,58,29,Operations,95000,4500,5700,1894,2148,80758,0,10528,0,7494,5459,23481,23543,5471,Medium,0.29075757200525026,0.2915252978033136,0.06774561034200946,0.0
EMP00341,Nisha Singh,55,36,Sales,85000,3500,5100,2140,2006,72254,26165,13964,4659,13732,7517,66037,805,719,Low,0.9139563207573284,0.011141251695407866,0.009951006172668642,0.06448085919118665
EMP00342,Arjun Swain,23,3,HR,44548,561,2673,826,1385,39103,2603,3255,4843,2076,1311,14088,13132,2940,Medium,0.36027926246068076,0.33583101040840857,0.07518604710636012,0.1238523898422116
EMP00343,Mansi Jain,24,3,Finance,73865,2386,4432,1256,1109,64682,0,8033,0,6390,4563,18986,21391,5162,Medium,0.2935283386413531,0.3307102439627717,0.07980581923873721,0.0
EMP00344,Nitin Porwal,49,24,Sales,85000,3500,5100,1729,1462,73209,25268,10154,9582,11814,5910,62728,2024,1003,Low,0.8568345422010955,0.027646874018221804,0.01370050130448442,0.13088554685899276
EMP00345,Ravi Mohanty,30,2,IT,88838,3884,5330,1518,1473,76633,0,7486,0,7488,3113,18087,24944,7847,High,0.2360210353242076,0.32549945845784456,0.10239713961348244,0.0
EMP00346,Manish Jain,34,8,Sales,61461,1406,3688,1908,2192,52267,14504,6816,0,8564,4886,34770,3426,2383,Low,0.6652381043488244,0.06554805135171332,0.04559282147435284,0.0
EMP00347,Jyoti Khanna,51,28,Data Science,170000,17500,10200,2577,1768,137955,0,17627,0,8631,5226,31484,36871,30612,High,0.22821934688847811,0.2672683121307673,0.22189844514515603,0.0
EMP00348,Kavya Rajput,38,10,Finance,86742,3674,5205,2132,942,74789,19377,12165,0,5678,5548,42768,15901,4026,Medium,0.571848801294308,0.21261148029790478,0.05383144580085307,0.0
EMP00349,Yash Malhotra,49,26,IT,140627,11459,8438,3622,1832,115276,7290,19040,0,7057,4907,38294,36131,9693,High,0.332194038655054,0.31343037579374716,0.08408515215656338,0.0
EMP00350,Charu Pillai,53,28,Marketing,90000,4000,5400,1720,1824,77056,0,12602,20352,9124,5711,47789,6971,3532,Low,0.6201853197674418,0.09046667358803986,0.045836794019933555,0.26411960132890366
EMP00351,Manish Naidu,24,1,Data Science,91538,4154,5492,1635,2418,77839,0,7856,4354,5489,2229,19928,16032,19569,High,0.25601562198897726,0.2059635915158211,0.25140353807217464,0.05593597040044194
EMP00352,Tarun Kartik Bhardwaj,45,27,Sales,85000,3500,5100,1277,1428,73695,0,13795,14159,1648,3741,33343,794,651,Medium,0.4524458918515503,0.010774136644277088,0.008833706492977813,0.19212972386186308
EMP00353,Vaishnavi Somani,41,26,Operations,95000,4500,5700,2075,1797,80928,0,13353,11168,3391,5035,32947,2460,1732,Medium,0.40711496638987743,0.030397390272835112,0.021401739818109927,0.1379992091735864
EMP00354,Nisha Swain,36,11,HR,57489,1208,3449,1116,1185,50531,12218,8300,5936,3537,2304,32295,8963,1400,Medium,0.6391126239338228,0.177376264075518,0.027705764778057033,0.11747244265896183
EMP00355,Yuvraj Tayal,44,20,Data Science,156599,14653,9396,3301,966,128283,0,19642,40519,15094,8040,83295,18384,5005,Low,0.6493066111643787,0.14330815462687962,0.039015302105501116,0.3158563488537063
EMP00356,Ashish Ghosh,46,18,HR,61951,1431,3717,1295,1872,53636,9321,7597,2161,1395,1735,22209,18571,2402,Medium,0.4140689089417555,0.34624133044969796,0.04478335446342009,0.04029010366171974
EMP00357,Dhruv Tomar,22,1,Finance,70784,2078,4247,1628,1675,61156,4908,7389,0,5647,3924,21868,17213,4420,Medium,0.3575773431879129,0.28146052717640135,0.07227418405389496,0.0
EMP00358,Vidhi Parmar,22,1,HR,40000,333,2400,1166,2084,34017,8233,3287,0,2583,1111,15214,12498,1482,Medium,0.44724696475291764,0.36740453302760384,0.04356645206808361,0.0
EMP00359,Nandini Khurana,48,18,IT,125957,8894,7557,2575,1443,105488,0,17104,24222,19636,9962,70924,7202,3331,Low,0.6723418777491279,0.06827316851205824,0.031577051418170785,0.22961853480964659
EMP00360,Ishaan Reddy,57,25,Product Management,213659,29098,12820,3123,1237,167381,0,29560,51355,29294,13193,123402,4469,4404,Low,0.7372521373393635,0.02669956566157449,0.02631123006792886,0.3068149909487935
EMP00361,Sneha George,30,4,Marketing,56811,1174,3409,824,1476,49928,13669,5709,7031,4534,3206,34149,5549,1814,Low,0.6839649094696363,0.11114004165999039,0.03633231853869572,0.14082278481012658
EMP00362,Vihaan Bohra,24,1,HR,44649,566,2679,1037,1910,38457,7090,3081,2901,1959,717,15748,11481,1701,High,0.40949632056582674,0.29854122786488807,0.044231219283875495,0.07543490131835556
EMP00363,Amit Bagri,34,6,Data Science,104809,5721,6289,3249,1482,88068,22763,7533,0,7166,3127,40589,12360,16269,Medium,0.46088249988645136,0.14034609619839214,0.18473225235045646,0.0
EMP00364,Rashmi Kumawat,26,7,Operations,58681,1267,3521,910,1217,51766,10240,6497,7407,1661,2505,28310,15347,1324,Medium,0.546884055171348,0.2964687246455202,0.02557663331143994,0.14308619557238342
EMP00365,Preeti Aditya Thomas,33,10,Product Management,158474,15028,9508,3119,1532,129287,26367,14609,0,3841,3192,48009,41930,6443,Medium,0.3713366386411627,0.3243172167348612,0.04983486352069427,0.0
EMP00366,Shubham Bhatia,46,18,Sales,76783,2678,4607,1337,985,67176,0,9068,0,8138,4483,21689,8228,7104,Medium,0.32286828629272357,0.12248422055496011,0.10575205430510896,0.0
EMP00367,Deepak Sahu,37,18,Marketing,79276,2928,4757,1652,1057,68882,0,6059,13473,6209,3886,29627,13338,11592,High,0.4301123660753172,0.19363549258151622,0.16828779652158765,0.19559536598821173
EMP00368,Gaurav Shinde,41,17,Marketing,76256,2626,4575,1790,1488,65777,0,9916,16566,2447,3666,32595,517,1558,Low,0.49553795399607764,0.007859890235188592,0.023686090882831384,0.2518509509402983
EMP00369,Yuvraj Mehta,52,22,Marketing,90000,4000,5400,1750,1320,77530,19379,10801,4145,4131,3454,41910,12536,4618,Medium,0.5405649426028634,0.1616922481620018,0.05956403972655746,0.05346317554495034
EMP00370,Shivam Rawat,48,21,Product Management,198048,24512,11883,2345,1082,158226,0,23464,0,11195,8637,43296,48649,14506,High,0.2736339160441394,0.30746527119436756,0.09167899081061266,0.0
EMP00371,Jyoti Rajput,25,3,Customer Support,36191,143,2171,1023,1277,31577,0,3726,0,3160,1212,8098,10933,2690,High,0.2564524812363429,0.34623301770275833,0.08518858662950882,0.0
EMP00372,Rajat Shinde,59,24,Sales,85000,3500,5100,1509,1911,72980,0,13838,20241,5853,5101,45033,10909,2913,Low,0.6170594683474925,0.14947930939983556,0.03991504521786791,0.27734995889284736
EMP00373,Abhishek Sai George,47,26,Cyber Security,180000,20000,10800,3275,1842,144083,31262,24090,23260,7523,5655,91790,19736,7355,Low,0.6370633593137289,0.13697660376310877,0.051046965984883716,0.16143472859393543
EMP00374,Nandini Reddy,48,22,Sales,76923,2692,4615,1287,1422,66907,15052,5362,0,5247,2666,28327,25380,2035,High,0.4233787197154259,0.37933250631473536,0.03041535265368347,0.0
EMP00375,Nisha Maheshwari,35,5,Finance,80543,3054,4833,1818,1750,69088,15827,7593,0,7155,4335,34910,16096,2718,Medium,0.505297591477536,0.2329782306623437,0.03934113015284854,0.0
EMP00376,Ritika Somani,30,2,Sales,48448,756,2907,888,2128,41769,15359,4589,3533,8872,3329,35682,1014,815,Low,0.8542699130934425,0.02427637721755369,0.01951207833560775,0.08458426105484929
EMP00377,Rohan Kohli,47,26,Sales,85000,3500,5100,1874,1877,72649,19384,12711,0,1739,5242,39076,1012,1096,Medium,0.5378738867706369,0.013929992154055803,0.01508623656209996,0.0
EMP00378,Riya Lakhotia,32,12,Customer Support,44190,543,2651,1085,1344,38567,11481,7146,0,2417,2273,23317,7391,1276,Medium,0.604584230041227,0.1916405216895273,0.033085280161796356,0.0
EMP00379,Shreya Bansal,30,6,Sales,52520,959,3151,1177,1629,45604,12083,7234,0,1970,2179,23466,256,96,Medium,0.5145601263047102,0.005613542671695465,0.0021050785018857997,0.0
EMP00380,Harsh Arora,34,6,Sales,52033,935,3122,859,1293,45824,0,7454,12297,3034,2081,24866,8578,2523,Medium,0.5426414106145251,0.18719448324022347,0.05505848463687151,0.2683528282122905
EMP00381,Dev Chauhan,51,32,IT,150000,13333,9000,2780,1346,123541,35637,21613,0,8808,8302,74360,19992,7242,Medium,0.6019054402991719,0.16182481929076178,0.05862021515124534,0.0
EMP00382,Vihaan Dubey,35,8,Marketing,64496,1558,3870,2034,1062,55972,13857,5878,0,3595,2513,25843,16240,3273,High,0.46171299935682125,0.29014507253626814,0.05847566640463089,0.0
EMP00383,Reema Mohanty,47,16,IT,117461,7619,7048,2822,2099,97873,17556,13632,0,1843,3799,36830,37550,5118,High,0.37630398577748714,0.38366045794039216,0.0522922562913163,0.0
EMP00384,Krishna Kulkarni,49,25,Operations,92181,4218,5531,1320,1924,79188,5295,11457,0,12664,6183,35599,6813,6222,Medium,0.4495504369348891,0.08603576299439308,0.0785725109865131,0.0
EMP00385,Rashmi Bhardwaj,27,5,Operations,59913,1329,3595,705,889,53395,0,8249,0,1735,3418,13402,378,1174,Low,0.25099728438992414,0.007079314542560165,0.021987077441708025,0.0
EMP00386,Amit Sanya Seth,49,19,Sales,76003,2600,4560,2032,1774,65037,0,10431,19598,2836,2918,35783,2203,1306,Low,0.5501945046665744,0.033873026123591186,0.020080877039223826,0.30133616249211986
EMP00387,Mansi Priya Shukla,29,3,Operations,55072,1087,3304,720,1381,48580,11488,5358,3804,4346,3538,28534,8995,1932,Medium,0.5873610539316592,0.1851585014409222,0.03976945244956772,0.07830382873610539
EMP00388,Ayush Pradhan,40,18,Sales,72303,2230,4338,1820,1565,62350,0,8241,0,3194,2491,13926,20958,5745,High,0.22335204490777866,0.3361347233360064,0.09214113873295911,0.0
EMP00389,Yuvraj Kapoor,39,10,Marketing,67719,1772,4063,2125,1821,57938,12770,7393,0,3001,2462,25626,17401,2792,Medium,0.4423003900721461,0.30033829265766854,0.04818944388829438,0.0
EMP00390,Siddharth Arora,60,27,HR,69131,1913,4148,2187,1193,59690,14430,8409,0,2539,2686,28064,2524,398,Medium,0.47016250628245937,0.04228513988942872,0.006667783548333054,0.0
EMP00391,Deepak Bhardwaj,28,5,Product Management,139399,11213,8364,2559,2027,115236,0,12216,3733,6562,7723,30234,1536,3364,Medium,0.2623659273143809,0.013329167968343226,0.029192266305668367,0.03239439064181332
EMP00392,Harsh Aisha Purohit,57,34,HR,70000,2000,4200,1329,2028,60443,0,7167,17134,4712,1687,30700,20738,2070,Medium,0.5079165494763661,0.34310011084823716,0.03424714193537713,0.283473685952054
EMP00393,Yuvraj Das,54,31,Cyber Security,180000,20000,10800,2825,1594,144781,0,22436,0,7287,5533,35256,50547,12115,High,0.24351261560563886,0.3491273026156747,0.08367810693392089,0.0
EMP00394,Namrata Chopra,49,25,Sales,85000,3500,5100,2109,1765,72526,0,10264,8305,3258,4344,26171,4267,2103,Medium,0.36084990210407303,0.058834073297851806,0.02899649780768276,0.11451065824669773
EMP00395,Abhishek Jindal,55,23,Sales,82800,3280,4968,1379,1098,72075,0,10897,24173,8439,5737,49246,4907,2003,Low,0.6832604925424904,0.06808185917447104,0.02779049601109955,0.33538674991328477
EMP00396,Diya Tomar,35,5,Marketing,59625,1315,3578,963,1988,51781,0,7392,10264,1423,3215,22294,1186,13,Medium,0.4305440219385489,0.02290415403333269,0.0002510573376334949,0.19821942411309168
EMP00397,Ritika D'Souza,49,22,Data Science,155599,14453,9336,2214,1270,128326,0,22344,44682,21105,10736,98867,3564,4524,Low,0.7704362327197918,0.02777301560089148,0.03525396256409457,0.3481913252185839
EMP00398,Atharv Chopra,34,6,Data Science,107892,6184,6474,2528,2023,90683,7680,15135,11996,6642,4705,46158,20432,5401,Medium,0.5090038926810979,0.2253123518189738,0.05955912354024459,0.13228499277703648
EMP00399,Akash Pankaj Gupta,46,17,IT,125106,8766,7506,2684,1680,104470,8777,15054,3931,3536,2750,34048,46010,5771,High,0.3259117449985642,0.4404135158418685,0.05524073896812482,0.03762802718483775
EMP00400,Charu Reddy,49,18,HR,60098,1338,3606,1393,1582,52179,14212,6890,3820,6387,3966,35275,3466,2661,Low,0.6760382529370053,0.06642519021062113,0.05099752774104525,0.07320952873761474
EMP00401,Krishna D'Souza,36,13,HR,51008,884,3060,837,1647,44580,0,5845,10462,2444,2021,20772,10499,2570,Medium,0.46594885598923286,0.2355091969493046,0.05764917003140422,0.23467922835352176
EMP00402,Preeti Verma,43,19,IT,129015,9352,7741,2878,2052,106992,0,15611,30709,16118,6706,69144,9282,5382,Low,0.6462539255271422,0.08675414984297891,0.05030282637954239,0.28702145954837743
EMP00403,Amit Kapoor,34,8,Marketing,63826,1525,3830,1942,2037,54492,16385,7435,0,11149,5449,40418,3297,1561,Low,0.741723555751303,0.06050429420832416,0.0286464068120091,0.0
EMP00404,Tanvi Gupta,26,5,HR,43017,484,2581,848,1036,38068,0,6241,0,1833,1738,9812,2121,502,Medium,0.25774929074288117,0.05571608700220658,0.0131869286539876,0.0
EMP00405,Rakesh Khushi Shukla,46,21,Sales,79089,2909,4745,1209,2244,67982,0,11051,13613,8581,5920,39165,4143,4046,Low,0.5761083816304315,0.06094260245359066,0.05951575417022153,0.20024418228354565
EMP00406,Vihaan Mundra,30,4,Operations,58720,1269,3523,973,1370,51585,19210,8460,3865,6945,5586,44066,1458,612,Low,0.8542405738102161,0.028264030241349228,0.011863913928467577,0.07492488126393332
EMP00407,Rishabh Dubey,44,18,Marketing,79080,2908,4745,2088,1513,67826,0,10651,14586,4083,3209,32529,13434,4656,Medium,0.47959484563441745,0.19806563854569045,0.06864624185415623,0.21505027570548169
EMP00408,Tushar Riya Sandhu,50,18,Marketing,75811,2581,4549,1670,1170,65841,0,9597,0,4693,3817,18107,18052,4878,Medium,0.2750110113758904,0.27417566561868745,0.07408757461156422,0.0
EMP00409,Komal Ritika Parmar,49,18,HR,56462,1156,3388,1008,1630,49280,0,7187,4354,1231,3301,16073,45,1602,Medium,0.3261566558441558,0.0009131493506493506,0.03250811688311688,0.08835227272727272
EMP00410,Manish Chopra,43,28,Marketing,90000,4000,5400,2035,1519,77046,18558,10347,4410,3899,4892,42106,14406,3083,Medium,0.5465046855125509,0.1869792072268515,0.04001505594060691,0.05723853282454638
EMP00411,Kunal Yadav,36,8,Data Science,114176,7126,6851,2987,2015,95197,25080,12946,15024,11177,6946,71173,10587,2255,Low,0.7476391062743574,0.11121148775696713,0.02368772125172012,0.15782009937287939
EMP00412,Vaishnavi Goel,49,17,Operations,76734,2673,4604,1477,2079,65901,3305,9489,9594,2992,2516,27896,11713,14648,Medium,0.4233016190953096,0.17773630142182972,0.2222728031441101,0.1455820093777029
EMP00413,Yuvraj Khurana,52,24,IT,132310,9846,7939,2572,1911,110042,30658,16583,0,4285,5390,56916,2224,1265,Medium,0.5172206975518439,0.02021046509514549,0.011495610766798132,0.0
EMP00414,Sonali More,36,14,IT,116977,7547,7019,3639,1504,97268,0,15578,0,4112,3983,23673,24089,28384,High,0.24337911748982194,0.24765596085043384,0.2918123123740593,0.0
EMP00415,Prachi Roy,30,4,HR,45636,615,2738,807,1251,40225,8367,4028,0,1928,866,15189,15430,1899,Medium,0.37760099440646366,0.3835922933499068,0.0472094468614046,0.0
EMP00416,Gaurav Prachi Kapoor,31,10,IT,106520,5978,6391,3767,1219,89165,19290,13248,0,4257,3037,39832,16387,13390,High,0.44672236864240455,0.18378287444625133,0.15017103123422867,0.0
EMP00417,Prachi Shinde,33,7,IT,102705,5406,6162,3656,2327,85154,22079,12758,0,4263,3676,42776,18767,4059,Medium,0.5023369424806821,0.22038894238673462,0.04766658054818329,0.0
EMP00418,Sneha Thomas,57,24,Operations,94638,4464,5678,1368,1685,81443,22510,8406,0,8000,3488,42404,17160,4937,Medium,0.5206586201392385,0.21069950763110395,0.06061908328524244,0.0
EMP00419,Swati Khandelwal,41,18,Sales,72408,2241,4344,1778,1900,62145,0,7524,7446,1448,2385,18803,27962,3805,Medium,0.30256657816397137,0.44994770295277176,0.061227773754927994,0.11981655804972242
EMP00420,Tanvi Sanya Mishra,48,26,Sales,85000,3500,5100,2089,1649,72662,22067,11119,0,3013,3399,39598,2376,1524,Medium,0.5449616030387272,0.032699347664528915,0.020973824007046324,0.0
EMP00421,Muskan Porwal,54,38,Product Management,220000,31000,13200,3808,1435,170557,0,27760,36755,10723,5930,81168,19921,36509,Medium,0.47589955264222517,0.11679966228299044,0.21405747052305094,0.21549980358472534
EMP00422,Trisha Bansal,31,9,Sales,57522,1209,3451,1178,972,50712,13372,5235,0,2737,3563,24907,1678,169,Medium,0.491146079823316,0.033088815270547405,0.0033325445653888627,0.0
EMP00423,Aakash Daga,29,6,HR,51460,906,3088,766,2061,44639,0,7414,14679,3261,2712,28066,7401,2055,Medium,0.6287327225072247,0.16579672483702593,0.046035977508456734,0.3288380116042026
EMP00424,Dev Bhardwaj,22,1,Operations,50000,833,3000,814,1225,44128,0,3960,1563,3698,1498,10719,19598,2626,High,0.2429069978245105,0.44411711385061636,0.05950870195794054,0.03541968817984047
EMP00425,Muskan George,26,4,Finance,78637,2864,4718,1485,1967,67603,14460,10691,5193,3965,3448,37757,12566,2685,Medium,0.5585107169800156,0.18587932488203185,0.0397171723148381,0.07681611762791592
EMP00426,Mohit Rishabh Mehta,49,19,Data Science,145048,12343,8703,3989,2054,117959,0,15556,0,6321,6614,28491,20102,32592,High,0.24153307505150096,0.1704151442450343,0.2762993921616833,0.0
EMP00427,Mansi Pandey,48,22,HR,68656,1866,4119,1784,1952,58935,0,8812,20491,2934,2576,34813,15615,1545,Medium,0.5907016204292865,0.2649529142275388,0.02621532196487656,0.3476881309917706
EMP00428,Nikhil Jindal,31,12,Operations,68778,1878,4127,1661,2066,59046,18159,10398,0,9173,4252,41982,2243,1765,Low,0.7110049791687837,0.037987331910713684,0.029891948650204926,0.0
EMP00429,Aakash Gupta,58,22,Finance,114135,7120,6848,3632,1935,94600,0,16214,19855,5973,4306,46348,21194,5527,Medium,0.4899365750528541,0.22403805496828752,0.05842494714587738,0.20988372093023255
EMP00430,Nandini Kulkarni,49,25,Cyber Security,178204,19551,10692,2383,1782,143796,37433,23233,0,10160,9510,80336,24228,8933,Medium,0.5586803527219116,0.16848869231411165,0.06212272942223706,0.0
EMP00431,Neha Iyer,57,34,IT,150000,13333,9000,3045,1281,123341,11854,17911,0,9089,7080,45934,27141,12109,High,0.37241468773562725,0.220048483472649,0.09817497831215898,0.0
EMP00432,Saloni Ahuja,45,28,Operations,95000,4500,5700,1640,1808,81352,22963,12520,14459,2175,6570,58687,1172,470,Low,0.7213959091356082,0.014406529648933032,0.005777362572524339,0.17773379880027534
EMP00433,Tanvi Iyer,28,7,Operations,66518,1659,3991,2138,1341,57389,5396,7012,23016,4399,2445,42268,578,540,Low,0.7365174510794752,0.010071616511875098,0.009409468713516528,0.4010524665005489
EMP00434,Deepak Goel,44,17,Data Science,148749,13083,8925,3797,1739,121205,0,20575,23948,7927,7194,59644,22535,6956,Medium,0.492091910399736,0.18592467307454313,0.05739037168433646,0.19758260797821872
EMP00435,Aakash Trivedi,33,6,IT,92094,4209,5526,1623,1042,79694,20215,11982,13577,5710,4822,56306,11185,1973,Low,0.7065274675634301,0.1403493362110071,0.02475719627575476,0.17036414284638743
EMP00436,Jyoti Saini,60,22,IT,128095,9214,7686,3297,1924,105974,0,13866,20579,4662,2723,41830,35583,4853,Medium,0.3947194594900636,0.33577103817917603,0.045794251420159665,0.19418914073263252
EMP00437,Rashmi Bajaj,27,4,Marketing,59127,1290,3548,962,1683,51644,14966,5611,0,5261,2423,28261,8906,3217,Medium,0.5472271706296956,0.172449848965998,0.062291844163891254,0.0
EMP00438,Nandini Reddy,60,30,Operations,95000,4500,5700,1561,1743,81496,24919,11033,0,17180,6143,59275,2322,2348,Low,0.7273363109845882,0.028492195935996858,0.02881122999901836,0.0
EMP00439,Rohit Payal Rajput,42,21,Operations,84861,3486,5092,1998,841,73444,20686,9916,0,4490,4673,39765,1776,164,Medium,0.5414329284897337,0.02418168945046566,0.002232993845651108,0.0
EMP00440,Parth Tayal,26,6,Operations,59314,1299,3559,801,1736,51919,11056,7350,3054,2811,2848,27119,11865,3218,Medium,0.5223328646545581,0.22852905487393824,0.061981162965388394,0.05882239642520079
EMP00441,Lakshay Khandelwal,51,31,IT,150000,13333,9000,2890,1080,123697,0,18135,23943,8699,6511,57288,23712,7679,Medium,0.46313168468111593,0.19169422055506602,0.062079112670477055,0.19356168702555437
EMP00442,Akash Agarwal,29,4,Customer Support,38405,254,2304,753,1451,33643,8327,3918,0,3146,1238,16629,5406,4900,Medium,0.49427815593139734,0.16068721576553815,0.14564693992806824,0.0
EMP00443,Mansi Soni,41,16,Cyber Security,147162,12766,8830,2548,2337,120681,34647,17577,15046,10609,7078,84957,15600,4349,Low,0.7039799139881174,0.1292664131056256,0.03603715580745934,0.12467579817866939
EMP00444,Sonia Bajaj,52,29,IT,149243,13182,8955,3550,1195,122361,31392,19664,0,7619,8151,66826,25782,5992,Medium,0.5461380668677112,0.21070439110500894,0.04896985150497299,0.0
EMP00445,Garima Shetty,42,27,Customer Support,60000,1333,3600,2136,1522,51409,14894,6903,0,7490,4742,34029,3243,1558,Low,0.6619268999591511,0.0630823396681515,0.030305977552568617,0.0
EMP00446,Anjali Shukla,29,3,IT,88641,3864,5318,1663,1157,76639,6526,8577,3344,9825,6126,34398,8862,4748,Medium,0.44883153485823146,0.11563303279009382,0.061952791659598896,0.043633137175589455
EMP00447,Palak Somani,40,11,Finance,94691,4469,5681,1311,1482,81748,5611,10577,24766,2863,5090,48907,1287,160,Low,0.5982654009884034,0.015743504428242894,0.0019572344277535843,0.3029554239859079
EMP00448,Charu Trivedi,39,15,Data Science,134022,10138,8041,2789,1169,111885,27099,17294,7169,2931,3513,58006,31845,5425,Medium,0.5184430441971667,0.2846226035661617,0.04848728605264334,0.06407471957813826
EMP00449,Mohit Purohit,52,35,Finance,130000,9500,7800,3416,2216,107068,0,13694,0,5715,4560,23969,35356,10766,High,0.22386707512982404,0.33022004707288827,0.10055291963985505,0.0
EMP00450,Pankaj Chatterjee,43,22,Sales,80076,3008,4805,1669,1402,69192,0,13054,13781,5232,4585,36652,11490,5218,Medium,0.5297144178517748,0.1660596600763094,0.07541334258295757,0.19917042432651175
EMP00451,Rohit Khushi Mathew,36,18,Product Management,187939,21985,11276,2936,1146,150596,14138,20388,0,10010,8093,52629,22164,44122,Medium,0.34947143350420995,0.14717522377752398,0.2929825493372998,0.0
EMP00452,Rishabh Mittal,59,35,Customer Support,60000,1333,3600,1551,1976,51540,0,7215,17401,1220,3359,29195,1169,307,Low,0.566453240201785,0.0226814124951494,0.005956538610787738,0.33762126503686457
EMP00453,Lokesh Jain,57,27,Cyber Security,169948,17487,10197,2645,915,138704,0,12133,45687,13844,6668,78332,20755,20290,Medium,0.5647421847964009,0.14963519437074635,0.146282731572269,0.32938487714846004
EMP00454,Rohan Bajaj,31,8,HR,49372,802,2962,827,2077,42704,12396,6802,7157,2043,2109,30507,936,141,Low,0.7143827276133383,0.021918321468714873,0.00330179842637692,0.1675955414012739
EMP00455,Ravi Mehta,48,23,Data Science,166568,16647,9994,3317,1779,134831,35233,20821,7190,10639,7265,81148,26137,4205,Medium,0.6018497229865536,0.19385007898776987,0.031187189889565457,0.053326015530553064
EMP00456,Charu Rajput,30,6,Customer Support,42566,462,2554,978,1949,36623,0,6003,0,1346,2786,10135,224,355,Medium,0.27673866149687354,0.006116374955628976,0.009693362094858422,0.0
EMP00457,Vidhi Bajaj,28,4,Sales,49878,827,2993,762,2324,42972,10554,4782,0,4002,2617,21955,8305,2302,Medium,0.510914083589314,0.19326538210928046,0.0535697663594899,0.0
EMP00458,Aarav Mishra,53,28,IT,142109,11755,8527,2706,1727,117394,0,16816,0,5799,4720,27335,29464,27392,High,0.23284835681551017,0.25098386629640357,0.2333339012215275,0.0
EMP00459,Karan Aditya Pawar,50,28,Sales,85000,3500,5100,1446,2067,72887,17121,10373,3593,4962,3616,39665,15682,2891,Medium,0.5441985539259402,0.21515496590612868,0.03966413763771317,0.04929548479152661
EMP00460,Ayaan Mundra,46,15,Sales,70726,2073,4244,1243,1530,61636,0,10427,0,4399,3410,18236,19788,4464,High,0.29586605230709323,0.32104614186514374,0.07242520604841327,0.0
EMP00461,Rohit Porwal,26,3,Sales,51858,926,3111,1139,1643,45039,0,7142,15477,2805,1869,27293,8097,1937,Low,0.6059859233109083,0.17977752614400852,0.043007171562423674,0.3436355158862319
EMP00462,Pankaj Mohanty,42,24,Customer Support,55800,1123,3348,715,1591,49023,11007,5819,0,3512,1322,21660,18606,1466,Medium,0.4418334251269812,0.3795361360993819,0.029904330620321072,0.0
EMP00463,Sai Joshi,46,27,Product Management,203827,26148,12230,3104,1241,161104,0,25076,34469,7477,6778,73800,21207,29098,Medium,0.45808918462608006,0.13163546528950243,0.18061624788956201,0.2139549607706823
EMP00464,Shruti Ayaan Bagri,34,6,Sales,53335,1000,3200,884,2367,45884,16499,6032,0,9435,3975,35941,1701,1114,Low,0.783301368668817,0.03707174614244617,0.024278615639438585,0.0
EMP00465,Kartik Shinde,57,26,Operations,95000,4500,5700,1280,1539,81981,16641,12633,0,5359,3447,38080,11137,18823,High,0.46449787145802074,0.13584855027384393,0.22960198094680476,0.0
EMP00466,Aditi Fernandes,56,29,Operations,95000,4500,5700,1914,2305,80581,0,9748,19087,3135,1765,33735,28549,4087,Medium,0.418647075613358,0.3542894727044837,0.050719152157456475,0.23686725158536132
EMP00467,Avantika Ghosh,25,1,Sales,45000,583,2700,877,1014,39826,0,4334,8694,3766,2260,19054,9705,2630,Medium,0.47843117561392057,0.2436850298799779,0.0660372620900919,0.21829960327424297
EMP00468,Aman Tayal,23,1,Sales,45303,598,2718,726,1247,40014,0,5370,0,2412,1887,9669,1325,84,Medium,0.24164042585095216,0.03311341030639276,0.002099265257159994,0.0
EMP00469,Prateek Jadhav,36,9,Sales,63099,1488,3786,1781,1141,54903,0,5229,15998,4488,2507,28222,11764,2952,Medium,0.5140338415022858,0.21426880134054604,0.053767553685590955,0.2913866273245542
EMP00470,Garima Ahuja,38,16,Data Science,142291,11792,8537,3108,1870,116984,0,17724,31069,2543,8941,60277,4001,1639,Low,0.5152584968884634,0.034201258291732206,0.014010462969294946,0.26558332763454834
EMP00471,Ayush Das,39,9,Data Science,118556,7783,7113,2451,935,100274,5816,15891,4402,6112,6439,38660,22346,6986,Medium,0.38554361050721025,0.22284939266410037,0.06966910664778507,0.04389971478149869
EMP00472,Deepak Trivedi,46,21,HR,67605,1760,4056,1253,1158,59378,0,9448,0,4078,3295,16821,12284,16694,High,0.28328673919633535,0.20687796827107682,0.2811478998955842,0.0
EMP00473,Tushar Shinde,43,26,Operations,95000,4500,5700,2026,1732,81042,7086,13969,0,6503,4254,31812,24322,4900,High,0.39253720293181316,0.3001159892401471,0.060462476246884334,0.0
EMP00474,Rishabh Mehta,22,2,Operations,54477,1057,3269,872,1173,48106,17113,6318,2810,7912,3587,37740,1315,1324,Low,0.7845175238016048,0.027335467509250404,0.027522554359123604,0.05841267201596474
EMP00475,Rohit Thomas,50,15,HR,58675,1267,3520,729,1502,51657,0,6652,11577,1779,1369,21377,16197,3339,Medium,0.41382581257138434,0.3135489865845868,0.06463789999419246,0.22411289854230793
EMP00476,Kartik Mohanty,24,1,Marketing,50843,875,3051,731,1746,44440,0,3664,4040,3817,1496,13017,6650,10920,Medium,0.2929117911791179,0.14963996399639964,0.24572457245724572,0.09090909090909091
EMP00477,Vaishnavi Yuvraj More,58,33,Operations,95000,4500,5700,1225,1637,81938,5784,12598,3650,4861,5149,32042,18259,5415,Medium,0.39105177085113135,0.22283921989797165,0.06608655324757744,0.044545876150259955
EMP00478,Aman Divya Mohanty,54,33,Customer Support,60000,1333,3600,1280,1587,52200,0,8828,17192,2401,3513,31934,1336,492,Low,0.6117624521072796,0.025593869731800768,0.00942528735632184,0.3293486590038314
EMP00479,Khushi Bajaj,42,19,Data Science,144447,12223,8667,2672,1230,119655,0,16824,23093,3627,6975,50519,1593,2655,Medium,0.42220550750073127,0.01331327566754419,0.022188792779240317,0.19299653169529063
EMP00480,Dhruv Jindal,30,6,Data Science,103224,5484,6193,3829,1562,86156,0,11195,0,3680,2835,17710,18351,21709,High,0.20555736106597336,0.21299735363758762,0.2519731649565904,0.0
EMP00481,Sonali Pillai,48,19,Marketing,76504,2650,4590,2053,1173,66038,7482,8171,8961,13380,4635,42629,5492,3401,Low,0.6455222750537569,0.08316423877161634,0.05150065114025258,0.13569460007874254
EMP00482,Rohit Naidu,24,0,Marketing,51223,894,3073,848,1506,44902,10060,4113,2679,3355,1606,21813,13024,1688,Medium,0.48579127878490935,0.2900538951494365,0.0375929802681395,0.059663266669636096
EMP00483,Amit Rathore,59,30,Customer Support,60000,1333,3600,1730,2514,50823,0,8454,0,1055,3862,13371,3305,1248,Medium,0.26308954607166046,0.06502961257698286,0.02455581134525707,0.0
EMP00484,Abhishek Iyer,42,16,Finance,103891,5584,6233,2546,1096,88432,9614,12503,6011,4062,3013,35203,35120,2728,High,0.39807988058621313,0.3971413063144563,0.030848561606658224,0.0679731318979555
EMP00485,Khushi Shinde,23,2,Data Science,96918,4692,5815,1502,1371,83538,0,10731,0,6587,3640,20958,13258,27554,High,0.25087983911513323,0.15870621752974695,0.32983791807321217,0.0
EMP00486,Shruti Ahuja,54,32,Cyber Security,180000,20000,10800,3608,1667,143925,43079,23426,0,23753,11488,101746,5774,5775,Low,0.7069376411325343,0.04011811707486538,0.040125065138092754,0.0
EMP00487,Neha Mishra,36,18,Data Science,140563,11446,8434,2778,949,116956,6398,17097,11440,6588,5045,46568,28651,8698,Medium,0.3981668319709976,0.2449724682786689,0.07436984849003044,0.09781456274154383
EMP00488,Dev Bagri,33,9,Operations,68376,1838,4103,1812,2045,58578,16808,7384,6135,5864,2863,39054,9634,2137,Medium,0.666700809177507,0.16446447471747072,0.036481272832804126,0.10473215200245826
EMP00489,Harsh Thomas,44,26,Finance,130000,9500,7800,3043,1130,108527,25784,19593,12129,3640,6614,67760,1625,1786,Low,0.6243607581523491,0.014973232467496567,0.01645673426889161,0.11176020713739439
EMP00490,Ravi Naidu,43,25,Operations,94053,4405,5643,1748,1436,80821,22402,12513,9316,11786,4570,60587,2173,2186,Low,0.749644275621435,0.02688657650858069,0.027047425792801377,0.11526707167691565
EMP00491,Pooja Tomar,56,28,Product Management,210421,28126,12625,2965,1421,165284,0,30076,43842,28857,10901,113676,7352,4533,Low,0.6877616708211322,0.04448101449626098,0.027425522131603784,0.26525253503061397
EMP00492,Saloni Bhardwaj,24,2,Marketing,50642,865,3039,1141,833,44764,13435,4924,0,5570,3380,27309,2770,2690,Low,0.6100661245643821,0.06188008220891788,0.06009293182021267,0.0
EMP00493,Aisha Gupta,41,27,Finance,126684,9003,7601,2741,2356,104983,24385,15594,0,6716,5302,51997,26439,5913,High,0.49528971357267365,0.2518407742205881,0.05632340474172009,0.0
EMP00494,Arjun Tomar,28,5,Data Science,105349,5802,6321,3353,1494,88379,0,13267,0,6065,3803,23135,26781,8993,High,0.2617703300557825,0.30302447413978434,0.10175494178481313,0.0
EMP00495,Sakshi Saini,55,29,IT,150000,13333,9000,2274,1885,123508,0,17451,42377,5886,5482,71196,14252,19447,Medium,0.5764484891666937,0.11539333484470642,0.1574553875052628,0.3431113774006542
EMP00496,Aman Malhotra,28,5,Marketing,54518,1059,3271,785,1157,48246,0,8161,0,3398,2660,14219,13424,3988,High,0.29471873315922564,0.27824068316544376,0.08265970235874477,0.0
EMP00497,Hemant Soni,40,18,Cyber Security,151933,13720,9116,2489,1433,125175,0,17748,29558,7975,7653,62934,21111,17803,Medium,0.5027681246255242,0.16865188735769923,0.14222488516077492,0.23613341322148992
EMP00498,Neha Jain,42,21,IT,128695,9304,7722,2584,1851,107234,24475,13707,0,9871,4417,52470,20750,6069,Medium,0.4893037655967324,0.19350206091351624,0.05659585579200627,0.0
EMP00499,Shivam Kumawat,49,24,Marketing,90000,4000,5400,1754,1189,77657,0,7451,20874,6492,3015,37832,11404,16219,Medium,0.4871679307724996,0.1468508956050324,0.2088543209240635,0.2687974039687343
EMP00500,Charu Rathore,52,28,IT,145907,12515,8754,2500,1730,120408,0,17591,35282,3268,6579,62720,677,1597,Low,0.5208956215533852,0.005622549996677962,0.013263238323035014,0.293020397315793
EMP00501,Neha Bedi,46,27,Finance,130000,9500,7800,2360,1501,108839,9712,16227,0,4715,4270,34924,43394,5641,High,0.3208776265860583,0.39869899576438594,0.0518288481151058,0.0
EMP00502,Vivek Soni,51,33,Marketing,90000,4000,5400,1591,903,78106,24073,14019,0,11141,4808,54041,3392,3405,Medium,0.6918930683942335,0.04342816172893248,0.043594602207256805,0.0
EMP00503,Rupal Sabharwal,52,34,IT,150000,13333,9000,3886,1786,121995,0,22073,22557,9842,5713,60185,28459,7907,Medium,0.4933398909791385,0.23328005246116645,0.0648141317267101,0.18490102053362842
EMP00504,Garima Joshi,29,2,HR,43190,493,2591,1136,1388,37582,0,6900,12798,1390,3039,24127,542,541,Low,0.6419828641370869,0.014421797669096908,0.014395189186312597,0.34053536267362033
EMP00505,Pallavi Tarun Fernandes,25,0,Data Science,90000,4000,5400,1245,1877,77478,0,7794,7110,5395,3801,24100,27608,6263,High,0.3110560417150675,0.3563334107746715,0.08083585017682439,0.09176798575079377
EMP00506,Simran Lodha,33,6,Data Science,107966,6195,6478,2645,2059,90589,0,16023,0,5389,6061,27473,23347,6177,High,0.30327081654505517,0.25772444778063563,0.06818708673238473,0.0
EMP00507,Diya Arora,40,10,Cyber Security,130492,9574,7830,2608,1372,109108,0,17062,27980,16677,10337,72056,3909,6081,Low,0.6604098691205045,0.035826887121017705,0.05573376837628771,0.25644315723869926
EMP00508,Avantika Tayal,35,11,Finance,94175,4418,5650,2191,1689,80227,0,9665,5048,3634,2726,21073,17038,19982,High,0.2626671818714398,0.21237239333391503,0.249068268787316,0.06292146035623918
EMP00509,Ayaan Seth,46,25,Sales,83165,3316,4990,1362,1743,71754,0,10214,22089,2313,4508,39124,1937,1066,Low,0.5452518326504445,0.026995010731109065,0.014856314630543245,0.3078434651726733
EMP00510,Palak Nagpal,37,12,Marketing,67032,1703,4022,2194,2232,56881,12453,7310,2561,2190,2364,26878,18146,2907,Medium,0.47253037042246093,0.31901689492097535,0.05110669643641989,0.04502382166276964
EMP00511,Ashish Patel,58,26,IT,140392,11412,8424,3841,1821,114894,24501,10293,0,6939,2808,44541,38620,6933,High,0.38767037443208524,0.33613591658398173,0.06034257663585566,0.0
EMP00512,Neha Roy,52,27,Finance,130000,9500,7800,3568,1526,107606,0,9666,35797,8449,4747,58659,28630,3848,Medium,0.545127595115514,0.2660632306748694,0.035760087727450145,0.33266732338345445
EMP00513,Jyoti Muskan Swain,26,4,HR,42284,448,2537,888,1985,36426,0,6541,7721,1039,2265,17566,640,596,Low,0.48223796189534945,0.017569867676934057,0.01636193927414484,0.21196398177126227
EMP00514,Ayaan Purohit,46,25,Operations,92596,4260,5556,1607,1430,79743,0,9870,0,9612,5340,24822,10226,6186,Medium,0.3112749708438358,0.128236961237977,0.07757420714043865,0.0
EMP00515,Preeti Parmar,51,22,HR,63923,1529,3835,1464,1960,55135,0,10541,11601,3696,3700,29538,12301,2101,Medium,0.535739548381246,0.22310691937970437,0.03810646594722046,0.21041080983041624
EMP00516,Saloni Soni,59,30,Data Science,170000,17500,10200,3151,1012,138137,0,21804,40716,10285,5735,78540,23248,6518,Medium,0.5685659888371689,0.1682966909662147,0.047185040937619896,0.294750863273417
EMP00517,Vikram Nikhil Bohra,48,15,HR,54471,1057,3268,972,1689,47485,11010,7751,0,2812,2581,24154,11381,2872,Medium,0.5086658944929978,0.23967568705907127,0.06048225755501738,0.0
EMP00518,Hemant Muskan Sandhu,58,36,IT,150000,13333,9000,3863,1884,121920,0,19049,25758,20008,11131,75946,9719,3913,Low,0.6229166666666667,0.07971620734908136,0.03209481627296588,0.21126968503937008
EMP00519,Khushi Purohit,49,16,Operations,81127,3113,4868,2074,1230,69842,0,10336,15859,4148,3320,33663,12173,12859,Medium,0.48198791558088255,0.17429340511440108,0.18411557515535065,0.22706967154434293
EMP00520,Rishabh Maheshwari,23,3,Sales,53445,1006,3207,862,1222,47148,0,5801,0,4408,2666,12875,13686,3889,High,0.27307627046746413,0.2902774242809875,0.08248494103673538,0.0
EMP00521,Sumit Kohli,57,22,Finance,115364,7305,6922,2631,1757,96749,23052,10839,9748,8416,3288,55343,23120,3320,Medium,0.5720265842541008,0.23896887823129956,0.03431560016124198,0.10075556336499603
EMP00522,Diya Pawar,59,27,Sales,85000,3500,5100,1769,1711,72920,0,11518,15745,8650,5688,41601,7195,4262,Low,0.5705019199122325,0.09866977509599562,0.05844761382336808,0.21592155787164016
EMP00523,Reema Chaudhary,47,23,Finance,121413,8212,7285,3777,1489,100650,0,16809,33937,2439,7397,60582,1603,6,Low,0.6019076005961251,0.015926477893691008,5.961251862891207e-05,0.33717834078489817
EMP00524,Rashmi More,33,6,Finance,84667,3467,5080,1229,1313,73578,16753,9022,0,3357,3639,32771,12350,16800,High,0.4453912854385822,0.1678490853244176,0.2283291201174264,0.0
EMP00525,Rajat Pandey,23,3,Sales,49871,827,2992,789,1603,43660,0,5248,0,2807,2202,10257,591,757,Medium,0.23492899679340357,0.013536417773705909,0.01733852496564361,0.0
EMP00526,Ankit Rajput,43,28,Customer Support,60000,1333,3600,1966,1888,51213,3493,8493,20976,1985,3091,38038,31,316,Low,0.7427411008923516,0.0006053150567238787,0.0061703083201530865,0.4095835041883897
EMP00527,Prachi Bhatia,25,2,Operations,55738,1120,3344,1174,1963,48137,10873,5653,0,3088,2009,21623,14010,2180,Medium,0.4491970833246775,0.29104431102893824,0.04528740885389617,0.0
EMP00528,Anjali Sabharwal,43,25,Marketing,89268,3927,5356,1550,1655,76780,0,13335,17585,4430,4000,39350,15137,3993,Medium,0.5125032560562647,0.19714769471216462,0.052005730659025785,0.2290309976556395
EMP00529,Kartik Jindal,32,9,HR,54732,1070,3284,765,1610,48003,11171,4904,6282,5178,2709,30244,7486,2466,Medium,0.6300439555861092,0.15594858654667418,0.05137178926317105,0.13086682082369852
EMP00530,Shivam Bhardwaj,59,38,Finance,130000,9500,7800,3983,1473,107244,0,14588,22040,14558,8729,59915,5582,4997,Low,0.5586792734325463,0.052049531908545,0.046594681287531234,0.20551266271306554
EMP00531,Swati Verma,53,36,Sales,85000,3500,5100,2119,1563,72718,0,10022,19700,2967,5261,37950,3374,88,Low,0.5218790395775461,0.04639841579801424,0.0012101542946725708,0.27090954096647324
EMP00532,Rashmi Rajput,38,10,Marketing,66909,1691,4015,1241,2177,57785,15926,7845,5823,2963,3309,35866,5953,6700,Medium,0.6206801072942805,0.10301981483083845,0.11594704508090335,0.1007700960456866
EMP00533,Ishaan Srivastava,25,2,Operations,54188,1043,3251,801,1368,47725,11966,5119,0,4201,2243,23529,7144,9398,High,0.49301204819277106,0.14969093766369826,0.19691985332634887,0.0
EMP00534,Shruti Dubey,48,24,Cyber Security,170837,17709,10250,3521,1977,137380,29914,21020,0,7218,5229,63381,25615,23907,High,0.4613553646819042,0.1864536322608822,0.17402096375018197,0.0
EMP00535,Tushar Jindal,32,7,IT,102277,5342,6137,2901,1575,86322,16460,9184,0,5855,3969,35468,27566,5058,Medium,0.410880192766618,0.31933921827575823,0.05859456453742962,0.0
EMP00536,Ankit Soni,47,27,IT,146159,12565,8770,3170,1698,119956,39156,19485,0,21288,9293,89222,4493,4102,Low,0.7437893894427957,0.03745540031344827,0.03419587181966721,0.0
EMP00537,Lakshay Joshi,48,15,Marketing,72541,2254,4352,2198,1012,62725,0,10340,15849,1878,3718,31785,2287,1143,Low,0.5067357512953368,0.03646074133120765,0.018222399362295735,0.2526743722598645
EMP00538,Ankit Seth,39,9,IT,108882,6332,6533,3162,1908,90947,0,14283,17939,6016,4198,42436,19667,6991,Medium,0.4666014272048556,0.21624682507394416,0.0768689456496641,0.1972467481060398
EMP00539,Monika Kapoor,29,5,IT,95435,4544,5726,2044,1366,81755,18377,11559,0,5093,4001,39030,9445,18436,High,0.47740199376184944,0.1155281022567427,0.2255030273377775,0.0
EMP00540,Sonia Naidu,42,28,Finance,127478,9122,7649,3159,1692,105856,26665,14188,12817,6231,5496,65397,14452,5275,Low,0.6177920949214026,0.1365250906892382,0.04983184703748488,0.12107957980652963
EMP00541,Tushar Khandelwal,54,33,IT,150000,13333,9000,3818,1704,122145,0,22146,33028,5439,9138,69751,460,2395,Low,0.5710508002783576,0.003766015800892382,0.0196078431372549,0.270399934504073
EMP00542,Rishabh Menon,26,7,HR,48488,758,2909,1033,1178,42610,10143,4305,2503,2221,1985,21157,10807,1837,Medium,0.4965266369396855,0.2536259094109364,0.043111945552687166,0.058742079324102324
EMP00543,Deepak Mohanty,49,17,Data Science,139304,11194,8358,3538,2218,113996,0,17079,26497,6138,6482,56196,28419,4523,Medium,0.4929646654268571,0.24929822099021018,0.03967683076599179,0.23243798028000984
EMP00544,Prateek Lakhotia,26,4,Operations,56548,1161,3393,838,1557,49599,0,8159,8271,2092,2217,20739,142,630,Medium,0.418133430109478,0.002862960946793282,0.01270186898929414,0.1667573943023045
EMP00545,Simran Mohit Iyer,34,8,Operations,66180,1642,3971,1941,1259,57367,0,7613,12189,4660,4217,28679,1032,353,Low,0.4999215576899611,0.017989436435581433,0.006153363431938222,0.21247407045862604
EMP00546,Lakshay Kulkarni,22,3,Operations,55403,1103,3324,922,1706,48348,4013,5582,3015,2823,1145,16578,17467,2953,High,0.3428890543559196,0.36127657814180525,0.06107801770497229,0.06236038719285182
EMP00547,Mansi Pillai,30,6,IT,89549,3955,5373,2087,1889,76245,17900,10411,0,4994,3632,36937,19212,4595,High,0.4844514394386517,0.2519771788313988,0.06026624696701423,0.0
EMP00548,Saurabh Kumawat,47,25,Finance,128257,9239,7695,2258,1365,107700,0,11995,22494,5754,3306,43549,34933,5610,Medium,0.40435468895078924,0.3243546889507892,0.052089136490250695,0.20885793871866296
EMP00549,Sneha More,26,2,Customer Support,35237,95,2114,1138,1545,30345,7704,5218,0,670,1748,15340,1247,393,Medium,0.5055198550008239,0.04109408469270061,0.012951062778052398,0.0
EMP00550,Monika Kulkarni,31,8,Sales,58580,1262,3515,753,1355,51695,15477,9100,0,2632,3984,31193,270,427,Medium,0.6034045845826482,0.005222942257471709,0.008259986459038592,0.0
EMP00551,Trisha Rawat,31,5,Marketing,58713,1269,3523,707,1177,52037,15772,6491,0,9138,4050,35451,2193,2334,Low,0.6812652535695755,0.042143090493302844,0.044852700962776486,0.0
EMP00552,Nitin Nagpal,39,18,Marketing,77865,2786,4672,2026,2419,65962,16736,9115,5445,4604,3040,38940,2635,1012,Low,0.590339892665474,0.03994724235165702,0.015342166702040569,0.08254752736424002
EMP00553,Harsh Kohli,29,6,Marketing,57495,1208,3450,1194,1674,49969,15896,6985,7662,6020,3943,40506,1162,1544,Low,0.810622586003322,0.023254417738998178,0.030899157477636136,0.15333506774200004
EMP00554,Ritika Tiwari,45,23,Data Science,150998,13533,9060,3500,1350,123555,0,14171,0,6045,4845,25061,27407,34424,High,0.20283274655011937,0.221820241997491,0.2786127635465987,0.0
EMP00555,Divya Mayank Goel,52,36,Finance,130000,9500,7800,2838,861,109001,0,14110,0,21159,7686,42955,8184,8211,Medium,0.3940789534040972,0.07508187998275245,0.07532958413225567,0.0
EMP00556,Rishabh Chopra,44,16,Data Science,134603,10254,8076,3576,1690,111007,28652,18357,0,7750,5356,60115,21158,6905,Medium,0.5415424252524615,0.19060059275541183,0.06220328447755547,0.0
EMP00557,Reema Bhatia,56,36,IT,150000,13333,9000,2981,1390,123296,0,22433,28295,8438,5480,64646,26965,7794,Medium,0.5243154684661303,0.21870133662081495,0.06321372956138074,0.22948838567350116
EMP00558,Swati Reddy,53,35,HR,70000,2000,4200,1950,1909,59941,12854,9812,0,3934,2716,29316,12711,3163,Medium,0.4890809295807544,0.21205852421547855,0.05276855574648404,0.0
EMP00559,Preeti Akash Bhardwaj,53,34,Sales,85000,3500,5100,2176,1138,73086,22101,11861,4913,2300,5408,46583,2259,695,Low,0.6373724105847905,0.030908792381577867,0.00950934515502285,0.06722217661385217
EMP00560,Vivek Ghosh,49,25,Customer Support,60000,1333,3600,1301,1018,52748,0,7505,0,1541,1873,10919,21314,4017,Medium,0.20700310912262077,0.4040721923106089,0.07615454614392962,0.0
EMP00561,Sonia Roy,38,10,Data Science,122743,8411,7365,3799,2128,101040,0,16248,32421,2440,4411,55520,28582,3071,Medium,0.5494853523357086,0.2828780680918448,0.03039390340459224,0.3208729216152019
EMP00562,Garima George,46,18,Cyber Security,157229,14779,9434,3745,1428,127843,0,21209,7414,7083,7495,43201,30589,8613,Medium,0.33792229531534773,0.23927004216108821,0.06737169809844888,0.057993007047706956
EMP00563,Yash Suri,60,34,Operations,95000,4500,5700,2143,1451,81206,0,13279,16757,6122,3130,39288,16083,5671,Medium,0.4838066152747334,0.1980518680885649,0.06983474127527523,0.206351747407827
EMP00564,Yash Verma,50,25,Operations,95000,4500,5700,1694,2101,81005,0,12203,22505,5851,3918,44477,14218,5124,Medium,0.5490648725387322,0.17552002962780075,0.06325535460774026,0.27782235664465155
EMP00565,Tushar Sandhu,45,27,Operations,95000,4500,5700,1527,1215,82058,5521,9142,14615,6620,3171,39069,25585,3156,Medium,0.4761144556289454,0.3117916595578737,0.03846060103828999,0.1781057300933486
EMP00566,Kavya Chauhan,44,26,Marketing,90000,4000,5400,1671,2158,76771,0,8189,25510,11674,6128,51501,2769,3048,Low,0.6708392491956598,0.03606830704302406,0.039702491826340676,0.33228693126310715
EMP00567,Namrata Agarwal,39,17,Data Science,143638,12061,8618,3765,1961,117233,29098,19752,0,9511,5378,63739,23053,6640,Medium,0.5436950346745371,0.19664258357288478,0.056639342164748835,0.0
EMP00568,Nikita Kapoor,25,2,Sales,51327,900,3080,782,1583,44982,2342,6584,0,7514,3061,19501,4091,3638,Medium,0.4335289671424125,0.09094749010715397,0.08087679516250945,0.0
EMP00569,Rupal Nitin Pillai,46,27,Finance,124847,8727,7491,2927,1426,104276,0,17687,24792,15786,7980,66245,3919,5479,Low,0.6352852046492002,0.03758295293260194,0.05254325060416587,0.23775365376500826
EMP00570,Ritika Kunal Verma,45,16,IT,119328,7899,7160,3353,1179,99737,22656,16460,0,6399,5385,50900,23623,5563,Medium,0.5103421999859631,0.2368529231879844,0.05577669270180575,0.0
EMP00571,Kartik Agarwal,33,7,Operations,63310,1499,3799,2026,1833,54153,0,6268,2045,1941,1523,11777,25041,3742,High,0.21747640943253374,0.46241205473380975,0.06910051151367422,0.03776337414363008
EMP00572,Nitin Rajput,29,7,Sales,55756,1121,3345,796,1297,49197,15299,8795,0,1200,3177,28471,1375,310,Low,0.578714149236742,0.02794885867024412,0.00630119722747322,0.0
EMP00573,Megha Mundra,55,38,Finance,130000,9500,7800,3763,1723,107214,0,16360,26385,6949,6806,56500,19935,6722,Medium,0.5269834163448803,0.18593653813867592,0.06269703583487231,0.24609659186300298
EMP00574,Simran Pradhan,34,6,Cyber Security,113201,6980,6792,3294,1258,94877,24351,9835,0,9645,4572,48403,14043,13262,Medium,0.5101657936064589,0.14801269011456938,0.13978097958409308,0.0
EMP00575,Varun Chauhan,35,6,HR,43851,526,2631,953,1028,38713,0,3989,0,2494,2738,9221,975,252,Medium,0.23818872213468345,0.02518533825846615,0.0065094412729574044,0.0
EMP00576,Palak Rajput,47,15,IT,115122,7268,6907,3593,1469,95885,4863,16281,15750,10842,8583,56319,5461,3446,Low,0.587359858163425,0.05695364238410596,0.03593888512280336,0.16425926891588882
EMP00577,Priya Malhotra,47,15,Marketing,75631,2563,4538,1317,1740,65473,19029,11569,0,4017,3334,37949,13165,2529,Medium,0.579612970232004,0.20107525239411667,0.03862660944206009,0.0
EMP00578,Sakshi Ayaan Srivastava,34,6,Sales,52326,950,3140,757,1530,45949,11732,6864,6419,925,3370,29310,1276,145,Low,0.6378811290778907,0.02776991882304294,0.003155672593527607,0.1396983612265773
EMP00579,Vivaan Mishra,35,10,IT,108166,6225,6490,2917,1053,91481,17621,7329,0,6944,4688,36582,11551,19470,Medium,0.3998863151911326,0.1262666564641838,0.21283107967774728,0.0
EMP00580,Vaishnavi Jain,31,10,IT,107427,6114,6446,3675,1608,89584,0,11313,4423,5410,5305,26451,29314,5192,Medium,0.2952647794248973,0.3272236113591713,0.05795677799607073,0.049372655831398465
EMP00581,Vidhi Pillai,56,24,IT,141340,11601,8480,3604,2033,115622,0,17487,30230,7355,4792,59864,18507,16568,Medium,0.5177561363754303,0.16006469357042777,0.1432945287229074,0.26145543235716384
EMP00582,Shivam Avantika Ahuja,46,19,Operations,79863,2986,4792,1670,1551,68864,5399,7479,0,5419,3798,22095,12606,15973,High,0.3208497908921933,0.18305645910780668,0.23194993029739777,0.0
EMP00583,Rakesh Rajput,47,17,Marketing,75056,2506,4503,2170,2181,63696,0,9734,12642,9972,4719,37067,5990,3663,Low,0.5819360713388596,0.09404044209997488,0.05750753579502638,0.198474001507159
EMP00584,Ankit Lakhotia,35,10,Sales,59584,1313,3575,1182,1260,52254,17513,8017,0,8912,3723,38165,2278,1735,Low,0.7303747081563134,0.04359474872737015,0.03320319975504268,0.0
EMP00585,Pallavi Soni,30,5,Finance,79326,2933,4760,1892,857,68884,0,8227,0,2044,2816,13087,38589,3110,High,0.18998606352708902,0.5602026595435805,0.04514836536786482,0.0
EMP00586,Priya Pillai,42,24,Customer Support,56568,1162,3394,751,1624,49637,4630,7310,0,3202,3472,18614,14069,4075,High,0.3750025182827326,0.2834377581239801,0.08209601708403005,0.0
EMP00587,Kartik Kulkarni,29,7,Customer Support,40590,363,2435,942,1387,35463,0,5436,9080,1745,1888,18149,7805,1753,Medium,0.511772833657615,0.22008854298846686,0.04943180215999774,0.25604150805064435
EMP00588,Nandini Goel,45,16,IT,122910,8436,7375,3819,1847,101433,27479,15737,14102,7854,5018,70190,12119,3850,Medium,0.6919838711267536,0.1194778819516331,0.037956089241173975,0.13902773259195725
EMP00589,Abhishek Patel,55,22,HR,66886,1689,4013,1659,1075,58450,14474,8520,0,4692,2432,30118,12354,2880,Medium,0.5152780153977758,0.2113601368691189,0.04927288280581694,0.0
EMP00590,Tarun Wadhwa,46,15,Marketing,75693,2569,4542,2074,2051,64457,0,6612,12515,5739,3692,28558,16902,4585,Medium,0.4430550599624556,0.2622213258451371,0.07113269311323828,0.19416044805063842
EMP00591,Harsh Reddy,54,25,IT,135431,10420,8126,2515,1191,113179,0,16194,23378,11867,7945,59384,22546,7417,Medium,0.5246909762411754,0.19920656658920824,0.06553335866194258,0.20655775364687795
EMP00592,Manish Mehta,29,2,Marketing,52315,949,3139,701,1370,46156,0,5527,3665,8284,3131,20607,3659,3669,Medium,0.4464641650056331,0.07927463385042031,0.0794912904064477,0.07940462778403674
EMP00593,Aarav Mehta,25,3,Data Science,94185,4418,5651,2099,1558,80459,18048,10535,9388,7374,4378,49723,13093,3150,Medium,0.6179917722069626,0.1627288432617855,0.03915037472501522,0.11668054537093427
EMP00594,Vaishnavi Saini,37,16,IT,113439,7016,6806,2328,1151,96138,0,17071,29469,5329,5835,57704,18735,3667,Medium,0.600220516341093,0.1948761155838482,0.0381430859805696,0.3065281158334894
EMP00595,Namrata Arora,60,24,Sales,85000,3500,5100,1579,2009,72812,16551,11417,0,2508,5700,36176,3101,1630,Medium,0.49684118002527056,0.04258913365928693,0.02238641982090864,0.0
EMP00596,Reema Rawat,50,17,IT,114817,7223,6889,3814,1262,95629,0,8580,20203,7192,4121,40096,12355,20184,Medium,0.4192870363592634,0.12919721005134427,0.21106568091269384,0.21126436541216576
EMP00597,Vikram Roy,23,3,Finance,76196,2620,4572,1941,1967,65096,7636,4908,8311,3483,1606,25944,26963,2808,Medium,0.3985498340911884,0.4142036377043136,0.04313629101634509,0.12767297529802138
EMP00598,Shruti Mittal,41,25,IT,139486,11231,8369,3426,1514,114946,27016,16911,5575,6105,7271,62878,23599,6861,Medium,0.547022079933186,0.20530509978598646,0.05968889739529866,0.048501035268734886
EMP00599,Neha Somani,42,25,Customer Support,60000,1333,3600,1915,1423,51729,0,8857,0,3097,3066,15020,17752,3438,High,0.2903593728856154,0.3431730750642773,0.06646175259525605,0.0
EMP00600,Shreya Menon,31,10,IT,112067,6810,6724,2744,1661,94128,0,15201,20889,6031,4354,46475,22574,4972,Medium,0.493742563318035,0.23982236953935068,0.05282168961414244,0.2219212136664967
EMP00601,Shreya Arora,31,9,Customer Support,46450,656,2787,796,1756,40455,10159,7358,0,3197,1729,22443,7009,1809,Medium,0.5547645532072674,0.17325423309850452,0.04471635150166852,0.0
EMP00602,Nikita Yadav,48,16,Finance,102244,5337,6135,3416,1207,86149,6025,14382,0,4444,3658,28509,22997,6849,High,0.33092665033836727,0.26694447991270936,0.07950179340445043,0.0
EMP00603,Aman Tushar Roy,31,10,Operations,69235,1924,4154,1382,1363,60412,15948,10206,0,4712,2676,33542,9817,2837,Medium,0.555220817056214,0.16250082765013574,0.04696086870158247,0.0
EMP00604,Dhruv Nagpal,45,20,Finance,115379,7307,6923,2327,1891,96931,0,13356,31762,5185,3805,54108,19379,3573,Low,0.5582115112812207,0.19992572035778028,0.03686127245153769,0.3276763883587294
EMP00605,Deepak Rathore,36,15,IT,120966,8145,7258,3225,1721,100617,0,16921,30035,7046,4366,58368,18524,4054,Low,0.5801007781985151,0.18410407783972887,0.040291402049355475,0.2985082043789817
EMP00606,Aisha Tiwari,27,6,Operations,55746,1121,3345,1168,1609,48503,9872,6083,0,1268,1075,18298,16826,2045,Medium,0.37725501515370186,0.34690637692513865,0.04216234047378513,0.0
EMP00607,Rakesh Kunal Shukla,60,38,Operations,95000,4500,5700,1404,1890,81506,0,13388,23347,5809,5767,48311,12875,4087,Low,0.5927293696169608,0.15796383088361593,0.0501435477142787,0.2864451696807597
EMP00608,Divya Rawat,33,10,Data Science,119696,7954,7182,3432,2075,99053,28279,14649,7927,5214,4248,60317,13623,4456,Medium,0.6089366298850111,0.13753243213229283,0.04498601758654458,0.08002786387085702
EMP00609,Namrata Ghosh,22,2,HR,40707,369,2442,810,1893,35193,7177,2953,1305,2311,1740,15486,13729,1443,High,0.44003068792089334,0.39010598698604837,0.04100247208251641,0.0370812377461427
EMP00610,Nikhil Bansal,23,3,IT,88857,3886,5331,1911,1577,76152,0,7007,0,4849,1670,13526,36730,5090,High,0.17761844731589452,0.48232482403613824,0.06684000420212208,0.0
EMP00611,Atharv Sonia Lakhotia,33,5,Sales,57810,1224,3469,844,1628,50645,0,5952,9133,5414,3602,24101,12617,2695,Medium,0.4758811333794057,0.24912627110277422,0.053213545266067724,0.1803336953302399
EMP00612,Rahul Behera,36,8,Cyber Security,125929,8889,7556,2535,2109,104840,0,14735,36400,4426,2513,58074,29675,4084,Medium,0.5539297977871042,0.28305036245707743,0.03895459748187714,0.34719572682182376
EMP00613,Tushar Bansal,56,35,Finance,130000,9500,7800,2934,2091,107675,0,13721,0,3791,3714,21226,52565,7902,High,0.19713025307638726,0.48818202925470167,0.07338750870675645,0.0
EMP00614,Anurag Mehta,30,3,Operations,58616,1264,3517,978,1099,51758,14894,7175,0,5334,2804,30207,10247,2118,Medium,0.5836199234900885,0.19797905637775803,0.04092121024769118,0.0
EMP00615,Anurag Chauhan,47,23,Sales,85000,3500,5100,1969,1698,72733,22115,13565,0,2645,5815,44140,1987,408,Medium,0.6068772084198369,0.027319098620983598,0.005609558247288026,0.0
EMP00616,Rajat Dev Agarwal,35,6,Customer Support,37967,232,2278,1123,1170,33164,9930,5410,1638,3759,2485,23222,1874,1193,Low,0.7002171028826438,0.05650705584368593,0.03597274152695694,0.04939090580147148
EMP00617,Ayaan Mathew,59,23,Marketing,87661,3766,5260,1684,2339,74612,0,14289,26046,4930,5531,50796,11047,2026,Low,0.6808020157615396,0.14805929341124752,0.02715380903876052,0.3490859379188334
EMP00618,Anjali Bhardwaj,37,18,Customer Support,52473,957,3148,717,2054,45597,0,6288,14895,3288,3048,27519,7532,2111,Medium,0.6035265477991973,0.1651863061166305,0.04629690549816874,0.3266662280413185
EMP00619,Kunal Mukherjee,51,30,Marketing,90000,4000,5400,1320,2226,77054,18756,10989,13627,1560,4148,49080,697,528,Low,0.636955901056402,0.009045604381342954,0.006852337321878163,0.17685000129779116
EMP00620,Varun Chauhan,33,11,IT,110509,6576,6631,2668,1429,93205,0,10408,10874,7205,2093,30580,37890,5426,Medium,0.32809398637412157,0.4065232551901722,0.0582157609570302,0.11666756075317848
EMP00621,Ayaan Somani,56,25,HR,68962,1896,4138,1266,1510,60152,0,9501,11711,3631,2997,27840,14507,3643,Medium,0.4628275036574013,0.24117236334618966,0.0605632397925256,0.19469011836680408
EMP00622,Atharv Rathore,33,11,IT,108100,6215,6486,3000,917,91482,21959,9778,0,7812,4125,43674,20178,4735,Medium,0.4774053912245032,0.22056798058634486,0.05175881594193393,0.0
EMP00623,Amit Dubey,52,37,HR,70000,2000,4200,2079,1346,60375,0,10107,0,3314,2855,16276,19582,4691,Medium,0.2695817805383023,0.32433954451345753,0.07769772256728778,0.0
EMP00624,Tushar Singh,38,14,IT,115453,7318,6927,2594,1934,96680,23919,16518,0,5458,5872,51767,13263,14188,Medium,0.5354468349193214,0.13718452627223832,0.14675217211419114,0.0
EMP00625,Ishaan Pawar,55,31,Sales,85000,3500,5100,1286,1115,73999,0,13877,20054,9909,5680,49520,5931,2803,Low,0.669198232408546,0.0801497317531318,0.03787889025527372,0.2710036622116515
EMP00626,Rahul Narang,59,26,HR,70000,2000,4200,1831,1470,60499,0,9192,0,3682,2908,15782,16934,6869,High,0.26086381593084185,0.2799054529826939,0.11353906676143408,0.0
EMP00627,Dhruv Somani,34,10,Sales,62934,1480,3776,1392,1668,54618,16245,8749,5010,8711,3955,42670,1638,1648,Low,0.7812442784430041,0.02999011314951115,0.03017320297337874,0.09172800175766231
EMP00628,Riya Suri,53,33,Data Science,170000,17500,10200,2899,951,138450,27362,19369,0,7264,5109,59104,55397,4990,Medium,0.4268977970386421,0.400122788010112,0.03604189237992055,0.0
EMP00629,Manish Yuvraj Maheshwari,39,16,Sales,72514,2251,4351,1809,1793,62310,16241,6190,0,5351,3420,31202,12140,4332,Medium,0.5007542930508747,0.19483229016209277,0.06952335098700048,0.0
EMP00630,Diya Nitin Joshi,35,5,Operations,64707,1569,3882,1483,1457,56316,13592,9322,3249,3195,2502,31860,11515,3009,Medium,0.5657362028553165,0.20447119823851126,0.05343064138077989,0.057692307692307696
EMP00631,Rahul Pradhan,35,5,Customer Support,41124,390,2467,1114,1106,36047,8602,5773,0,740,1478,16593,11420,1897,High,0.46031569894859486,0.3168086109801093,0.05262573861902516,0.0
EMP00632,Dhruv Suri,36,9,Operations,64035,1535,3842,2071,1155,55432,0,9495,13013,7743,4683,34934,4627,2550,Low,0.6302135950353587,0.08347164092942705,0.046002309135517394,0.2347560975609756
EMP00633,Palak Wadhwa,45,17,Marketing,76593,2659,4596,1412,1594,66332,20211,9966,5092,7502,5517,48288,3028,2703,Low,0.7279744316468673,0.04564915877706085,0.04074956280528252,0.07676536211783151
EMP00634,Divya Naidu,46,15,Sales,65255,1596,3915,1556,1604,56584,0,8728,15292,6177,3282,33479,3632,2041,Low,0.5916690230453838,0.06418775625618549,0.03607026721334653,0.2702530750742259
EMP00635,Ankit Bansal,36,9,Marketing,64696,1568,3882,1281,1925,56040,13916,7006,1868,6390,3529,32709,10170,3005,Medium,0.5836723768736617,0.18147751605995718,0.05362241256245539,0.03333333333333333
EMP00636,Yuvraj Tiwari,33,9,Sales,59828,1325,3590,1008,1140,52765,0,6968,12807,7666,4321,31762,2689,3273,Low,0.6019520515493225,0.05096181180706908,0.062029754572159576,0.24271771060361982
EMP00637,Tarun D'Souza,42,28,IT,147479,12829,8849,3006,853,121942,27665,18855,0,6685,6393,59598,19141,18682,High,0.48874054878548817,0.15696806678584901,0.1532039822210559,0.0
EMP00638,Anjali Bose,46,17,IT,124910,8736,7495,3327,2158,103194,0,17795,0,6782,5187,29764,36020,6236,Medium,0.2884276217609551,0.3490513014322538,0.06042986995367948,0.0
EMP00639,Rakesh Kapoor,53,26,Operations,94961,4496,5698,1318,1903,81546,0,10778,23529,4170,5054,43531,17813,4544,Medium,0.5338214014176048,0.2184411252544576,0.05572315012385647,0.2885365315282172
EMP00640,Prateek Deshmukh,37,10,IT,106781,6017,6407,3152,1842,89363,21455,11960,0,5025,5586,44026,21900,5560,Medium,0.4926647493929255,0.24506786925237514,0.062218143974575604,0.0
EMP00641,Vidhi D'Souza,26,6,Cyber Security,109880,6482,6593,2338,1345,93122,22680,13923,9912,5906,4382,56803,15154,3882,Medium,0.6099847511866154,0.16273275917613453,0.04168724898520221,0.10644101286484396
EMP00642,Trisha Das,42,19,Finance,117081,7562,7025,3087,1327,98080,0,17670,31405,5882,6032,60989,17051,4279,Low,0.62182911908646,0.1738478792822186,0.043627650897226755,0.3201977977161501
EMP00643,Manish Bansal,31,7,Marketing,59316,1299,3559,721,801,52936,5707,5522,0,4564,3513,19306,11773,3423,Medium,0.3647045488892247,0.22240063472872904,0.06466298927006196,0.0
EMP00644,Abhishek Jindal,52,24,Data Science,155961,14526,9358,3862,1997,126218,0,22419,0,7651,7655,37725,37964,10953,High,0.2988876388470741,0.30078118810312315,0.08677843096864156,0.0
EMP00645,Avantika Behera,59,38,Marketing,90000,4000,5400,1644,1658,77298,4142,13894,0,4901,5494,28431,21172,6493,High,0.36781029263370335,0.27390100649434657,0.08399958601774948,0.0
EMP00646,Rupal Chatterjee,51,26,Customer Support,60000,1333,3600,1629,1671,51767,15998,8574,0,7579,5204,37355,1774,1862,Low,0.7215987018757123,0.03426893580852667,0.035968860470956404,0.0
EMP00647,Karan Mittal,23,2,Customer Support,39432,305,2366,1175,1730,33856,0,3689,1569,2121,1499,8878,205,986,Medium,0.26222826086956524,0.006055056710775047,0.02912334593572779,0.04634333648393195
EMP00648,Sanya Wadhwa,53,24,Customer Support,58919,1279,3535,941,979,52185,12554,8292,1997,1656,1301,25800,18450,1256,High,0.4943949410750216,0.35354987065248633,0.024068218836830507,0.038267701446775895
EMP00649,Rajat Tiwari,24,0,Operations,52638,965,3158,755,1962,45798,0,6095,18927,2975,2721,30718,337,209,Low,0.6707279793877462,0.007358399930127953,0.004563518057557099,0.41327132189178567
EMP00650,Rohit D'Souza,32,12,Operations,72984,2298,4379,1628,1766,62913,11929,5391,0,3564,3270,24154,20357,4090,High,0.383927010315833,0.3235738241698854,0.06501041120277208,0.0
EMP00651,Ishita Solanki,40,13,Marketing,69638,1964,4178,2152,1830,59514,3628,7968,1879,4079,2567,20121,14890,4895,High,0.33808851698759956,0.250193231844608,0.08224955472661895,0.03157240313203616
EMP00652,Hemant Sabharwal,42,22,IT,134141,10162,8048,3977,1067,110887,0,15791,20752,4504,4623,45670,17889,21561,Medium,0.41186072307844923,0.16132639533939958,0.19444118787594578,0.18714547241786683
EMP00653,Sonia Verma,34,7,HR,51460,906,3088,890,987,45589,8589,6286,0,1510,1543,17928,18752,2222,Medium,0.39325275834082785,0.4113272938647481,0.048739827589988814,0.0
EMP00654,Trisha Singh,49,27,Customer Support,60000,1333,3600,1497,1199,52371,10519,6479,0,3658,2664,23320,17848,2715,Medium,0.4452846040747742,0.3407992973210365,0.05184166809875695,0.0
EMP00655,Vikram Porwal,59,29,HR,70000,2000,4200,2126,1834,59840,13504,8866,0,3182,2876,28428,17425,3237,Medium,0.47506684491978607,0.2911931818181818,0.054094251336898394,0.0
EMP00656,Payal Patel,54,31,Marketing,90000,4000,5400,1877,1266,77457,0,11907,14129,5091,4037,35164,16361,5134,Medium,0.45398091844507277,0.21122687426572162,0.06628193707476407,0.1824108860399964
EMP00657,Namrata Purohit,28,3,Customer Support,36317,149,2179,912,1317,31760,8513,3883,2783,2575,1328,19082,6219,1585,Medium,0.6008186397984887,0.19581234256926952,0.04990554156171285,0.08762594458438287
EMP00658,Priya Sonia Nagpal,39,10,IT,109899,6485,6594,3152,1908,91760,0,14960,19470,7605,5995,48030,21281,4760,Medium,0.5234306887532694,0.2319202266782912,0.05187445510026155,0.21218395815170008
EMP00659,Nitin Pandey,27,2,IT,85201,3520,5112,1690,1313,73566,14274,7618,7284,4682,2926,36784,23892,2020,High,0.5000135932360058,0.3247695946497023,0.027458336731642333,0.09901313106598157
EMP00660,Komal Sandhu,53,36,Finance,130000,9500,7800,2585,1620,108495,0,15748,4965,3560,2522,26795,42418,7937,Medium,0.2469699064473017,0.3909673256832112,0.07315544495138025,0.04576247753352689
EMP00661,Sakshi Roy,29,6,IT,96937,4694,5816,1322,1584,83521,17165,13463,0,6062,4616,41306,19940,5567,Medium,0.4945582548101675,0.23874235222279427,0.06665389542749728,0.0
EMP00662,Sakshi Mittal,26,6,Finance,79639,2964,4778,1491,1051,69355,0,11469,15599,2228,5607,34903,629,359,Low,0.5032513877874703,0.009069281234229688,0.005176267031937135,0.22491529089467233
EMP00663,Ravi Roy,27,3,IT,88766,3877,5326,2031,2427,75105,0,9608,25403,2274,3590,40875,17751,3021,Medium,0.5442380667066108,0.23634911124425803,0.040223686838426205,0.3382331402702883
EMP00664,Riya Singh,28,6,IT,95120,4512,5707,1309,1965,81627,0,10458,16134,7983,4139,38714,19710,3774,Medium,0.4742793438445612,0.24146422139733176,0.0462347017530964,0.1976551876217428
EMP00665,Aarav Tayal,54,29,Product Management,219457,30837,13167,3789,2135,169529,0,18867,40437,16141,10112,85557,40862,7707,Medium,0.5046747164201995,0.24103250771254475,0.04546124851795268,0.23852556199824218
EMP00666,Komal Sahu,29,7,HR,51035,885,3062,1002,1088,44998,11559,8288,1912,2529,2075,26363,7626,2714,Medium,0.5858704831325837,0.16947419885328238,0.060313791724076624,0.042490777367883016
EMP00667,Rashmi Trivedi,39,9,Sales,58472,1257,3508,911,1250,51546,11540,6629,2884,4206,2855,28114,11216,2011,Medium,0.5454157451596632,0.21759205369960813,0.039013696504093434,0.05595002522019167
EMP00668,Rishabh Aarav Pawar,37,15,HR,55912,1129,3355,731,1969,48728,0,7061,15142,2995,2934,28132,7410,2577,Medium,0.577327204071581,0.15206862584140535,0.052885404695452304,0.31074536200952224
EMP00669,Manish Narang,41,25,Data Science,170000,17500,10200,2752,1378,138170,34561,19829,19923,11992,6829,93134,18268,4697,Medium,0.674053701961352,0.132213939350076,0.03399435478034306,0.1441919374683361
EMP00670,Aditya Jain,55,31,Marketing,90000,4000,5400,2120,1373,77107,0,13561,16277,5119,4404,39361,14055,3600,Medium,0.5104724603473095,0.18227917050332654,0.046688368111844576,0.2110962688212484
EMP00671,Aarav Thomas,57,35,Sales,85000,3500,5100,1938,1722,72740,0,12385,20068,3771,3862,40086,12390,3536,Medium,0.5510860599395105,0.17033269177893867,0.048611492988726974,0.2758867198240308
EMP00672,Sakshi Rathore,52,29,Sales,85000,3500,5100,1278,1221,73901,21758,10376,0,3578,4186,39898,461,1238,Medium,0.5398844399940461,0.006238075262851653,0.01675214137833047,0.0
EMP00673,Mayank Verma,35,10,IT,103343,5501,6201,3516,1559,86566,0,11930,0,5757,5420,23107,24507,7697,High,0.2669292793937574,0.28310191068086776,0.0889148164406349,0.0
EMP00674,Vivek Jadhav,22,3,Operations,54311,1049,3259,998,1579,47426,0,5095,7298,3957,1851,18201,18513,1813,Medium,0.3837768312739847,0.3903555012018724,0.038227976215577955,0.15388183696706448
EMP00675,Namrata Dubey,32,8,Marketing,59836,1325,3590,851,1786,52284,16655,7079,0,8714,4950,37398,1832,1388,Low,0.7152857470736745,0.03503940019891363,0.026547318491316654,0.0
EMP00676,Pooja Dubey,22,1,Finance,72926,2293,4376,1286,1504,63467,0,7039,0,4713,4973,16725,2481,1994,Medium,0.2635227756156743,0.039091181243795986,0.03141790221690012,0.0
EMP00677,Ankit Behera,59,32,Operations,95000,4500,5700,1635,1486,81679,23381,12797,12844,5535,3698,58255,10241,3028,Low,0.7132188200149365,0.1253810649004028,0.03707195239902545,0.15724972147063504
EMP00678,Anurag Porwal,56,25,Sales,85000,3500,5100,1254,2060,73086,0,11596,14077,9520,4214,39407,6021,3025,Medium,0.5391867115453028,0.08238239881783105,0.041389595818624635,0.19260870755000958
EMP00679,Vidhi Shreya Dubey,38,13,Sales,66786,1679,4007,1343,1306,58451,0,8659,13719,2743,2337,27458,10137,8467,Medium,0.46976099639013874,0.17342731518707977,0.14485637542557014,0.23470941472344356
EMP00680,Abhishek Bohra,23,0,IT,80000,3000,4800,1692,2036,68472,24068,8993,0,15139,5251,53451,3017,2154,Low,0.7806256572029443,0.04406180628578105,0.03145811426568525,0.0
EMP00681,Saurabh Saloni Pandey,54,31,Marketing,90000,4000,5400,1790,1708,77102,0,12295,24211,2121,4236,42863,1736,759,Low,0.5559259163186429,0.0225156286477653,0.009844102617312132,0.3140126066768696
EMP00682,Swati Divya Nagpal,38,11,Finance,95692,4569,5742,1353,2153,81875,22933,12702,9089,4522,4703,53949,12830,3099,Medium,0.6589190839694656,0.15670229007633588,0.03785038167938931,0.11101068702290076
EMP00683,Rakesh Solanki,24,3,IT,92188,4219,5531,1671,1131,79636,21459,8960,12758,9200,5627,58004,8392,2686,Low,0.7283640564568789,0.1053794766186147,0.033728464513536595,0.16020392787181675
EMP00684,Saurabh Mundra,22,2,Sales,51445,906,3087,1150,2259,44043,0,4353,0,3183,1099,8635,20537,3239,Medium,0.19605839747519468,0.46629430329450766,0.07354176600140772,0.0
EMP00685,Ankit Gupta,32,9,Finance,91953,4195,5517,1333,1940,78968,24688,9616,14074,11665,5369,65412,2881,1876,Low,0.8283355283152669,0.03648313240806403,0.023756458312227738,0.1782240907709452
EMP00686,Bhavna Sandhu,47,27,Data Science,170000,17500,10200,2592,1275,138433,0,20865,0,8302,8536,37703,20486,35722,Medium,0.2723555799556464,0.14798494578604812,0.25804540824803335,0.0
EMP00687,Rupal Fernandes,28,4,Data Science,104626,5694,6278,2879,1992,87783,18472,12369,0,4142,3071,38054,11558,22672,High,0.4335007917250493,0.13166558445257054,0.25827324197168017,0.0
EMP00688,Garima Iyer,55,30,Sales,85000,3500,5100,2025,891,73484,0,11458,25414,4524,3379,44775,12971,3136,Low,0.6093163137553753,0.1765146154264874,0.04267595667083991,0.34584399325023135
EMP00689,Deepak Singh,30,5,Sales,57806,1224,3468,739,2165,50210,13699,8045,0,1920,2814,26478,20,1081,Medium,0.5273451503684525,0.00039832702648874725,0.02152957578171679,0.0
EMP00690,Parth Nair,23,0,Finance,73654,2365,4419,2146,1503,63221,0,8789,0,7195,4446,20430,20861,5224,High,0.32315211717625475,0.32996947216905775,0.08263077142088864,0.0
EMP00691,Sanya Krishna Kohli,35,11,Finance,92153,4215,5529,1272,2153,78984,17705,12203,0,3845,3344,37097,20924,3553,High,0.46967740301833283,0.26491441304568014,0.044983794186164286,0.0
EMP00692,Priya Somani,35,7,IT,94458,4446,5667,1461,1698,81186,0,9934,12925,3476,4283,30618,13365,22071,Medium,0.3771339886187274,0.16462197915896828,0.2718572167615106,0.15920232552410515
EMP00693,Harsh Shinde,24,0,IT,80000,3000,4800,2166,1791,68243,0,7858,16765,6312,2243,33178,11959,10226,Medium,0.4861744061662002,0.17524141670207932,0.14984687074132144,0.2456662221766335
EMP00694,Saloni Pawar,38,13,Finance,97164,4716,5830,1311,1965,83342,0,12641,25623,4021,3711,45996,18092,2898,Low,0.551894602961292,0.21708142353195267,0.0347723836720981,0.3074440258213146
EMP00695,Nitin Goel,55,36,Operations,95000,4500,5700,1954,1606,81240,0,12047,19741,5878,3369,41035,19031,4250,Medium,0.5051083210241261,0.23425652387986215,0.05231413096996553,0.24299606105366814
EMP00696,Varun Gupta,26,4,Cyber Security,106385,5958,6383,3393,1922,88729,0,13705,21641,5769,3538,44653,12469,16465,Medium,0.5032514735881166,0.1405290265865726,0.18556503510689853,0.24389996506215555
EMP00697,Nisha Charu Bajaj,60,36,IT,150000,13333,9000,3504,1886,122277,35231,20988,0,9761,8845,74825,22947,3941,Medium,0.6119302894248305,0.18766407419220296,0.03223010050949893,0.0
EMP00698,Nikita Pawar,36,12,Operations,69477,1948,4169,1617,2071,59672,14973,7615,0,2668,1840,27096,22432,2256,Medium,0.4540823166644322,0.3759217053224293,0.037806676498190105,0.0
EMP00699,Payal Sahu,55,29,Finance,130000,9500,7800,2483,1258,108959,0,20983,0,6296,5207,32486,34740,8806,High,0.29814884497838634,0.318835525289329,0.08081939078001817,0.0
EMP00700,Rohit Chatterjee,31,11,Sales,61367,1402,3682,1295,2065,52923,16944,7031,0,7914,5352,37241,3644,2127,Low,0.7036827088411466,0.06885475124237099,0.0401904653931183,0.0
EMP00701,Reema Iyer,55,32,Sales,85000,3500,5100,1608,1445,73347,0,12317,0,11662,4660,28639,9516,3523,Medium,0.39045905081325755,0.1297394576465295,0.048031957680614065,0.0
EMP00702,Kunal Jain,60,34,Customer Support,60000,1333,3600,1715,907,52445,0,9993,10031,3777,3348,27149,9913,2758,Medium,0.5176661264181524,0.18901706549718753,0.05258842597006388,0.19126704166269426
EMP00703,Hemant Patel,60,24,Operations,95000,4500,5700,1734,1905,81161,0,13079,26968,4996,4581,49624,12886,2906,Medium,0.6114266704451645,0.15877083821047056,0.035805374502532,0.33227781816389645
EMP00704,Preeti Malhotra,47,27,Operations,95000,4500,5700,2017,1869,80914,0,14534,25263,4155,5582,49534,14158,3036,Low,0.6121808339718714,0.17497590033863114,0.03752131893121091,0.3122203821341177
EMP00705,Prateek Bansal,34,8,Data Science,118751,7813,7125,2932,1467,99414,22543,14085,0,7721,4506,48855,18467,6749,Medium,0.49142977850202185,0.18575854507413442,0.06788782264067435,0.0
EMP00706,Preeti Sakshi Arora,49,18,Operations,82605,3260,4956,1585,1205,71599,0,9892,14941,3949,2164,30946,13400,12504,Medium,0.43221274040140223,0.18715345186385285,0.1746393106048967,0.20867609882819593
EMP00707,Lokesh Patel,24,0,HR,40000,333,2400,1125,1818,34324,8994,5776,0,1880,2339,18989,6837,2021,Medium,0.5532280619974362,0.19919007108728587,0.05888008390630463,0.0
EMP00708,Saurabh Das,33,6,Sales,55852,1126,3351,979,1921,48475,13712,9122,0,1319,3505,27658,663,29,Low,0.5705621454357916,0.013677153171738008,0.0005982465188241362,0.0
EMP00709,Jyoti Gupta,36,17,Marketing,81961,3196,4918,1936,1968,69943,0,11356,0,4152,3794,19302,23648,4445,High,0.27596757359564217,0.338103884591739,0.06355174928155784,0.0
EMP00710,Rohan Lakhotia,22,3,Sales,50363,851,3022,878,1024,44588,3275,4813,0,2843,1294,12225,17155,2392,Medium,0.27417690858526955,0.3847447743787566,0.05364672109087647,0.0
EMP00711,Ayush Seth,33,6,Product Management,149479,13229,8969,2280,1707,123294,32842,20600,9362,8537,7029,78370,15396,15897,Medium,0.6356351485068211,0.12487225655749672,0.1289357146333155,0.07593232436290492
EMP00712,Mansi Saini,49,26,Sales,82862,3286,4972,1505,2271,70828,0,8585,24337,13051,4218,50191,4091,1806,Low,0.7086321793640933,0.0577596430790083,0.02549839046704693,0.34360704806008924
EMP00713,Lakshay Naidu,33,8,Operations,64821,1574,3889,1391,1406,56561,12979,5813,0,3824,2141,24757,21353,2168,Medium,0.43770442531072645,0.37752161383285304,0.03833029826205336,0.0
EMP00714,Khushi Srivastava,31,7,Finance,89802,3980,5388,1744,1031,77659,13474,6679,5804,4475,3667,34099,25099,3913,High,0.4390862617339909,0.32319499349721215,0.05038694806783502,0.07473699120514042
EMP00715,Karan Tiwari,51,23,IT,137880,10909,8273,3945,1442,113311,25334,19194,0,6163,5257,55948,28265,6354,Medium,0.493756122530028,0.24944621440107315,0.05607575610487949,0.0
EMP00716,Rajat Chatterjee,47,28,Operations,95000,4500,5700,1548,1424,81828,25011,14791,0,14259,6073,60134,2715,2990,Low,0.7348829251600919,0.033179351811116,0.03654005963728797,0.0
EMP00717,Mansi Chauhan,47,24,Data Science,166372,16608,9982,2957,1799,135026,26735,17203,0,5926,4493,54357,40587,7297,Medium,0.4025669130389703,0.30058655370076875,0.05404144387006947,0.0
EMP00718,Ravi Lodha,38,11,IT,112757,6914,6765,3888,1164,94026,10184,13551,0,3871,3839,31445,2279,1190,Medium,0.3344287750196754,0.024237976729840682,0.0126560738519133,0.0
EMP00719,Akash Seth,27,4,Cyber Security,103365,5505,6202,3692,1314,86652,0,13020,28142,4473,5990,51625,13656,5015,Low,0.5957739001984951,0.15759590084475836,0.057875178876425244,0.32477034575081937
EMP00720,Sanya Rohit Bansal,28,4,Customer Support,37878,227,2273,1015,2004,32359,6255,2724,5322,1972,1370,17643,8383,1053,Medium,0.5452269847646714,0.259062393769894,0.0325411786519979,0.1644673815630891
EMP00721,Avantika Shinde,30,4,Sales,55522,1109,3331,959,2145,47978,11835,5437,0,3357,2954,23583,828,693,Medium,0.4915377881529034,0.01725790987535954,0.01444412022176831,0.0
EMP00722,Aditi Daga,42,27,Marketing,90000,4000,5400,2132,1578,76890,4057,7362,11066,6763,4598,33846,15535,4777,Medium,0.44018728053062817,0.20204187800754325,0.062127714917414485,0.14391988555078683
EMP00723,Sai Nitin Trivedi,29,4,Operations,58363,1251,3502,804,2278,50528,12145,7962,3082,3457,2143,28789,10749,2407,Medium,0.5697632995566815,0.21273353388220392,0.04763695376820773,0.06099588347055098
EMP00724,Komal Aarav Jadhav,50,26,Customer Support,59962,1331,3598,1078,1800,52155,11262,7299,0,1141,1182,20884,20866,1692,Medium,0.40042181957626305,0.4000766944684115,0.032441760138050044,0.0
EMP00725,Komal Sharma,60,26,Operations,95000,4500,5700,1586,1166,82048,0,10969,22196,3320,2479,38964,27627,3347,Medium,0.47489274570982837,0.33671753120124803,0.040793194227769114,0.27052457098283933
EMP00726,Saurabh Gill,44,22,HR,62955,1481,3777,1588,1037,55072,15897,9189,0,2128,4020,31234,936,629,Medium,0.5671484601975596,0.016995932597327134,0.011421411969785009,0.0
EMP00727,Komal Pillai,33,12,Customer Support,45560,611,2734,801,2093,39321,10222,6269,5375,2921,2655,27442,5728,1510,Low,0.697896798148572,0.14567279570712852,0.038401871773352664,0.13669540449123876
EMP00728,Shubham Roy,59,24,Sales,79566,2957,4774,1532,1620,68683,0,11759,13789,2764,3875,32187,2714,833,Low,0.46863124790705124,0.03951487267591689,0.012128183102077661,0.20076292532358808
EMP00729,Aditya Pradhan,32,11,Cyber Security,136689,10671,8201,3860,1580,112377,29678,17768,9775,6224,5710,69155,20970,4380,Medium,0.615383930875535,0.18660402039563256,0.038975947035425396,0.08698399138613773
EMP00730,Saloni Ananya Seth,29,3,Sales,53271,997,3196,824,799,47455,0,7831,15504,3338,2271,28944,8932,1691,Low,0.6099251922874303,0.1882204193446423,0.03563375829733432,0.32670951427668316
EMP00731,Vaishnavi Menon,57,37,Sales,85000,3500,5100,1648,1647,73105,0,13028,24624,5426,4742,47820,9003,2471,Low,0.6541276246494768,0.12315163121537515,0.03380069762670132,0.33683058614321865
EMP00732,Khushi Pradhan,46,25,IT,141774,11688,8506,3910,1559,116111,0,18258,24206,18577,10419,71460,9484,5852,Low,0.6154455650196794,0.08168046093824013,0.050400048229711225,0.20847292676835097
EMP00733,Rishabh Porwal,27,4,Data Science,99580,4958,5975,1826,1131,85690,18666,12831,2829,3467,3729,41522,23105,3491,High,0.48456062551056134,0.2696347298401214,0.040739876298284516,0.03301435406698565
EMP00734,Payal Muskan Chopra,51,35,HR,70000,2000,4200,1291,1499,61010,0,6138,18481,3939,2693,31251,19403,2519,Medium,0.51222750368792,0.31802983117521716,0.04128831339124733,0.30291755449926244
EMP00735,Khushi Saxena,34,8,IT,99765,4976,5986,1213,1961,85629,19689,14738,2955,4358,4880,46620,15963,4666,Medium,0.5444417195109134,0.18642048838594402,0.054490885097338515,0.034509336790106156
EMP00736,Siddharth Behera,58,32,Product Management,220000,31000,13200,2596,1861,171343,0,26264,0,4749,7187,38200,82448,8254,Medium,0.22294461985607816,0.481186859107171,0.048172379379373534,0.0
EMP00737,Nikita Kulkarni,59,37,Operations,95000,4500,5700,1482,1649,81669,0,10763,0,2388,1912,15063,43196,3877,High,0.18443962825551924,0.5289155003734587,0.0474721130416682,0.0
EMP00738,Aditi Pandey,25,3,IT,87279,3728,5237,1261,1623,75430,22776,12063,3324,12296,7769,58228,2604,1841,Low,0.7719475009942993,0.034522073445578685,0.024406734720933316,0.044067347209333155
EMP00739,Garima Krishna Daga,32,5,Data Science,103106,5466,6186,2943,2287,86224,22686,14001,5131,6227,4282,52327,13313,4824,Medium,0.6068727964371868,0.15440016700686585,0.055947300055668954,0.0595077936537391
EMP00740,Mayank Menon,28,3,Operations,54789,1073,3287,730,2106,47593,0,4810,5946,2905,2407,16068,18846,2439,Medium,0.3376126741327506,0.3959826024835585,0.051247032126573236,0.12493433908347866
EMP00741,Avantika Khurana,24,0,Sales,45000,583,2700,1003,1371,39343,11141,3927,0,5302,2259,22629,1791,2791,Low,0.5751722034415271,0.04552271052029586,0.07094019266451465,0.0
EMP00742,Trisha Parmar,39,15,Cyber Security,143121,11958,8587,2235,1483,118858,30834,19267,0,6601,6684,63386,22192,8319,Medium,0.5332918272223999,0.18671019199380773,0.0699910817950832,0.0
EMP00743,Avantika Deshmukh,34,11,IT,111361,6704,6682,3094,1258,93623,20082,7014,1848,5423,1998,36365,39681,3738,High,0.38841951229932814,0.4238381594266366,0.03992608653856424,0.019738739412323895
EMP00744,Shreya Bagri,29,2,HR,41460,406,2488,710,2316,35540,8085,5597,0,1547,1408,16637,10643,1791,High,0.4681204276871131,0.29946539110861004,0.050393922341024196,0.0
EMP00745,Atharv Saini,26,4,Operations,59041,1285,3542,852,1993,51369,0,6921,13080,2602,2545,25148,11549,3301,Medium,0.4895559578734256,0.22482431038174774,0.06426054624384356,0.2546282777550663
EMP00746,Lokesh Patel,28,3,Data Science,98736,4874,5924,1438,1774,84726,27312,9481,0,11823,7175,55791,6396,2405,Medium,0.6584873592521776,0.07549040436229729,0.028385619526473574,0.0
EMP00747,Payal Sneha Chopra,38,10,Operations,65721,1619,3943,2039,1689,56431,12788,8459,5979,2649,2741,32616,14507,2302,Medium,0.5779801881944321,0.2570750119615105,0.040793181052967344,0.10595240204851943
EMP00748,Nikita Mohanty,58,38,Sales,85000,3500,5100,1285,1371,73744,0,14275,23495,13549,7965,59284,3459,2084,Low,0.8039162508136255,0.046905510956823604,0.028259926231286613,0.3186021913647212
EMP00749,Pallavi Iyer,41,23,IT,142643,11862,8559,3268,2150,116804,10248,18080,6658,16943,9240,61169,11126,8140,Medium,0.5236892572172186,0.0952535872059176,0.0696893941988288,0.057001472552309855
EMP00750,Lakshay Bansal,58,24,Cyber Security,172978,18244,10379,3246,1864,139245,0,18964,34346,10278,7541,71129,22287,24423,Medium,0.5108190599303386,0.160056016374017,0.17539588495098568,0.24665876692161298
EMP00751,Rohit Rathore,25,2,IT,80673,3067,4840,2009,1343,69414,0,7645,11757,7191,4051,30644,15508,4367,Medium,0.4414671391938226,0.22341314432247097,0.06291238078773734,0.169375054023684
EMP00752,Swati Singh,59,34,Data Science,170000,17500,10200,3510,1721,137069,0,20354,28207,18312,8935,75808,9232,7211,Low,0.5530645149523232,0.06735293903070716,0.05260854022426661,0.20578686646871283
EMP00753,Gaurav Lodha,32,10,Sales,59284,1298,3557,700,1604,52125,13943,7760,0,6487,3256,31446,5131,2375,Medium,0.6032805755395684,0.09843645083932853,0.045563549160671464,0.0
EMP00754,Ishaan Chaudhary,23,0,IT,80000,3000,4800,1454,1284,69462,19845,8243,0,5896,3454,37438,13881,2893,Medium,0.5389709481443091,0.19983588148915954,0.041648671215916616,0.0
EMP00755,Aditya Tiwari,43,27,Operations,95000,4500,5700,1707,1063,82030,0,14799,25750,5509,5761,51819,12704,3922,Medium,0.6317079117396075,0.15487016945020116,0.04781177617944654,0.31390954528830917
EMP00756,Saurabh Behera,26,6,IT,99568,4957,5974,1242,1161,86234,0,9766,23101,3953,3458,40278,30696,3239,Medium,0.46707795069230235,0.35596168564603287,0.03756059095020525,0.2678873762089199
EMP00757,Saurabh Chatterjee,47,25,Finance,129097,9365,7746,3848,2386,105752,0,15533,35081,2608,3470,56692,27093,3984,Medium,0.5360844239352447,0.25619373628867537,0.03767304637264544,0.3317289507527044
EMP00758,Varun Joshi,30,7,Sales,57738,1220,3464,826,1242,50986,15027,7045,0,10131,4878,37081,1823,1588,Low,0.7272780763346801,0.03575491311340368,0.03114580473071039,0.0
EMP00759,Amit D'Souza,48,26,Sales,85000,3500,5100,1257,1057,74086,16424,11469,0,1805,3680,33378,1532,735,Medium,0.4505304645952002,0.020678670734011823,0.009920902734659719,0.0
EMP00760,Dhruv Patel,57,35,HR,70000,2000,4200,1214,1822,60764,0,10334,19021,7334,4279,40968,2635,3057,Low,0.6742149957211507,0.0433644921335001,0.05030939371996577,0.3130307418866434
EMP00761,Gaurav Sandhu,60,22,HR,65888,1628,3953,2002,1617,56688,0,9552,19121,2926,3955,35554,8746,2918,Medium,0.6271874117979114,0.15428309342365226,0.05147473892181767,0.33730242732147897
EMP00762,Riya Narang,33,12,HR,51470,907,3088,1091,1594,44790,0,5093,0,5185,3166,13444,12152,4409,High,0.300156284885019,0.2713105603929449,0.09843715114981022,0.0
EMP00763,Pooja Simran Verma,46,15,IT,117935,7690,7076,3185,2361,97623,27509,15696,0,5015,6373,54593,17940,6258,Medium,0.5592227241531197,0.18376816938631266,0.06410374604345287,0.0
EMP00764,Namrata Nair,32,11,IT,104031,5605,6242,2714,1662,87808,19319,7029,0,6797,3352,36497,29437,3860,High,0.41564549927113703,0.3352428024781341,0.04395954810495627,0.0
EMP00765,Karan Bagri,54,27,Cyber Security,180000,20000,10800,2864,1919,144417,0,23269,42022,7664,7070,80025,29682,8226,Medium,0.5541245144269719,0.2055298198965496,0.05696005317933484,0.2909768240581095
EMP00766,Sonali Naidu,30,3,IT,90814,4081,5449,2200,1817,77267,15949,10676,0,4008,2266,32899,14648,15187,High,0.4257833227639225,0.18957640389817126,0.19655221504652698,0.0
EMP00767,Ishaan Pillai,46,25,IT,137002,10734,8220,2324,1836,113888,7244,16090,0,5864,3534,32732,49429,7392,Medium,0.2874051699915707,0.43401411913458837,0.06490587243607755,0.0
EMP00768,Ravi Rupal Verma,43,28,Data Science,170000,17500,10200,3254,1739,137307,44627,21551,23573,25886,10338,125975,1860,1729,Low,0.9174696118916006,0.013546286788000612,0.012592220352931751,0.1716809776631927
EMP00769,Neha Sahu,35,10,Marketing,68192,1819,4092,1309,1264,59708,16350,7187,0,5971,3825,33333,11523,3695,Medium,0.5582668989080191,0.19298921417565484,0.0618845045889998,0.0
EMP00770,Sumit Thomas,60,23,Cyber Security,163336,16001,9800,2414,1251,133870,34338,20330,0,5931,3625,64224,36664,5619,Medium,0.4797490102338089,0.27387764248898183,0.041973556435347725,0.0
EMP00771,Ankit Das,57,29,Sales,85000,3500,5100,1354,2281,72765,0,12887,0,5190,4392,22469,17976,6716,High,0.30878856593142306,0.24704184704184703,0.09229712086854944,0.0
EMP00772,Vivaan Shukla,29,2,Operations,52818,974,3169,732,2011,45932,14102,5155,0,8471,3623,31351,3022,1297,Low,0.6825524688670208,0.06579291126012365,0.028237394409126534,0.0
EMP00773,Rajat Sandhu,57,24,Operations,86911,3691,5215,2139,2222,73644,20475,13646,0,4673,5090,43884,13837,3265,Medium,0.5958937591657162,0.18789039161370918,0.04433490847862691,0.0
EMP00774,Sumit Jindal,48,28,Product Management,206486,26946,12389,3701,1939,161511,0,27156,0,27719,13141,68016,15486,8382,Medium,0.42112301948474096,0.09588201422813307,0.05189739398554897,0.0
EMP00775,Preeti Rawat,23,0,HR,40000,333,2400,1163,1891,34213,0,5106,0,5576,3373,14055,3654,1816,Medium,0.4108087569052699,0.10680150819863794,0.05307923888580364,0.0
EMP00776,Neha Singh,59,30,Operations,95000,4500,5700,1978,1778,81044,0,13276,16783,5566,5185,40810,17268,4685,Medium,0.5035536251912541,0.21306944375894576,0.057808104239672274,0.20708504022506294
EMP00777,Diya Iyer,57,38,Operations,95000,4500,5700,1856,1630,81314,21403,12873,0,4010,4574,42860,14189,5929,Medium,0.5270925055955924,0.1744963966844578,0.07291487320756573,0.0
EMP00778,Shruti Das,44,22,Operations,91096,4110,5466,1589,922,79009,0,9786,15200,5444,4556,34986,1384,2041,Medium,0.4428103127491805,0.017516991735118784,0.025832500094925895,0.19238314622384792
EMP00779,Garima Bansal,51,37,HR,70000,2000,4200,1594,1154,61052,18481,10137,10623,8318,4138,51697,1133,1598,Low,0.8467699665858612,0.01855795059948896,0.026174408700779663,0.17399921378497019
EMP00780,Saurabh Bhatia,50,15,Operations,73281,2328,4397,1307,2013,63236,0,9049,11414,2146,2590,25199,3308,863,Medium,0.3984913656777785,0.052311974191915994,0.01364728951862863,0.18049845024985767
EMP00781,Vihaan Jain,22,0,Customer Support,36786,173,2207,1160,1547,31699,3466,2904,383,1963,877,9593,14241,1799,High,0.30262784314962615,0.4492570743556579,0.056752578945708065,0.012082400075712168
EMP00782,Mansi Purohit,55,38,Data Science,170000,17500,10200,3059,1946,137295,0,16737,37841,8336,7997,70911,14188,26874,Medium,0.5164863979023271,0.1033395243818056,0.1957391019337922,0.27561819439892205
EMP00783,Avantika Reddy,22,1,Operations,52193,943,3132,795,948,46375,10959,6029,3862,4033,2598,27481,7503,1725,Medium,0.5925822102425876,0.16178975741239893,0.03719676549865229,0.08327762803234501
EMP00784,Ravi Banerjee,27,6,Sales,54546,1061,3273,1115,2164,46933,15043,6804,0,5412,3490,30749,1899,2623,Low,0.6551680054545842,0.04046193509897087,0.05588818102401295,0.0
EMP00785,Aisha Yadav,27,6,Operations,58535,1260,3512,1115,1353,51295,2728,7520,0,3335,2277,15860,13376,4342,High,0.3091919290379179,0.26076615654547225,0.08464762647431523,0.0
EMP00786,Pallavi Solanki,45,22,Data Science,162973,15928,9778,3285,1396,132586,12089,19518,0,15759,9444,56810,13738,7415,Medium,0.4284766114069359,0.10361576637050669,0.05592596503401566,0.0
EMP00787,Prateek Bhardwaj,41,17,Finance,112764,6915,6766,3940,1241,93902,0,15683,23184,3342,3002,45211,25125,5799,Medium,0.4814700432365658,0.26756618602372684,0.06175587314434197,0.24689569977210282
EMP00788,Ashish Sakshi Seth,22,0,Sales,45115,589,2707,1074,1144,39601,0,5755,12474,5499,3058,26786,1848,2130,Low,0.6763970606802858,0.046665488245246335,0.053786520542410544,0.3149920456554127
EMP00789,Mohit Tiwari,46,15,Marketing,76878,2688,4613,1579,1834,66164,0,8920,12840,6721,4701,33182,4850,5047,Low,0.5015113959252766,0.0733027023759144,0.07628015234870927,0.19406323680551357
EMP00790,Parth Wadhwa,25,0,IT,80000,3000,4800,1545,1512,69143,6524,8208,3051,13590,5245,36618,6985,4352,Medium,0.5295980793428112,0.10102251854851539,0.06294201871483737,0.04412594188854982
EMP00791,Vihaan Bedi,30,5,Sales,53475,1007,3208,1029,866,47365,0,7291,3129,2751,3282,16453,11369,3474,Medium,0.3473661986699039,0.24002955769027762,0.07334529716035047,0.06606143777050565
EMP00792,Aditi Wadhwa,35,11,IT,102769,5415,6166,3311,1254,86623,10151,8815,0,7222,3850,30038,16130,17367,High,0.3467670249240964,0.18620920540733985,0.20048947739053138,0.0
EMP00793,Krishna Jadhav,45,21,IT,135150,10363,8109,2226,1752,112700,0,13988,28701,5448,6070,54207,19555,23333,Medium,0.4809849157054126,0.17351375332741792,0.20703637976929903,0.25466725820763086
EMP00794,Vivek Lakhotia,30,7,Operations,64292,1548,3858,1794,1608,55484,0,7811,1687,3199,3146,15843,44,977,Medium,0.28554177780981904,0.0007930214115781126,0.017608679979814,0.03040516184846082
EMP00795,Anurag Shukla,46,20,Data Science,148478,13029,8909,2576,1311,122653,0,17231,24064,5841,7365,54501,29694,8242,Medium,0.4443511369473229,0.24209762500713394,0.06719770409203199,0.19619577181153336
EMP00796,Swati Chatterjee,24,2,Data Science,94248,4425,5655,1448,922,81798,0,10398,0,13976,7456,31830,11919,5542,Medium,0.3891293185652461,0.1457126091102472,0.06775226778160835,0.0
EMP00797,Diya Simran Shukla,58,36,Finance,130000,9500,7800,2838,982,108880,33789,16209,0,15778,8564,74340,4420,3783,Medium,0.6827700220426157,0.04059515062454078,0.03474467303453343,0.0
EMP00798,Kartik Pankaj Nair,60,26,IT,148805,13094,8928,3661,1277,121845,27762,16701,14044,7544,6004,72055,13858,20911,Medium,0.5913660798555542,0.11373466289137839,0.1716196807419262,0.11526119249866634
EMP00799,Tushar Reddy,22,2,Sales,46947,681,2817,974,2086,40389,8510,4869,6021,2516,1454,23370,10922,1372,Medium,0.5786228923716854,0.27042016390601403,0.033969645200425856,0.14907524325930327
EMP00800,Aman Sahu,52,28,IT,150000,13333,9000,3182,2190,122295,31932,17882,8279,12585,6923,77601,8165,5900,Low,0.6345394333374218,0.0667647900568298,0.04824400016353898,0.06769696226337954
EMP00801,Prateek Chopra,56,26,Sales,82681,3268,4961,1290,1881,71281,7856,11593,12645,3766,2886,38746,20891,2563,Medium,0.5435670094415062,0.2930795022516519,0.035956285686227746,0.17739650117142017
EMP00802,Rakesh Patel,22,1,IT,82491,3249,4949,1424,1370,71499,18034,7262,0,5376,4189,34861,13541,3681,Medium,0.48757325277276603,0.18938726415754067,0.05148323752779759,0.0
EMP00803,Anurag Vidhi Srivastava,43,15,Finance,101301,5195,6078,3824,1923,84281,16442,9706,6936,1926,2940,37950,27018,4603,Medium,0.450279422408372,0.3205704725857548,0.054614919139545096,0.08229612842752222
EMP00804,Muskan Singh,52,31,Finance,130000,9500,7800,2646,1214,108840,22581,14105,3707,4788,5007,50188,34250,3694,Medium,0.4611172363101801,0.3146821021683205,0.03393972804116134,0.03405916942300625
EMP00805,Shivam More,25,2,Finance,78203,2820,4692,2176,1789,66726,0,7590,0,3506,2533,13629,34819,4173,Medium,0.2042532146389713,0.5218205796840811,0.06253933998741121,0.0
EMP00806,Vaishnavi Mittal,49,21,Product Management,186314,21578,11179,3362,1006,149189,35094,18949,0,9099,4569,67711,28134,24066,High,0.4538605393159013,0.18857958696686752,0.16131216108426225,0.0
EMP00807,Prachi Ahuja,48,25,IT,147398,12813,8844,2856,1020,121865,0,21452,42370,23404,11262,98488,4932,3560,Low,0.808172978295655,0.04047101300619538,0.02921265334591556,0.3476798096254052
EMP00808,Payal Behera,41,28,Marketing,90000,4000,5400,1405,1549,77646,0,11765,0,3465,4951,20181,2096,653,Medium,0.2599103624140329,0.02699430749813255,0.008409963166164387,0.0
EMP00809,Saloni Khandelwal,37,12,Customer Support,43426,505,2606,1061,2297,36957,10186,4621,5506,2475,2113,24901,960,223,Low,0.6737830451605921,0.025976134426495656,0.006034039559488054,0.14898395432529696
EMP00810,Manish Gill,39,18,Finance,110527,6579,6632,3167,1980,92169,24157,14151,0,4841,4078,47227,17655,4153,Medium,0.5123957078844297,0.19155030433225922,0.04505853378033829,0.0
EMP00811,Nandini Mittal,22,2,Customer Support,36683,167,2201,1089,1538,31688,6902,2572,0,2143,1707,13324,4434,6240,High,0.42047462761928805,0.1399267861651098,0.19691996970462006,0.0
EMP00812,Karan Preeti Daga,29,4,Data Science,108957,6344,6537,3315,1505,91256,0,9358,0,4752,3731,17841,43356,5749,Medium,0.1955049530989743,0.475103006925572,0.06299859735250285,0.0
EMP00813,Vaishnavi Komal Gupta,51,29,IT,150000,13333,9000,3215,2081,122371,0,14531,41426,10536,5325,71818,20444,7435,Low,0.586887416136176,0.16706572635673483,0.0607578592967288,0.3385279191965417
EMP00814,Saurabh Maheshwari,49,23,Operations,95000,4500,5700,1710,1699,81391,28956,14830,9290,14095,5829,73000,1978,938,Low,0.8969050632133774,0.024302441301863844,0.011524615743755452,0.11414038407194899
EMP00815,Vaishnavi Seth,30,6,HR,42787,473,2567,757,868,38122,3078,5728,2928,1056,2156,14946,2281,38,Medium,0.3920570799013693,0.05983421646293479,0.0009967997481769057,0.07680604375426263
EMP00816,Varun Arora,33,7,IT,99476,4948,5969,1322,1446,85791,19263,12289,0,5499,4053,41104,10040,14102,Medium,0.4791178561853808,0.11702859274282851,0.16437621661945892,0.0
EMP00817,Pankaj Kohli,29,3,Finance,76940,2694,4616,1380,1458,66792,11898,8555,0,2841,2903,26197,25842,3555,High,0.39221763085399447,0.386902623068631,0.05322493711821775,0.0
EMP00818,Rajat Das,50,18,Marketing,77328,2733,4640,1572,1732,66651,0,10527,0,4209,2808,17544,17548,7814,High,0.26322185713642704,0.26328187123974134,0.11723755082444375,0.0
EMP00819,Sakshi Iyer,24,1,Finance,73053,2305,4383,1590,697,64078,18272,9179,0,7179,3978,38608,11330,2380,Medium,0.6025156840101127,0.17681575579762165,0.03714223290364868,0.0
EMP00820,Pooja Purohit,49,26,Marketing,90000,4000,5400,1653,1387,77560,23722,12387,11728,4295,3672,55804,9597,2132,Low,0.7194945848375451,0.12373646209386281,0.027488396080453843,0.15121196493037647
EMP00821,Preeti Ahuja,31,10,Sales,64773,1572,3886,1901,1382,56032,15276,7332,0,3209,2203,28020,1091,1121,Medium,0.5000713877784123,0.01947101656196459,0.02000642490005711,0.0
EMP00822,Nikhil Anurag Mukherjee,37,9,Operations,68444,1844,4107,1482,785,60226,17483,10905,4900,4582,3059,40929,7869,2173,Medium,0.6795902102082158,0.13065785541128416,0.03608076246139541,0.08136020987613324
EMP00823,Prateek Pradhan,25,2,Sales,48065,737,2884,897,1358,42189,14368,5879,0,6820,3299,30366,2460,1004,Low,0.719761075161772,0.05830903790087463,0.023797672379056153,0.0
EMP00824,Aditya Ghosh,43,20,HR,64289,1548,3857,1584,1668,55632,13608,8750,5389,4023,3044,34814,7508,3150,Medium,0.6257909117054933,0.13495829738280127,0.0566220880069025,0.09686870865688813
EMP00825,Payal Ishaan Bansal,53,25,IT,150000,13333,9000,2698,2030,122939,0,17645,23680,5888,6335,53548,16286,29716,Medium,0.4355656057068953,0.13247220166098633,0.24171337004530702,0.19261585013705984
EMP00826,Pallavi Agarwal,50,25,Finance,124713,8707,7483,3286,2231,103006,0,16027,34578,15076,6607,72288,5848,4054,Low,0.7017843620759956,0.05677339184125196,0.03935693066423315,0.33568918315437934
EMP00827,Arjun D'Souza,46,20,Cyber Security,165759,16485,9946,2885,1067,135376,29086,20226,0,7642,6369,63323,32137,9179,Medium,0.4677564708663279,0.23739067486112753,0.0678037466020565,0.0
EMP00828,Ananya Menon,25,0,IT,80923,3092,4855,1980,1897,69099,0,9148,0,5719,4434,19301,20616,7268,High,0.27932386865222364,0.29835453479789864,0.10518241942719865,0.0
EMP00829,Dhruv Rajput,38,13,IT,115591,7339,6935,2607,1373,97337,0,11966,28278,2320,3932,46496,27685,3950,Medium,0.4776806353185325,0.28442421689593883,0.0405806630572136,0.29051645314731295
EMP00830,Nikhil Pandey,22,1,Finance,74454,2445,4467,1411,1451,64680,6045,7173,0,4208,2228,19654,30821,2719,Medium,0.303865182436611,0.4765151515151515,0.042037724180581326,0.0
EMP00831,Ashish Purohit,49,18,Cyber Security,158739,15081,9524,3726,1397,129011,0,19409,28586,8135,7752,63882,32025,5821,Medium,0.4951670787762284,0.2482346466580369,0.0451201835502399,0.22157800497631985
EMP00832,Saurabh Gupta,58,30,Operations,95000,4500,5700,1916,1273,81611,16875,11252,4797,3364,2967,39255,28652,2854,Medium,0.48100133560426905,0.3510801240028918,0.03497077599833356,0.05877884108759848
EMP00833,Akash Verma,39,9,Data Science,120694,8104,7242,2464,954,101930,0,17038,23322,6978,5127,52465,19811,6821,Medium,0.5147159815559698,0.19435887373687824,0.06691847346217993,0.22880408123221818
EMP00834,Vikram Somani,24,1,IT,85498,3550,5130,2151,1164,73503,18582,8119,10114,7225,5063,49103,11703,2576,Medium,0.6680407602410786,0.15921799110240398,0.035046188590941864,0.13759982585744798
EMP00835,Ishita Nagpal,60,34,Data Science,170000,17500,10200,3337,1462,137501,0,17600,30813,6523,5452,60388,16402,26990,Medium,0.43918226049265097,0.11928640518978044,0.19628948153104342,0.22409291568788592
EMP00836,Rajat Jadhav,35,9,Operations,65441,1605,3926,1234,1565,57111,10027,4950,0,3841,1746,20564,23693,2795,Medium,0.3600707394372363,0.41485878377195284,0.048939783929540716,0.0
EMP00837,Prachi Sanya Agarwal,47,27,Operations,95000,4500,5700,1521,2200,81079,0,12945,23507,13117,5720,55289,3686,3240,Low,0.6819151691560084,0.045461833520393694,0.039961025666325437,0.28992710812910866
EMP00838,Prateek Mukherjee,35,10,IT,105899,5885,6354,2534,1542,89584,23600,11863,3588,8285,3865,51201,18001,3076,Medium,0.5715417931773531,0.20093989998213968,0.03433648865868905,0.04005179496338632
EMP00839,Khushi Reddy,23,1,Finance,73809,2381,4429,1222,1332,64445,0,6914,0,3632,2650,13196,30109,4073,High,0.20476375203662037,0.4672045930638529,0.06320117930017845,0.0
EMP00840,Gaurav Joshi,44,27,Operations,95000,4500,5700,1257,1200,82343,0,12272,24855,3986,3719,44832,477,548,Low,0.5444542948398771,0.005792842135943554,0.006655089078610204,0.30184715154900843
EMP00841,Trisha Sonali Gupta,26,6,Operations,57089,1188,3425,1038,1674,49764,0,6239,0,5343,3019,14601,16156,4673,High,0.29340487099107787,0.32465235913511775,0.09390322321356805,0.0
EMP00842,Dhruv Reddy,53,32,Operations,95000,4500,5700,2147,1551,81102,0,12851,23270,2654,6584,45359,229,276,Low,0.559283371556805,0.002823604843283766,0.0034031219945254124,0.2869226406253853
EMP00843,Ishita Narang,60,23,Operations,91805,4180,5508,1488,2132,78497,0,8015,26680,7742,3205,45642,11916,5191,Medium,0.5814489725722002,0.15180197969349146,0.06612991579296024,0.3398856007235945
EMP00844,Pankaj Narang,54,23,Data Science,165918,16517,9955,2302,1909,135235,0,24149,0,5331,7600,37080,5769,2861,Medium,0.27418937405257515,0.04265907494361667,0.021155765889008023,0.0
EMP00845,Sumit Ahuja,38,13,IT,116520,7478,6991,2408,1068,98575,8776,13791,16335,5103,4063,48068,19012,6863,Medium,0.4876287091047426,0.19286837433426327,0.06962211514075577,0.16571138726857723
EMP00846,Rajat Ahuja,46,28,Customer Support,60000,1333,3600,1407,1849,51811,14301,7964,8924,1013,2917,35119,1343,8,Low,0.6778290324448476,0.025921136438208103,0.00015440736523132155,0.17224141591553918
EMP00847,Sonia Fernandes,45,24,Marketing,86473,3647,5188,1394,2249,73995,18920,10675,0,5267,3823,38685,13778,4204,Medium,0.5228055949726332,0.18620177038989122,0.05681464963848909,0.0
EMP00848,Diya Rohan Mishra,32,7,Customer Support,43481,507,2609,977,988,38400,0,3709,4311,3432,2070,13522,6508,7502,High,0.35213541666666665,0.16947916666666665,0.19536458333333334,0.112265625
EMP00849,Preeti Wadhwa,59,32,Finance,130000,9500,7800,3148,1856,107696,21632,15563,6802,4388,2360,50745,36094,3837,High,0.47118741643143663,0.3351470806715198,0.035628064180656664,0.06315926311097905
EMP00850,Atharv Singh,36,18,Sales,72892,2289,4374,1921,1249,63059,0,7715,15340,8905,5013,36973,6065,3426,Low,0.58632391886963,0.0961797681536339,0.054330071837485526,0.24326424459633042
EMP00851,Megha More,56,26,Operations,95000,4500,5700,2115,1850,80835,17581,11218,5807,3687,4705,42998,14251,5727,Medium,0.5319230531329251,0.17629739592998084,0.07084802375208758,0.07183769406816354
EMP00852,Sumit Das,55,37,Data Science,170000,17500,10200,3506,1766,137028,0,16930,28865,5182,5606,56583,47239,5462,Medium,0.4129302040458884,0.34473976121668565,0.03986046647400531,0.21065037802492922
EMP00853,Ravi Lokesh Narang,26,3,Data Science,94737,4474,5684,1744,1344,81491,22445,14426,13550,5237,5350,61008,8417,2545,Low,0.7486470898626842,0.10328747959897412,0.031230442625566013,0.1662760304818937
EMP00854,Aisha Wadhwa,55,25,Sales,84164,3416,5050,1258,1797,72643,0,10778,15505,1879,4044,32206,2200,360,Low,0.4433462274410473,0.030285092851341493,0.004955742466583153,0.2134410748454772
EMP00855,Atharv Seth,28,2,Finance,74027,2403,4442,2120,1004,64058,6836,9252,0,4601,2638,23327,17012,4824,Medium,0.36415436011114927,0.2655718255331106,0.07530675325486277,0.0
EMP00856,Mohit Banerjee,49,18,Operations,81093,3109,4866,1824,1671,69623,15328,9226,9346,4744,4137,42781,11015,3003,Medium,0.6144664837769128,0.15820921247288972,0.04313229823477874,0.1342372491848958
EMP00857,Ravi Ishaan Reddy,28,3,HR,44686,568,2681,958,1496,38983,4266,6826,0,3103,2171,16366,9952,2984,Medium,0.419824025857425,0.25529076777056664,0.07654618679937408,0.0
EMP00858,Riya Mathew,23,3,Customer Support,39033,285,2342,1086,2302,33018,0,4453,0,1905,1426,7784,322,756,Medium,0.23575019686231752,0.009752256345023927,0.022896601853534437,0.0
EMP00859,Tanvi Simran Narang,48,16,HR,60088,1338,3605,1858,1615,51672,0,6938,15463,1461,1908,25770,17209,1768,Medium,0.49872271249419414,0.3330430407183775,0.034215822882799195,0.2992529803375136
EMP00860,Ayush Seth,44,24,Operations,92566,4257,5554,1807,1675,79273,17932,12828,2919,6167,3307,43153,14095,4350,Medium,0.5443593657361271,0.17780328737401133,0.05487366442546643,0.03682212102481299
EMP00861,Vikram Jain,48,21,Sales,79428,2943,4766,1696,905,69118,0,10754,19701,2659,4026,37140,241,808,Low,0.5373419369773431,0.0034867907057495877,0.011690153071558783,0.2850342891866084
EMP00862,Gaurav Daga,41,16,HR,61472,1407,3688,1551,2099,52727,0,7247,12090,1026,1928,22291,19253,2253,Medium,0.4227625315303355,0.36514499212926965,0.04272953135964496,0.2292942894532213
EMP00863,Abhishek Iyer,47,15,Finance,106355,5953,6381,3016,985,90020,0,12613,24385,2265,2924,42187,31284,2483,Medium,0.4686403021550766,0.34752277271717397,0.027582759386802932,0.2708842479449011
EMP00864,Ravi Bagri,34,5,Finance,83483,3348,5009,1809,1755,71562,0,11057,14698,3386,3028,32169,26907,1932,Medium,0.44952628489980717,0.3759956401442106,0.026997568541963612,0.20538833459098405
EMP00865,Divya Rawat,35,5,Marketing,59785,1323,3587,1154,1643,52078,0,8103,0,5757,3870,17730,6224,5188,Medium,0.340450862168286,0.11951303813510504,0.09961980106762933,0.0
EMP00866,Riya Bhatia,58,23,Sales,84405,3440,5064,1683,965,73253,23425,10130,0,8827,6995,49377,3290,3297,Low,0.6740611306021597,0.04491283633434808,0.04500839556059138,0.0
EMP00867,Preeti Nagpal,24,3,HR,44139,540,2648,1119,1597,38235,0,4225,0,3969,2143,10337,11763,2929,Medium,0.27035438734144107,0.3076500588466065,0.07660520465542042,0.0
EMP00868,Ashish Solanki,33,6,Sales,57743,1220,3465,850,1369,50839,13383,7844,0,3487,2552,27266,8591,3482,Medium,0.5363205413167057,0.16898444107869942,0.0684907256240288,0.0
EMP00869,Aarav George,36,16,Data Science,143832,12100,8630,2882,1597,118623,33880,18131,11682,12974,11456,88123,7302,4127,Low,0.7428829147804389,0.06155635922207329,0.03479089215413537,0.09848005867327585
EMP00870,Yuvraj Maheshwari,31,12,Sales,63511,1509,3811,1832,1718,54641,13990,5464,0,2772,3804,26030,290,164,Medium,0.4763822038396076,0.005307369923683681,0.003001409198221116,0.0
EMP00871,Aditi Mehta,54,32,HR,70000,2000,4200,1741,1803,60256,14385,7565,0,5254,2563,29767,12676,3614,Medium,0.4940088953797132,0.2103690918746681,0.059977429633563464,0.0
EMP00872,Ishita Goel,29,5,IT,97703,4770,5862,1404,1297,84370,0,8241,0,7082,5062,20385,23054,6963,High,0.24161431788550433,0.2732487851131919,0.08252933507170795,0.0
EMP00873,Ayaan D'Souza,55,27,HR,70000,2000,4200,2031,1491,60278,0,7440,12735,2295,1665,24135,18955,3767,Medium,0.4003948372540562,0.3144596701947643,0.06249377882477852,0.21127111052125153
EMP00874,Riya Aisha D'Souza,35,10,Marketing,65311,1599,3919,1564,1446,56783,18490,9225,4001,8746,3723,44185,1846,1301,Low,0.7781378229399645,0.032509730024831374,0.022911786978497085,0.0704612295933642
EMP00875,Khushi Saini,47,17,Sales,73654,2365,4419,1468,1378,64024,0,9601,17555,4279,3809,35244,12367,2846,Medium,0.5504810695989004,0.1931619392727727,0.04445208046982382,0.2741940522304136
EMP00876,Megha Behera,32,6,Marketing,59688,1318,3581,787,1881,52121,13256,8804,7944,3375,2658,36037,6983,2163,Low,0.6914103720189559,0.13397670804474204,0.041499587498321215,0.15241457378024212
EMP00877,Khushi Kohli,53,32,Sales,85000,3500,5100,1959,1048,73393,16628,11970,0,3467,3425,35490,21220,3404,Medium,0.4835611025574646,0.28912839099096643,0.046380445001566906,0.0
EMP00878,Ashish Mohanty,50,16,HR,60813,1374,3649,2147,1362,52281,0,9042,14062,5992,5003,34099,3559,1769,Low,0.6522254738815249,0.06807444387062221,0.033836384154855494,0.26896960654922436
EMP00879,Pooja Nair,54,32,Marketing,90000,4000,5400,1703,1465,77432,18469,14334,0,6340,5449,44592,14316,4346,Medium,0.5758859386300238,0.18488480214898234,0.056126665977890275,0.0
EMP00880,Yash Banerjee,58,23,Finance,127514,9127,7651,2625,1087,107024,0,15188,36752,5431,7019,64390,16958,4176,Low,0.6016407534758559,0.15845044102257438,0.039019285393930334,0.34339961130213786
EMP00881,Karan Iyer,47,15,Marketing,75322,2532,4519,1210,1256,65805,0,10336,19939,3472,2829,36576,12559,3878,Medium,0.5558240255299749,0.19085175898487958,0.058931692120659525,0.30300129169515994
EMP00882,Krishna Chopra,29,2,Cyber Security,102268,5340,6136,3020,1897,85875,17181,10008,0,6323,3446,36958,26503,3905,Medium,0.4303697234352256,0.3086229985443959,0.04547307132459971,0.0
EMP00883,Megha Seth,25,0,Sales,47669,717,2860,746,1858,41488,9833,5002,0,3678,2582,21095,7491,2425,Medium,0.5084602776706517,0.1805582337061319,0.05845063632857694,0.0
EMP00884,Shubham Pillai,24,1,Operations,50000,833,3000,978,1893,43296,0,4183,0,3552,2613,10348,14907,2844,High,0.2390059127864006,0.34430432372505543,0.06568736141906874,0.0
EMP00885,Sneha Seth,28,6,Product Management,138223,10978,8293,3986,2009,112957,0,9147,20356,8850,3805,42158,16964,26773,High,0.37322166842249704,0.15018104234354665,0.23701939676159955,0.18021016847118815
EMP00886,Saurabh Jindal,54,25,Cyber Security,170024,17506,10201,2670,1497,138150,0,20068,42626,9735,8264,80693,25511,7003,Medium,0.5840969960188201,0.18466159971045965,0.050691277596815056,0.30854867897213173
EMP00887,Pooja Somani,22,1,IT,81783,3178,4907,2092,1171,70435,0,7479,22807,3653,1903,35842,18656,3413,Medium,0.5088663306594733,0.26486831830765956,0.048456023283878755,0.3238020870305956
EMP00888,Reema Rawat,57,25,Operations,95000,4500,5700,1984,1456,81360,18299,13055,0,5173,5102,41629,19638,3461,Medium,0.5116642084562438,0.2413716814159292,0.04253933136676499,0.0
EMP00889,Pallavi Pillai,36,11,Finance,95075,4508,5704,1438,996,82429,0,10293,0,8439,3527,22259,22212,6199,Medium,0.2700384573390433,0.2694682696623761,0.07520411505659416,0.0
EMP00890,Abhishek Rathore,24,2,IT,88877,3888,5333,1868,1957,75831,0,8794,0,6700,4190,19684,20491,6115,High,0.2595772177605465,0.2702193034510952,0.08063984386332766,0.0
EMP00891,Shubham Roy,39,13,Product Management,159164,15166,9550,3663,1275,129510,15107,14988,0,7021,4273,41389,22776,29481,High,0.31958149949810827,0.17586286773222146,0.22763493166550847,0.0
EMP00892,Sakshi Goel,33,7,Finance,79828,2983,4790,1471,1488,69096,18459,7253,10278,9259,4969,50218,2311,2318,Low,0.7267859210373973,0.033446219752228785,0.033547528076878545,0.14874956582146578
EMP00893,Siddharth Ashish Khandelwal,32,5,Customer Support,40054,336,2403,900,1546,34869,0,3561,1876,5453,2195,13085,3796,2044,Medium,0.3752616937681035,0.10886460753104477,0.05861940405517795,0.05380137084516332
EMP00894,Vivek Soni,22,0,Operations,50000,833,3000,1035,1246,43886,0,4880,3843,2744,1080,12547,16421,3438,Medium,0.2858998313813061,0.37417399626304515,0.07833933372829605,0.08756778927220527
EMP00895,Garima Somani,38,13,Operations,76609,2661,4597,1313,2096,65942,0,8931,12473,2933,4339,28676,2831,505,Medium,0.43486700433714476,0.04293166722271087,0.007658245124503351,0.18915107215431742
EMP00896,Komal Nitin Tomar,33,10,IT,103465,5520,6208,2752,1318,87667,6050,13438,0,5962,5267,30717,23143,5147,Medium,0.3503826981646458,0.26398758940080075,0.058710803380975736,0.0
EMP00897,Rohit Harsh Arora,33,11,Sales,60060,1336,3604,1867,2132,51121,0,9641,0,3688,2415,15744,12579,3661,Medium,0.3079751961033626,0.24606326167328496,0.07161440503902505,0.0
EMP00898,Tushar Chatterjee,56,24,IT,149666,13267,8980,2784,2096,122539,41879,20790,14452,13878,8004,99003,4209,2536,Low,0.8079305364006562,0.034348248312782055,0.02069545206016044,0.11793796260782281
EMP00899,Prateek Deshmukh,38,8,Sales,55857,1126,3351,1200,2116,48064,0,7010,5785,3210,2801,18806,14336,3385,Medium,0.39126997336884156,0.2982689747003995,0.07042693075898801,0.12036035286284953
EMP00900,Charu Seth,60,26,Operations,93860,4386,5632,1722,1880,80240,9435,8825,0,6491,4657,29408,17865,5162,Medium,0.3665004985044865,0.22264456630109672,0.06433200398803589,0.0
EMP00901,Shreya Tayal,32,8,Marketing,58483,1257,3509,883,1233,51601,0,7555,16247,3374,3257,30433,8849,2579,Low,0.5897753919497685,0.17148892463324353,0.04997965155714037,0.3148582391814112
EMP00902,Karan Parmar,55,24,IT,131080,9662,7865,2987,1448,109118,29163,18451,0,8214,7116,62944,20440,4859,Medium,0.5768434172180575,0.1873201488297073,0.04452977510584871,0.0
EMP00903,Rohan Roy,56,32,Cyber Security,180000,20000,10800,2701,692,145807,0,24477,29189,7737,9513,70916,36919,6009,Medium,0.4863689671963623,0.2532045786553458,0.04121201314065854,0.20018929132346183
EMP00904,Ananya Mundra,42,16,Sales,70006,2001,4200,1344,1913,60548,20977,6600,4125,9779,4911,46392,2364,1621,Low,0.7662020215366321,0.03904340358063024,0.026772147717513378,0.0681277664002114
EMP00905,Garima Maheshwari,58,30,Cyber Security,180000,20000,10800,3666,794,144740,0,16416,48451,7930,4519,77316,14878,23357,Medium,0.5341716180737874,0.10279121182810556,0.16137211551747963,0.3347450601077795
EMP00906,Anurag Pankaj Yadav,40,8,IT,97581,4758,5855,1708,1178,84082,28411,13468,0,11735,7192,60806,2357,2274,Low,0.7231749958373969,0.028032159082800125,0.02704502747318094,0.0
EMP00907,Kavya Wadhwa,28,6,Customer Support,43825,525,2630,914,1476,38280,0,5763,0,3776,2119,11658,4518,2593,Medium,0.30454545454545456,0.11802507836990596,0.06773772204806687,0.0
EMP00908,Ananya Rajput,23,0,IT,80000,3000,4800,1291,1469,69440,5549,8592,10103,6625,4217,35086,13953,4076,Medium,0.505270737327189,0.2009360599078341,0.05869815668202765,0.14549251152073733
EMP00909,Deepak Khurana,49,21,Marketing,87432,3743,5246,1590,1619,75234,0,11010,18438,5847,3198,38493,13345,4063,Medium,0.5116436717441583,0.17737990802030998,0.05400483823803068,0.2450753648616317
EMP00910,Siddharth Purohit,35,9,Sales,60202,1343,3612,1285,2155,51807,15710,8613,0,7155,5411,36889,2632,2270,Low,0.7120466346246647,0.050803945412782055,0.043816472677437414,0.0
EMP00911,Charu Parmar,46,20,Customer Support,56219,1144,3373,739,2152,48811,0,7680,15672,1856,2939,28147,1321,350,Low,0.5766528036713036,0.027063571735879206,0.007170514842965725,0.32107516748273957
EMP00912,Diya Thomas,28,6,Cyber Security,117636,7645,7058,2681,1328,98924,25157,10997,3397,10751,5492,55794,16731,5909,Medium,0.564008733977599,0.16912983704662166,0.05973272411143908,0.03433949294407828
EMP00913,Khushi Lakshay Dubey,44,17,Finance,108382,6257,6503,3840,1042,90740,18153,12036,0,1711,3414,35314,30301,4335,Medium,0.38917787083976196,0.3339321137315407,0.0477738593784439,0.0
EMP00914,Divya Jain,54,38,Operations,95000,4500,5700,1749,1647,81404,13928,9115,5760,2331,1938,33072,31413,2677,Medium,0.40626996216402145,0.3858901282492261,0.032885361898678196,0.07075819370055525
EMP00915,Karan Sabharwal,33,8,Operations,64507,1559,3870,1634,1741,55703,0,6809,2126,2787,1453,13175,26322,3323,Medium,0.23652226989569683,0.4725418738667576,0.05965567384162433,0.03816670556343464
EMP00916,Rishabh Khandelwal,25,0,IT,80000,3000,4800,2032,1001,69167,18092,7524,7543,7108,3883,44150,8321,7198,Medium,0.638310176818425,0.1203030346841702,0.10406696835195975,0.10905489612098256
EMP00917,Reema Patel,44,25,Marketing,90000,4000,5400,1863,2055,76682,16466,11161,0,4670,4336,36633,14153,6274,Medium,0.47772619389165644,0.1845674343392191,0.08181841892491067,0.0
EMP00918,Neha Chopra,50,23,Marketing,87440,3744,5246,1932,1184,75334,4352,9746,0,4273,5924,24295,3455,2092,Medium,0.3224971460429554,0.045862425996230125,0.027769665755170307,0.0
EMP00919,Shreya Iyer,59,34,Data Science,170000,17500,10200,2282,2189,137829,0,20722,41593,4526,4463,71304,44800,4346,Medium,0.5173366998236946,0.32504044867190507,0.03153182566803793,0.30177248619666397
EMP00920,Ayush Chaudhary,40,11,Operations,71368,2137,4282,2193,1884,60872,0,9773,15675,3899,3408,32755,11481,3232,Medium,0.5380963332895256,0.18860888421605992,0.0530950190563806,0.2575075568405835
EMP00921,Mansi Iyer,44,16,HR,61257,1396,3675,1913,1238,53035,16358,8900,9163,1518,3122,39061,1368,602,Low,0.7365136230790987,0.025794286791741304,0.011350994626190252,0.1727726972753842
EMP00922,Rupal Pooja Narang,32,9,Operations,70355,2036,4221,1340,1623,61135,14846,6885,0,4925,1952,28608,17751,2434,Medium,0.46794798396990267,0.290357405741392,0.03981352743927374,0.0
EMP00923,Divya Gill,45,16,Finance,107634,6145,6458,3630,1455,89946,26213,12480,2775,9512,7858,58838,7367,3373,Medium,0.6541480443821849,0.08190469837458031,0.037500277944544504,0.03085184443999733
EMP00924,Karan Arora,54,35,Operations,95000,4500,5700,1962,1327,81511,0,10767,22879,5938,4876,44460,365,665,Low,0.5454478536639227,0.004477923225086185,0.008158408067622774,0.28068604237464884
EMP00925,Swati Singh,31,11,Operations,72761,2276,4366,1364,950,63805,16006,10085,0,2264,1620,29975,19338,2814,High,0.4697907687485307,0.30307969594859335,0.04410312671420735,0.0
EMP00926,Kunal Purohit,54,36,IT,150000,13333,9000,3741,1088,122838,25667,17126,0,8670,7576,59039,27146,6687,Medium,0.48062488806395415,0.2209902473176053,0.054437551897621256,0.0
EMP00927,Ankit Ghosh,51,27,Finance,126520,8978,7591,3603,1378,104970,0,14293,23368,5070,6004,48735,22864,5696,Medium,0.46427550728779654,0.21781461369915214,0.05426312279698962,0.2226159855196723
EMP00928,Kavya Parmar,35,10,Data Science,122233,8335,7334,3436,1858,101270,23396,13624,0,5118,5355,47493,18771,18142,High,0.4689740298212699,0.18535597906586354,0.17914486027451368,0.0
EMP00929,Ashish Sandhu,36,10,IT,102318,5348,6139,3814,1177,85840,18704,14442,9076,1899,2413,46534,24812,2640,Medium,0.5421015843429636,0.28904939422180803,0.03075489282385834,0.10573159366262815
EMP00930,Nitin Kohli,54,36,Sales,85000,3500,5100,1800,1468,73132,0,10160,23573,4359,3162,41254,11442,3425,Medium,0.5641032653284472,0.1564568178088935,0.04683312366679429,0.3223349559700268
EMP00931,Pallavi Kapoor,31,12,IT,115966,7395,6958,3203,1886,96524,0,12167,10511,9451,4687,36816,25855,5188,Medium,0.38141809290953543,0.26786084289917533,0.053748290580581,0.10889519704943848
EMP00932,Ishita Dubey,49,24,IT,145964,12526,8758,3364,1315,120001,37138,21521,6878,21063,9697,96297,5512,3201,Low,0.8024683127640603,0.04593295055874534,0.026674777710185747,0.05731618903175807
EMP00933,Rajat Naidu,35,6,Finance,79172,2917,4750,1901,1217,68387,16298,7541,0,5126,5054,34019,1514,925,Medium,0.4974483454457719,0.02213871057364704,0.013525962536739438,0.0
EMP00934,Deepak Anurag Ghosh,37,16,IT,122738,8411,7364,2732,1427,102804,0,14678,29073,4347,5062,53160,17311,16123,Medium,0.5171005019259951,0.16838838955682658,0.15683241897202443,0.28280028014474146
EMP00935,Khushi Iyer,56,24,IT,138453,11024,8307,2297,1919,114906,29450,19686,11102,7891,5768,73897,15617,5051,Medium,0.643108279811324,0.13591109254521086,0.043957669747445735,0.09661810523384332
EMP00936,Aarav Fernandes,45,15,HR,54644,1066,3279,914,1980,47405,0,6050,9365,3395,2815,21625,11324,2408,Medium,0.456175508912562,0.23887775551102206,0.050796329501107476,0.19755300073831875
EMP00937,Vikram Solanki,26,4,Operations,57380,1202,3443,993,2281,49461,10787,6511,2368,2378,2984,25028,11872,2896,Medium,0.5060148399749298,0.24002749641131396,0.058551181739148014,0.04787610440549119
EMP00938,Deepak Nagpal,29,6,Operations,65195,1593,3912,2119,1561,56010,17947,8841,0,6413,5092,38293,2554,1890,Medium,0.683681485449027,0.045599000178539545,0.033743974290305304,0.0
EMP00939,Avantika Diya Mukherjee,32,11,IT,111561,6734,6694,3521,1038,93574,0,15050,29252,6232,4449,54983,18761,4188,Low,0.5875884326842926,0.20049372688994807,0.04475602197191528,0.312608203133349
EMP00940,Sakshi Parmar,29,3,Data Science,98344,4834,5901,1802,1259,84548,0,8093,5728,7443,4341,25605,18834,20744,High,0.3028457207739982,0.22276103515162984,0.24535175285045183,0.06774849789468704
EMP00941,Rupal Shivam Rathore,33,11,HR,52058,936,3123,765,1860,45374,11354,5368,0,3922,1897,22541,10118,2060,Medium,0.49678229823246794,0.22299114030061268,0.04540044959668533,0.0
EMP00942,Pooja Maheshwari,22,1,Sales,45000,583,2700,797,867,40053,0,3749,2747,4987,3092,14575,3692,3630,Medium,0.3638928419843707,0.09217786432976306,0.09062991536214515,0.06858412603300627
EMP00943,Simran Menon,25,3,HR,44517,559,2671,1198,1369,38720,0,5014,12222,6084,3800,27120,2537,1442,Low,0.7004132231404959,0.06552169421487604,0.03724173553719008,0.315650826446281
EMP00944,Sakshi Singh,41,27,Sales,85000,3500,5100,1403,1678,73319,0,10396,0,3490,3372,17258,2620,1451,Medium,0.23538237019053723,0.03573425715026119,0.019790231727110297,0.0
EMP00945,Nisha Khanna,40,14,Cyber Security,143736,12081,8624,3705,1533,117793,0,17886,23906,8365,4604,54761,26863,6865,Medium,0.46489180171996636,0.22805260074877115,0.05828020340767278,0.20294924146596147
EMP00946,Vivek Bohra,32,10,Cyber Security,127667,9150,7660,3809,1444,105604,21557,10221,0,9514,5625,46917,22019,8738,High,0.44427294420665886,0.20850535964546799,0.0827430779137154,0.0
EMP00947,Dhruv Saxena,41,22,IT,130127,9519,7808,3523,999,108278,0,16892,33996,7067,6185,64140,18060,6080,Low,0.5923640998171373,0.16679288498125197,0.056151757513068216,0.3139695967786623
EMP00948,Prachi Nagpal,47,15,Cyber Security,138359,11005,8302,2939,1298,114815,30736,14838,0,11077,7137,63788,7940,5174,Medium,0.555572007141924,0.06915472716979489,0.045063798284196314,0.0
EMP00949,Sneha Simran Bansal,33,7,IT,91838,4184,5510,1911,880,79353,6189,8354,0,13672,6714,34929,4808,7827,Medium,0.4401723942384031,0.06059002180131816,0.09863521227930891,0.0
EMP00950,Khushi Seth,35,10,IT,100794,5119,6048,3067,1744,84816,20118,10212,0,3223,4638,38191,13642,15061,High,0.4502806074325599,0.16084229390681004,0.17757262780607433,0.0
EMP00951,Manish Pankaj Suri,27,5,Cyber Security,107870,6180,6472,2438,2109,90671,20824,12463,0,3730,5079,42096,11234,16811,Medium,0.46427192817990315,0.12389849014569157,0.18540657983258152,0.0
EMP00952,Avantika Jain,24,2,Operations,53340,1000,3200,961,1146,47033,2973,5389,3486,2820,2347,17015,924,1122,Medium,0.36176726978929685,0.019645780622116388,0.02385559075542704,0.07411817234707546
EMP00953,Tarun Kohli,26,5,IT,89584,3958,5375,1713,2392,76146,19358,12143,7808,5348,3134,47791,12304,2474,Medium,0.6276232500722296,0.16158432484963098,0.032490216163685554,0.10253985764189846
EMP00954,Tarun Jain,55,35,Marketing,90000,4000,5400,1809,1914,76877,0,12147,23327,2179,5739,43392,2021,1314,Low,0.5644340960235181,0.026288746959428698,0.017092238250712176,0.3034327562209764
EMP00955,Ishaan Purohit,24,1,HR,40349,351,2421,1133,1333,35111,0,3211,4200,2160,1279,10850,14321,2139,Medium,0.3090199652530546,0.4078778730312438,0.06092107886417362,0.11962063171085985
EMP00956,Harsh Jindal,38,14,Operations,77428,2743,4646,1766,1860,66413,0,9107,12333,1411,2174,25025,28347,2174,Medium,0.37680875732160873,0.4268290846671585,0.03273455498170539,0.18570159456732868
EMP00957,Ravi Anjali Khanna,29,2,Operations,56007,1134,3360,897,1241,49375,8703,7081,0,2266,1804,19854,16211,2033,Medium,0.4021063291139241,0.32832405063291137,0.0411746835443038,0.0
EMP00958,Neha Wadhwa,35,5,Operations,62877,1477,3773,2155,1137,54335,13063,7900,3021,3598,3045,30627,9468,2851,Medium,0.5636698260789547,0.1742523235483574,0.052470783104812735,0.05559952148707095
EMP00959,Vidhi Singh,43,25,Sales,85000,3500,5100,1624,1205,73571,0,11726,22522,4377,5141,43766,11874,2729,Low,0.5948811352299139,0.16139511492299954,0.03709341996166968,0.3061260551032336
EMP00960,Mansi Komal Shetty,30,3,Operations,57836,1225,3470,1091,2113,49937,0,7265,0,2101,2749,12115,616,1732,Medium,0.2426056831607826,0.012335542783907723,0.034683701463844446,0.0
EMP00961,Avantika Mohanty,22,3,Data Science,102810,5422,6169,3918,2116,85185,21139,13187,0,4840,5530,44696,16987,4601,Medium,0.5246933145506838,0.19941304220226566,0.05401185654751423,0.0
EMP00962,Aditi Purohit,49,28,Operations,95000,4500,5700,1230,1459,82111,5844,12510,6727,5240,6364,36685,2773,893,Medium,0.4467732703291885,0.033771358283299434,0.010875522159028633,0.081925685961686
EMP00963,Sai Soni,23,3,Sales,48547,761,2913,701,2006,42166,0,7746,0,3359,2937,14042,12785,3502,High,0.3330171228003605,0.30320637480434476,0.08305269648531993,0.0
EMP00964,Nikhil More,26,5,Marketing,57651,1216,3459,897,1671,50408,13217,8830,0,2674,2666,27387,10996,2865,Medium,0.5433066179971433,0.21813997778130456,0.056836216473575625,0.0
EMP00965,Rashmi Aarav D'Souza,59,26,Customer Support,59844,1326,3591,1096,1655,52176,11916,9380,0,3501,3008,27805,10422,3345,Medium,0.5329078503526525,0.19974701011959523,0.0641099356025759,0.0
EMP00966,Abhishek Behera,32,11,IT,110375,6556,6622,3982,1757,91458,0,9512,24355,9192,4735,47794,18983,5286,Medium,0.5225786699905968,0.20755975420411554,0.057797021583677756,0.2662970981215421
EMP00967,Parth Simran Chatterjee,51,30,IT,150000,13333,9000,3428,1474,122765,20177,13896,7519,3735,4331,49658,48316,6184,Medium,0.4044963955524783,0.3935649411477213,0.050372663218343994,0.06124709811428339
EMP00968,Hemant Behera,38,12,Cyber Security,137672,10868,8260,2718,2030,113796,0,15811,0,10063,5358,31232,39758,7341,High,0.27445604414917923,0.34937959154979087,0.06451017610460824,0.0
EMP00969,Siddharth Chauhan,60,22,Sales,76680,2668,4601,1764,2368,65279,0,9785,16731,6580,5367,38463,3656,3053,Low,0.5892093935262489,0.05600575989215521,0.04676848603685718,0.25629988204476173
EMP00970,Deepak Wadhwa,41,15,Finance,98133,4813,5888,1916,1849,83667,0,10794,27013,3728,2889,44424,20554,4437,Medium,0.5309620280397289,0.2456643599029486,0.05303166122844132,0.3228632555248784
EMP00971,Gaurav Das,58,36,Product Management,220000,31000,13200,3041,1038,171721,42026,20253,0,14926,5776,82981,25488,32473,Medium,0.4832315208972694,0.14842680860232588,0.1891032546980276,0.0
EMP00972,Mayank Shukla,33,7,Marketing,59558,1311,3573,1192,1361,52121,0,9153,0,1307,3909,14369,1423,1790,Medium,0.2756854243011454,0.027301855298248308,0.03434316302450068,0.0
EMP00973,Jyoti Sahu,60,26,Sales,85000,3500,5100,1420,2024,72956,0,10494,24497,2510,2207,39708,18267,3034,Medium,0.5442732605954274,0.25038379297110586,0.04158670979768628,0.3357777290421624
EMP00974,Amit Seth,38,17,Operations,79378,2938,4763,2199,1350,68128,4787,10441,0,5217,4993,25438,15881,5675,High,0.37338539220291217,0.23310533114138093,0.08329908407703147,0.0
EMP00975,Payal Rathore,26,4,Marketing,61895,1428,3714,2158,1369,53226,12927,7350,0,5084,2215,27576,11336,2769,Medium,0.518092661481231,0.21297861947168678,0.05202344718746477,0.0
EMP00976,Preeti Vivaan Wadhwa,41,17,Marketing,80366,3037,4822,1864,1767,68876,17396,10970,0,5169,4098,37633,12158,4591,Medium,0.5463877112492015,0.17652012311980952,0.0666560195133283,0.0
EMP00977,Diya Chatterjee,47,17,Customer Support,51769,922,3106,1032,2050,44659,0,6904,0,1542,2596,11042,338,876,Medium,0.24725139389596723,0.007568463243691081,0.01961530710495085,0.0
EMP00978,Aarav Mittal,31,9,Operations,70129,2013,4208,1463,1395,61050,15056,7321,7229,5978,3735,39319,7845,3458,Low,0.6440458640458641,0.1285012285012285,0.05664209664209664,0.11841113841113841
EMP00979,Rahul Pradhan,44,15,Data Science,128039,9206,7682,2500,2320,106331,0,9370,24531,8004,4115,46020,21075,17853,Medium,0.43279946581899914,0.19820184141971767,0.16790023605533663,0.23070412203402582
EMP00980,Arjun Deshmukh,22,2,Sales,46421,654,2785,1096,1010,40876,2963,5327,0,7839,3462,19591,5249,2707,Medium,0.4792787944025834,0.12841276054408454,0.06622467951854388,0.0
EMP00981,Shubham Lakhotia,44,16,HR,59269,1297,3556,740,1702,51974,12726,7623,2974,2490,2952,28765,8455,3534,Medium,0.553449801823989,0.16267749259245007,0.06799553622965329,0.05722091815138338
EMP00982,Muskan Anurag Bagri,47,25,Finance,120365,8055,7222,3881,946,100261,25832,14112,13431,7392,6360,67127,7863,14774,Medium,0.6695225461545367,0.07842530994105384,0.14735540239973668,0.13396036345139187
EMP00983,Trisha Rakesh Chatterjee,56,26,IT,146508,12635,8790,3774,1190,120119,0,20944,35780,5959,6279,68962,22052,4807,Low,0.5741140036130837,0.1835846119265062,0.04001864817389422,0.2978712776496641
EMP00984,Aman Daga,43,16,Product Management,178376,19594,10703,3975,1526,142578,0,18645,46267,12717,7384,85013,20609,8384,Low,0.5962560843888959,0.14454544179326403,0.058802900868296655,0.324503079016398
EMP00985,Divya Sahu,49,22,IT,138995,11132,8340,3421,947,115155,0,17768,0,3424,3208,24400,47045,9532,High,0.21188832443228692,0.4085363206113499,0.08277538969215405,0.0
EMP00986,Pooja Somani,46,16,IT,120540,8081,7232,2533,1706,100988,21561,9724,0,9867,3407,44559,13940,22100,Medium,0.4412306412643086,0.13803620232106786,0.2188378817285222,0.0
EMP00987,Tarun Gill,52,22,HR,67997,1800,4080,1914,2208,57995,0,8817,11065,7825,3753,31460,5112,2868,Medium,0.5424605569445642,0.0881455297870506,0.04945253901198379,0.19079230968186914
EMP00988,Harsh Jadhav,53,34,Product Management,220000,31000,13200,2969,1817,171014,49655,15746,27584,31690,9423,134098,8713,4278,Low,0.7841346322523303,0.05094904510741811,0.025015495807360802,0.1612967359397476
EMP00989,Vihaan Tomar,25,2,Customer Support,35571,112,2134,922,1787,30616,0,3521,2474,2707,1225,9927,9909,2249,Medium,0.3242422262869088,0.3236542984060622,0.07345832244577999,0.08080742095636269
EMP00990,Yash Muskan Gill,25,1,Sales,45000,583,2700,1052,1696,38969,11105,5552,0,2140,2711,21508,931,36,Low,0.5519258898098488,0.023890784982935155,0.0009238112345710694,0.0
EMP00991,Sakshi Bajaj,51,33,Customer Support,60000,1333,3600,1845,1061,52161,9833,6643,4822,1022,1837,24157,18025,2091,Medium,0.4631237898046433,0.34556469392841394,0.04008742163685512,0.09244454669197293
EMP00992,Lokesh Khanna,35,9,Operations,63954,1531,3837,1811,1500,55275,0,8921,0,2549,2535,14005,1733,276,Medium,0.2533695160560832,0.03135232926277702,0.004993215739484396,0.0
EMP00993,Vivaan Bajaj,56,35,IT,150000,13333,9000,3031,1077,123559,0,17173,0,8467,5054,30694,35712,12721,High,0.2484157366116592,0.2890279137901731,0.10295486366836895,0.0
EMP00994,Pankaj Bose,28,4,HR,40893,378,2454,791,1037,36233,6734,4958,2437,970,1483,16582,11083,2090,Medium,0.4576491044075843,0.30588137885353134,0.05768222338751967,0.0672591284188447
EMP00995,Anjali Iyer,51,23,Finance,125705,8856,7542,3274,2308,103725,0,17327,24491,8493,6280,56591,17874,5332,Medium,0.545586888406845,0.17232104121475053,0.051405157869366114,0.23611472644010606
EMP00996,Aarav Sandhu,57,36,Finance,130000,9500,7800,2697,2195,107808,0,15269,22807,9326,5866,53268,23088,5400,Medium,0.4941006233303651,0.21415850400712377,0.05008904719501336,0.21155201840308696
EMP00997,Vaishnavi Chopra,31,12,Data Science,132594,9889,7956,2792,1133,110824,0,20137,0,20025,9147,49309,11848,7916,Medium,0.44493070093120624,0.10690825092037826,0.07142857142857142,0.0
EMP00998,Garima Pandey,52,29,Sales,85000,3500,5100,1867,974,73559,19537,9969,0,3973,4470,37949,15221,3656,Medium,0.5158988023219456,0.20692233445261626,0.049701600076129365,0.0
EMP00999,Ishaan Sahu,35,9,Sales,59298,1298,3558,704,1934,51804,0,6605,0,2062,2855,11522,10012,15549,High,0.22241525750907265,0.1932669291946568,0.30015056752374336,0.0
EMP01000,Aarav Suri,57,29,IT,150000,13333,9000,2637,1400,123630,0,20434,32078,6076,7594,66182,15059,23110,Medium,0.5353231416322899,0.12180700477230445,0.18692873897921217,0.25946776672328725
EMP01001,Vikram Khurana,24,3,Finance,80487,3049,4829,1203,1731,69675,0,7610,0,6352,4198,18160,18686,7630,High,0.26063867958378184,0.2681880157875852,0.10950843200574094,0.0
EMP01002,Sakshi Komal Maheshwari,41,26,IT,150000,13333,9000,3800,2211,121656,24686,19369,0,4985,3848,52888,21042,20913,High,0.43473400407706975,0.17296310909449594,0.1719027421582166,0.0
EMP01003,Sanya Parmar,54,33,Sales,85000,3500,5100,1946,1954,72500,0,10633,0,3645,5012,19290,3037,1215,Medium,0.2660689655172414,0.041889655172413796,0.01675862068965517,0.0
EMP01004,Mayank Behera,39,17,Operations,77930,2793,4676,1803,1781,66877,0,10061,11184,1995,3114,26354,3020,1829,Low,0.39406671949997757,0.045157527999162644,0.027348714804790886,0.16723238183530958
EMP01005,Amit Pandey,38,14,IT,117357,7604,7041,3849,1184,97679,25967,15517,12214,14714,9191,77603,4645,1755,Low,0.7944696403525835,0.04755372188494968,0.01796701440432437,0.12504223016206145
EMP01006,Vikram Dubey,55,31,Customer Support,60000,1333,3600,1549,2071,51447,0,4408,0,2889,1841,9138,25775,3279,High,0.17761968627908334,0.5010010301864054,0.0637354947810368,0.0
EMP01007,Dev Jain,43,25,Sales,83885,3388,5033,1278,1599,72587,0,10894,23799,2143,1580,38416,21729,2507,Medium,0.5292407731411961,0.2993511234794109,0.03453786490693926,0.32786862661358096
EMP01008,Bhavna Chatterjee,58,34,Data Science,170000,17500,10200,3957,1612,136731,29572,17325,4422,2789,4490,58598,44635,6092,Medium,0.4285641149410156,0.32644389348428665,0.044554636476000324,0.032340873686289136
EMP01009,Rishabh Khanna,50,25,Sales,85000,3500,5100,1530,1960,72910,0,10943,17913,4594,4032,37482,16701,4323,Medium,0.5140858592785627,0.2290632286380469,0.059292278151145246,0.2456864627623097
EMP01010,Aman Bedi,25,2,IT,80089,3009,4805,2113,1417,68745,0,5991,0,7096,2693,15780,13823,19840,High,0.22954396683395156,0.20107644192304894,0.2886028074769074,0.0
EMP01011,Prateek Arora,49,15,Sales,74515,2452,4471,1265,1343,64984,0,7640,0,6582,3612,17834,17729,6759,High,0.2744367844392466,0.27282100209282284,0.10401021789979072,0.0
EMP01012,Muskan Somani,56,29,IT,150000,13333,9000,3384,1791,122492,0,21223,0,4552,7264,33039,7520,1379,Medium,0.26972373706037944,0.061391764360121476,0.011257878065506318,0.0
EMP01013,Aakash Rawat,31,9,IT,102220,5333,6133,2850,2039,85865,26829,14298,0,13002,7126,61255,4820,2420,Low,0.7133872940080359,0.05613462994235137,0.028183776859022885,0.0
EMP01014,Pallavi Payal Roy,43,24,Operations,94706,4471,5682,1372,1648,81533,24047,13326,14472,4685,4808,61338,8918,2674,Low,0.752308881066562,0.10937902444409012,0.03279653637177585,0.17749868151546
EMP01015,Siddharth Singh,51,28,Operations,95000,4500,5700,1880,1661,81259,0,12816,21720,2905,4495,41936,3575,934,Low,0.5160782190280461,0.04399512669365855,0.01149411142150408,0.2672934690311227
EMP01016,Sumit Mundra,55,26,Operations,95000,4500,5700,2025,1438,81337,0,13731,24829,9893,6292,54745,5517,3702,Low,0.673063919249542,0.06782890935244723,0.04551434156656872,0.3052608284052768
EMP01017,Riya Bajaj,32,12,HR,53453,1006,3207,798,1745,46697,14034,7324,6986,3967,3265,35576,4043,1445,Low,0.761847656166349,0.08657943765124097,0.0309441720024841,0.14960275820716534
EMP01018,Nitin Ghosh,46,28,Finance,130000,9500,7800,3912,1138,107650,20765,16088,0,2309,2724,41886,35135,6039,High,0.3890942870413377,0.32638179284719,0.05609846725499303,0.0
EMP01019,Saloni Shinde,58,23,IT,137227,10779,8234,3310,1263,113641,0,20348,21819,20354,9577,72098,6111,4261,Low,0.6344365149901884,0.05377460599607536,0.037495270192976125,0.19199936642584983
EMP01020,Monika Trivedi,56,23,Operations,89213,3921,5353,1266,1134,77539,0,13348,19295,5268,4370,42281,15252,3888,Medium,0.5452868878886754,0.1967010149731103,0.050142508930989566,0.24884251795870466
EMP01021,Aditya Tayal,35,5,Operations,55466,1107,3328,1003,1228,48800,0,7689,0,1609,3195,12493,362,1669,Medium,0.25600409836065574,0.007418032786885246,0.03420081967213115,0.0
EMP01022,Pallavi Kulkarni,46,28,Sales,83729,3373,5024,1864,1287,72181,0,11162,18572,4258,4295,38287,12609,4374,Medium,0.5304304456851526,0.17468585915961263,0.060597664205261775,0.2572976267992962
EMP01023,Prateek Chauhan,46,23,Sales,85000,3500,5100,2152,1879,72369,0,10699,18689,2900,5621,37909,2698,1374,Low,0.5238292639113432,0.037281156296204175,0.018986029929942378,0.2582459340325277
EMP01024,Trisha George,44,26,HR,70000,2000,4200,2060,1328,60412,14147,9495,3802,2764,2864,33072,7943,11162,Medium,0.5474409057803086,0.13148050056280208,0.18476461630139707,0.06293451632126068
EMP01025,Vidhi Somani,36,16,Cyber Security,144609,12255,8677,3300,916,119461,37449,15669,4939,16513,7928,82498,3969,4621,Medium,0.6905852119101632,0.033224232176191394,0.038682080344212756,0.041344036966039124
EMP01026,Pooja Ayaan Sahu,47,28,Customer Support,60000,1333,3600,2099,2190,50778,0,7938,11445,1711,2697,23791,1112,612,Low,0.46852967820709757,0.02189924770569932,0.012052463665366891,0.22539288668320925
EMP01027,Prateek Shinde,40,8,Customer Support,42129,440,2528,1116,1528,36517,10852,4359,0,5459,3370,24040,1933,1799,Medium,0.6583235205520717,0.05293424980146233,0.049264726018019005,0.0
EMP01028,Aisha Tomar,31,12,Data Science,128160,9224,7690,3655,1844,105747,0,10147,33805,6253,3193,53398,30110,5543,Medium,0.5049599515825508,0.2847362100106859,0.05241756267317276,0.3196780996151191
EMP01029,Shruti Ahuja,45,16,Sales,69362,1936,4162,2016,1766,59482,5926,9894,0,8118,5425,29363,4624,3272,Medium,0.4936451363437679,0.07773780303285027,0.05500823778622104,0.0
EMP01030,Sai Vivaan Deshmukh,39,17,IT,126348,8952,7581,2357,1738,105720,0,14163,32746,19941,8775,75625,4755,4788,Low,0.7153329549754067,0.04497729852440409,0.0452894438138479,0.309742716609913
EMP01031,Rakesh Narang,59,30,Operations,95000,4500,5700,1953,1826,81021,0,15145,16671,6991,5234,44041,18319,4197,Medium,0.5435751224991052,0.22610187482257688,0.051801384826156184,0.2057614692487133
EMP01032,Nikhil Banerjee,46,26,Operations,95000,4500,5700,1670,1706,81424,0,13416,0,2537,3969,19922,42089,3173,Medium,0.24466987620357633,0.5169114757319709,0.03896885439182551,0.0
EMP01033,Deepak Maheshwari,30,3,Marketing,52936,980,3176,1160,1797,45823,10363,7455,0,2446,2087,22351,9287,3283,Medium,0.48776815136503504,0.20267114767693079,0.07164524365493312,0.0
EMP01034,Pankaj Jain,32,8,Data Science,117960,7694,7078,3089,1494,98605,0,10940,24112,8165,5730,48947,22970,5965,Medium,0.4963947061508037,0.2329496475837939,0.060493889762182444,0.2445312103848689
EMP01035,Rohit Mohanty,46,24,Sales,85000,3500,5100,1901,1554,72945,0,11995,23229,4108,4760,44092,13314,2851,Medium,0.6044554116114881,0.18252107752416205,0.03908424155185414,0.31844540407156074
EMP01036,Vaishnavi Saini,35,9,Operations,63686,1518,3821,1384,1615,55348,13608,8276,8475,4281,3319,37959,839,480,Low,0.6858242393582424,0.015158632651586327,0.008672400086724001,0.15312206403122064
EMP01037,Nikhil Purohit,34,7,Finance,87463,3746,5248,1729,1437,75303,0,10394,0,4410,3607,18411,20721,6129,High,0.2444922513047289,0.2751683199872515,0.08139117963427751,0.0
EMP01038,Divya Wadhwa,54,23,IT,141596,11653,8496,2839,1175,117433,24573,14695,8221,4006,4224,55719,37631,3847,Medium,0.4744748069111749,0.3204465525022779,0.032759105191896655,0.07000587569081945
EMP01039,Yuvraj Pallavi Goel,47,25,Sales,82043,3204,4923,1616,1212,71088,18400,11279,3068,4756,3065,40568,12533,2793,Medium,0.5706729687148323,0.17630261084852578,0.03928933153274814,0.043157776277290116
EMP01040,Komal Narang,54,35,Operations,95000,4500,5700,1891,1181,81728,18576,9068,2760,6815,4386,41605,14896,4025,Medium,0.5090666601409554,0.1822631166797181,0.04924872748629601,0.033770555990602975
EMP01041,Rakesh Ahuja,47,21,Operations,82659,3266,4960,1484,1289,71660,13534,10001,0,1693,2953,28181,27078,2536,High,0.3932598381244767,0.37786770862405805,0.03538933854312029,0.0
EMP01042,Deepak Prateek Pradhan,38,16,Cyber Security,148250,12983,8895,2571,1296,122505,0,17856,27951,2771,3393,51971,42329,5072,Medium,0.4242357454797763,0.3455287539284111,0.04140239173911269,0.22816211583200685
EMP01043,Sanya Sharma,41,24,HR,69898,1990,4194,1639,1191,60884,0,9314,17894,4066,3904,35178,9932,3410,Low,0.5777872675908284,0.16312988634123907,0.0560081466395112,0.29390316010774586
EMP01044,Rohit Parmar,33,12,Operations,71319,2132,4279,1381,1761,61766,0,10838,0,1916,3072,15826,2938,130,Medium,0.25622510766441087,0.04756662241362562,0.002104717805912638,0.0
EMP01045,Tarun Pillai,48,21,Cyber Security,159124,15158,9547,3028,2090,129301,48567,21947,0,21609,10360,102483,4939,3717,Low,0.7925924780164113,0.03819769375333524,0.028746877441009736,0.0
EMP01046,Siddharth Bajaj,58,32,Marketing,90000,4000,5400,1705,1758,77137,24868,13565,0,12207,6263,56903,2705,2229,Low,0.7376874910872863,0.03506747734550216,0.02889663844847479,0.0
EMP01047,Tanvi Shinde,40,14,Sales,68306,1831,4098,2003,1954,58420,14195,9716,0,3858,2903,30672,11187,2856,Medium,0.5250256761383088,0.19149263950701814,0.048887367339952074,0.0
EMP01048,Manish Narang,47,27,Sales,81237,3124,4874,1709,2088,69442,19517,10090,4214,7651,5038,46510,11135,1792,Medium,0.6697675758186689,0.1603496443074796,0.025805708360934303,0.060683736067509576
EMP01049,Khushi Karan Trivedi,30,5,Marketing,61564,1412,3694,2002,1757,52699,13033,6523,3801,2883,3428,29668,472,920,Low,0.5629708343611833,0.008956526689310993,0.017457636767301086,0.0721266058179472
EMP01050,Anurag Pradhan,59,31,IT,150000,13333,9000,3567,1595,122505,0,20030,36051,7577,8102,71760,19467,5720,Low,0.5857720093057426,0.15890779968164565,0.04669197175625485,0.2942818660462838
EMP01051,Kunal Reddy,60,25,IT,148244,12982,8895,2256,1368,122743,0,18503,27773,15726,10210,72212,10100,7412,Low,0.5883186821244388,0.0822857515296188,0.060386335676983614,0.22626952249822802
EMP01052,Lokesh Singh,39,16,Operations,81822,3182,4909,1471,821,71439,0,8498,14119,1327,1862,25806,28789,3521,Medium,0.36123126023600555,0.4029871638740744,0.049286804126597514,0.19763714497683338
EMP01053,Ravi Porwal,27,2,IT,80000,3000,4800,1354,2012,68834,0,9814,0,11812,5839,27465,5666,4086,Medium,0.3990033994828137,0.08231397274602667,0.05936019990121161,0.0
EMP01054,Ashish Goel,38,16,Operations,79349,2935,4761,1414,1016,69223,18532,12713,0,1873,4420,37538,186,510,Medium,0.5422764110194589,0.0026869682042095834,0.007367493463155309,0.0
EMP01055,Rahul Ayush Mathew,52,25,Operations,95000,4500,5700,1796,1140,81864,5019,13825,0,5243,3399,27486,11848,24160,Medium,0.33575197889182057,0.14472784129776214,0.2951236196618782,0.0
EMP01056,Rupal Kapoor,42,17,Customer Support,53131,990,3188,943,2049,45961,11221,8050,3488,1642,3031,27432,206,903,Medium,0.596853854354779,0.004482060877700659,0.019647092099823765,0.07589042884184417
EMP01057,Abhishek Rajput,29,6,Product Management,134953,10324,8097,3996,1148,111388,0,11656,0,8267,3500,23423,24822,35539,High,0.21028297482673178,0.22284267605128022,0.3190559126656372,0.0
EMP01058,Ishaan Aakash Sharma,33,12,Marketing,71775,2178,4306,2028,2066,61197,21141,9660,0,8645,6107,45553,2967,2512,Low,0.7443665539160417,0.048482768763174665,0.041047763779270226,0.0
EMP01059,Shruti Wadhwa,23,2,IT,84277,3428,5057,2161,1570,72061,0,8009,0,6142,2924,17075,14212,17396,High,0.23695202675511026,0.19722179819874827,0.24140658608678758,0.0
EMP01060,Vivaan Atharv Pillai,23,2,Finance,73654,2365,4419,2143,1251,63476,0,6707,2033,4918,2310,15968,31432,3821,Medium,0.2515596445900813,0.4951792803579306,0.06019597958283446,0.03202785304682085
EMP01061,Palak Joshi,22,3,Finance,78161,2816,4690,1697,1231,67727,0,7415,0,12923,4639,24977,5191,4312,Medium,0.36878940452109205,0.07664594622528681,0.06366737047263278,0.0
EMP01062,Siddharth Bose,22,2,HR,46361,651,2782,1004,770,41154,0,4090,4827,3667,2007,14591,9042,8224,High,0.3545463381445303,0.21971132818195072,0.19983476697283376,0.11729115031345677
EMP01063,Nikita Deshmukh,23,2,Data Science,95049,4505,5703,1743,985,82113,18779,10100,0,4375,3653,36907,27342,2732,High,0.44946597980831293,0.33298016148478315,0.03327122380134692,0.0
EMP01064,Akash Kumawat,26,2,Operations,55264,1097,3316,824,1474,48553,0,4282,11116,3406,2248,21052,15334,2900,Medium,0.4335880378143472,0.31581982575741974,0.05972854406524829,0.22894568821699998
EMP01065,Rohan Mundra,30,6,IT,97526,4753,5852,1428,1262,84231,0,13750,18417,4916,4608,41691,12768,12488,Medium,0.4949602877800335,0.15158314634754425,0.14825895454167706,0.21864871603091499
EMP01066,Shubham Bhatia,50,19,Customer Support,54021,1034,3241,1116,1712,46918,3351,7202,5059,1781,2012,19405,18346,1928,Medium,0.41359392983503135,0.39102263523594355,0.04109297071486423,0.10782642056353638
EMP01067,Mansi Goel,49,24,Sales,82486,3249,4949,2020,1127,71141,0,10475,16111,4433,2891,33910,15260,3612,Medium,0.4766590292517676,0.2145035914592148,0.050772409721538916,0.2264657511139849
EMP01068,Vikram Swain,48,25,Sales,81178,3118,4871,1425,1983,69781,18442,12415,3145,5225,3923,43150,12954,2493,Medium,0.6183631647583153,0.18563792436336538,0.03572605723621043,0.04506957481262808
EMP01069,Shubham Yadav,22,2,Marketing,51129,890,3068,962,1178,45031,0,5345,0,4323,2033,11701,14338,3448,Medium,0.2598432191157203,0.31840287801736583,0.07656947436210611,0.0
EMP01070,Sakshi Ghosh,23,3,IT,82529,3253,4952,1368,1144,71812,0,8791,0,5919,3031,17741,20727,5277,High,0.2470478471564641,0.288628641452682,0.07348354035537236,0.0
EMP01071,Deepak Singh,56,26,Sales,85000,3500,5100,1819,1398,73183,0,10415,15126,3918,3178,32637,16028,4676,Medium,0.44596422666466257,0.21901261221868468,0.06389462033532378,0.20668734542175096
EMP01072,Simran Dubey,29,4,Marketing,54851,1076,3291,943,1852,47689,10071,5774,0,4107,2121,22073,11964,3169,Medium,0.4628530688418713,0.25087546394346705,0.06645138291849273,0.0
EMP01073,Parth Kulkarni,22,1,IT,80499,3050,4830,1445,1486,69688,0,6548,2166,6471,3798,18983,21019,5571,High,0.27239983928366435,0.30161577316037197,0.07994202732177706,0.03108139134427735
EMP01074,Jyoti Sandhu,39,15,IT,115691,7354,6941,3689,1418,96289,28048,14643,16970,6999,5442,72102,11789,2522,Low,0.7488082750885355,0.12243350746191153,0.02619198454652141,0.1762402766671167
EMP01075,Dev Deshmukh,26,4,Finance,82098,3210,4926,1213,1665,71084,4074,7629,0,4802,5822,22327,3469,770,Medium,0.3140931855269822,0.048801418040627986,0.01083225479714141,0.0
EMP01076,Charu Pradhan,48,16,IT,117774,7666,7066,3527,2129,97386,20898,12960,11597,5868,5030,56353,10926,14369,Medium,0.5786560696609369,0.1121927176390857,0.147546875320888,0.1190828250467213
EMP01077,Gaurav Chopra,52,35,Data Science,170000,17500,10200,3304,1399,137597,32730,16637,23551,11392,6707,91017,17367,5292,Medium,0.6614751775111376,0.12621641460206254,0.038460140846094025,0.17115925492561612
EMP01078,Sonia Rajput,37,15,Operations,80000,3000,4800,1352,1320,69528,18664,11134,0,1708,4243,35749,3258,1089,Medium,0.5141669543205615,0.0468588194684156,0.015662754573696928,0.0
EMP01079,Manish Tayal,28,5,Sales,49751,821,2985,1151,1953,42841,0,4481,4940,4472,2293,16186,10065,3227,Medium,0.37781564389253286,0.23493849349921803,0.07532503909806026,0.11531010013771854
EMP01080,Shreya Shukla,45,16,Operations,77178,2718,4631,1425,2220,66184,5097,11412,0,10230,5783,32522,6339,3169,Medium,0.4913876465611024,0.09577843587574036,0.047881663241871146,0.0
EMP01081,Shivam Dhruv Iyer,39,17,Cyber Security,150854,13504,9051,2211,2485,123603,24891,15480,0,2691,4063,47125,40172,7070,Medium,0.38126097263011416,0.3250082926789803,0.05719925891766381,0.0
EMP01082,Rupal Gupta,60,29,Marketing,90000,4000,5400,1463,1370,77767,21661,14700,5395,4908,4576,51240,11473,3548,Medium,0.6588913035092006,0.14753044350431416,0.045623464965859555,0.06937389895456941
EMP01083,Sakshi Bhatia,22,2,Customer Support,36445,156,2187,891,1521,31690,8061,3159,0,1999,2208,15427,1535,698,Medium,0.4868097191543074,0.048437993057746924,0.022025875670558536,0.0
EMP01084,Rupal Sabharwal,31,5,Customer Support,38489,258,2309,949,1055,33918,10716,5641,0,3653,2031,22041,2949,1681,Medium,0.6498319476384221,0.08694498496373607,0.049560705230261216,0.0
EMP01085,Vihaan Bhatia,31,5,Operations,56972,1182,3418,764,2039,49569,17357,8232,0,7465,5173,38227,2310,1450,Low,0.771187637434687,0.0466017067118562,0.02925215356371926,0.0
EMP01086,Vivaan Khanna,27,7,Data Science,107603,6140,6456,3090,1165,90752,23001,7778,3909,7459,5153,47300,14609,16905,High,0.521200634696756,0.16097716854724964,0.18627688645980253,0.04307343088857546
EMP01087,Aarav Ashish Kapoor,45,15,Operations,73295,2330,4398,1686,1169,63712,0,8208,19432,3906,4370,35916,170,85,Low,0.5637242591662481,0.0026682571572074335,0.0013341285786037168,0.30499748869914617
EMP01088,Vaishnavi Chaudhary,46,23,Finance,119069,7860,7144,3540,1846,98679,0,13598,28484,5084,4989,52155,22783,4467,Medium,0.5285319064846624,0.23087992379330963,0.045267990149879915,0.28865310755074536
EMP01089,Saloni Naidu,50,16,HR,58436,1255,3506,719,1125,51831,0,6837,13171,2304,2426,24738,7001,11979,Medium,0.4772819355212132,0.13507360459956397,0.23111651328355617,0.25411433312110515
EMP01090,Vidhi Rawat,27,6,Sales,57871,1227,3472,966,1131,51075,10917,8804,0,3016,2347,25084,11606,2254,Medium,0.49112090063631914,0.22723445912873225,0.044131179637787565,0.0
EMP01091,Garima Mishra,44,21,Finance,112220,6833,6733,2706,1490,94458,29803,14583,3038,13410,7080,67914,3720,3253,Low,0.7189862160960427,0.03938258273518389,0.034438586461707846,0.032162442567066844
EMP01092,Nikita Charu Srivastava,35,5,Operations,57766,1222,3466,780,1663,50635,12788,6060,0,3998,3679,26525,397,149,Medium,0.5238471413054212,0.007840426582403475,0.0029426286165695663,0.0
EMP01093,Yuvraj Reddy,55,33,Customer Support,60000,1333,3600,1678,1130,52259,0,8652,16208,1504,2587,28951,15591,1891,Medium,0.5539907001664786,0.29834095562486845,0.03618515471019346,0.3101475343959892
EMP01094,Tanvi Harsh Bajaj,29,2,Operations,55574,1112,3334,1034,1463,48631,0,6619,596,2405,1274,10894,21097,2979,Medium,0.22401348933807655,0.4338179350619975,0.0612572227591454,0.012255557154901195
EMP01095,Payal Thomas,35,5,Finance,83215,3322,4993,1680,1112,72108,18466,11067,0,4366,3773,37672,13582,4394,Medium,0.5224385643756587,0.18835635435735287,0.060936373217950854,0.0
EMP01096,Tarun Sonali Gupta,37,11,Cyber Security,126786,9018,7607,3887,1456,104818,8608,14572,9719,5183,4162,42244,24326,9501,Medium,0.4030223816520063,0.23207845980652178,0.09064282852181878,0.09272262397679788
EMP01097,Mansi Daga,22,3,IT,82663,3266,4960,1980,1838,70619,17089,9850,8289,8064,3425,46717,8398,3107,Medium,0.6615358472932213,0.11891983743751681,0.043996658123167984,0.11737634347696796
EMP01098,Sneha Nagpal,58,28,Sales,85000,3500,5100,1425,1949,73026,0,9885,18147,4498,4326,36856,14745,5293,Medium,0.5046969572481034,0.20191438665680717,0.07248103415221975,0.2485005340563635
EMP01099,Kunal Daga,54,35,Product Management,220000,31000,13200,2246,1341,172213,13525,24650,0,8106,7653,53934,29565,50714,High,0.31318193167763175,0.17167693495845263,0.2944841562483668,0.0
EMP01100,Atharv Khandelwal,53,26,Cyber Security,180000,20000,10800,2489,1690,145021,0,14244,26698,14566,6846,62354,39150,8684,Medium,0.4299653153681191,0.2699609022141621,0.0598809827542218,0.18409747553802552
EMP01101,Manish Komal Khurana,29,5,Customer Support,39407,304,2364,820,1422,34497,7160,5717,2890,1673,2096,19536,6557,1316,Medium,0.5663101139229498,0.19007449923181727,0.03814824477490796,0.08377540075948633
EMP01102,Pooja Singh,22,2,Operations,53259,996,3196,871,1231,46965,0,4717,0,3380,2536,10633,11115,13281,High,0.2264026402640264,0.23666560204407538,0.28278505269881826,0.0
EMP01103,Sonia More,48,21,IT,135212,10376,8113,2250,1191,113282,12429,18066,0,16801,9909,57205,13863,7468,Medium,0.5049787256580922,0.12237601737257464,0.06592397733090871,0.0
EMP01104,Rahul Khandelwal,36,9,Product Management,152977,13929,9179,3581,1141,125147,0,18494,25494,4693,6340,55021,45540,4032,Medium,0.4396509704587405,0.3638920629339896,0.032218111500874974,0.20371243417740736
EMP01105,Dhruv Khurana,49,24,Data Science,167359,16840,10042,2412,1929,136136,0,23694,36788,6007,6598,73087,5844,1237,Low,0.5368675442204854,0.042927660574719397,0.009086501733560556,0.27022977022977024
EMP01106,Rashmi Tomar,44,15,IT,119139,7871,7148,3141,1630,99349,0,17017,27508,6939,5248,56712,17463,6167,Low,0.5708361432928364,0.1757742906320144,0.06207410240666741,0.27688250510825474
EMP01107,Komal Sahu,42,17,Data Science,146009,12535,8761,2201,2175,120337,0,16955,31486,6049,5508,59998,26579,6739,Medium,0.49858314566592155,0.2208713861904485,0.05600106367950007,0.2616485370251876
EMP01108,Pooja Agarwal,34,10,Customer Support,49730,820,2984,1181,1481,43264,0,4200,11992,3324,1022,20538,15714,1657,Medium,0.4747133875739645,0.36321190828402367,0.03829974112426036,0.2771819526627219
EMP01109,Pooja Mukherjee,47,20,Operations,86801,3680,5208,1738,953,75222,0,11568,22543,1996,6117,42224,1852,1384,Low,0.5613251442397171,0.0246204567812608,0.018398872670229455,0.2996862619978198
EMP01110,Nikita Yadav,25,1,Sales,45000,583,2700,1074,1821,38822,9204,4599,0,4519,2156,20478,8190,1873,Medium,0.5274844160527536,0.21096285611251353,0.048245839987635875,0.0
EMP01111,Rajat Jadhav,33,7,Data Science,116754,7513,7005,3348,1148,97740,0,8116,21941,5543,3169,38769,37866,3459,Medium,0.3966543891958257,0.3874155923879681,0.03538980969920196,0.22448332310210764
EMP01112,Sanya Ahuja,45,18,HR,67356,1736,4041,2028,1208,58343,0,11340,14548,4659,3488,34035,8689,2937,Low,0.5833604716932622,0.14892960595101384,0.050340229333424746,0.24935296436590507
EMP01113,Vikram Saini,53,28,Finance,127605,9141,7656,3683,1555,105570,0,17087,0,7131,6539,30757,35977,7793,High,0.291342237378043,0.3407881026806858,0.07381831959837075,0.0
EMP01114,Rohit Porwal,36,18,Customer Support,50933,880,3056,1137,1508,44352,9920,7447,0,1459,2604,21430,10,582,Medium,0.4831800144300144,0.00022546897546897547,0.013122294372294372,0.0
EMP01115,Sonia Porwal,60,31,Data Science,170000,17500,10200,2647,1679,137974,30976,19891,9404,8961,5566,74798,13200,29931,High,0.5421166306695464,0.09567019873309464,0.2169321756272921,0.06815776885500166
EMP01116,Namrata Manish Verma,39,14,HR,57495,1208,3450,1088,1083,50666,0,6355,0,1489,1974,9818,27957,2793,High,0.19377886551138832,0.5517901551336202,0.0551257253384913,0.0
EMP01117,Arjun Jain,22,1,Sales,45707,619,2742,756,1071,40519,10185,5431,1640,3407,1646,22309,8856,1961,Medium,0.5505812088156173,0.21856413040795677,0.04839704829832918,0.04047483896443644
EMP01118,Nandini Khanna,36,11,Marketing,73682,2368,4421,2127,999,63767,16349,10812,0,3119,3220,33500,1314,978,Medium,0.5253501027177067,0.020606269700628854,0.015337086580833346,0.0
EMP01119,Vihaan Bose,33,10,IT,100672,5101,6040,3334,1858,84339,24703,15244,0,6098,5102,51147,13231,3151,Medium,0.6064454167111301,0.1568787868008869,0.03736112593224961,0.0
EMP01120,Reema Tayal,44,28,Finance,128247,9237,7695,3766,1852,105697,24494,15440,0,5386,4233,49553,22324,6682,Medium,0.46882125320491597,0.21120750825472814,0.06321844517819805,0.0
EMP01121,Monika Tiwari,49,26,Marketing,89745,3974,5385,1377,1260,77749,0,12955,21782,3943,4679,43359,805,1013,Low,0.5576791984462822,0.010353830917439452,0.013029106483684678,0.28015794415362255
EMP01122,Ishaan Pawar,37,17,Sales,74929,2493,4496,1543,1889,64508,15115,8668,0,4594,3932,32309,7480,13752,High,0.500852607428536,0.11595461028089539,0.2131828610404911,0.0
EMP01123,Ravi Fernandes,55,38,Customer Support,60000,1333,3600,1498,1126,52443,14253,8413,0,8194,3497,34357,2477,1768,Low,0.6551303319794824,0.04723223309116565,0.03371279293709361,0.0
EMP01124,Aditi Ashish Jain,46,22,Data Science,149966,13327,8998,3732,1275,122634,0,16404,0,3935,5991,26330,49781,7156,High,0.21470391571668543,0.40593147088083237,0.058352496045142456,0.0
EMP01125,Bhavna Aditya Mundra,32,12,HR,56497,1158,3390,999,1156,49794,14165,7922,0,7607,2984,32678,3289,2411,Low,0.6562638068843636,0.06605213479535688,0.04841948829176206,0.0
EMP01126,Kavya Rajput,31,7,IT,101038,5156,6062,3106,1837,84877,0,7915,15292,7029,3179,33415,14884,19158,Medium,0.3936873357917928,0.17535963806449334,0.2257148579709462,0.18016659401251223
EMP01127,Krishna Saini,27,4,Operations,53086,988,3185,703,1926,46284,13199,7599,1516,3383,2747,28444,7455,1970,Medium,0.6145536254429176,0.16107078039927405,0.042563304813758536,0.03275429954195835
EMP01128,Divya Trivedi,39,8,Sales,59630,1315,3578,1047,1070,52620,0,8302,17421,8623,4488,38834,2302,1231,Low,0.7380083618396047,0.043747624477385026,0.0233941467122767,0.33107183580387683
EMP01129,Rishabh Megha Bhardwaj,42,16,Data Science,133604,10054,8016,2205,1866,111463,0,17800,33046,5450,6519,62815,19849,4670,Medium,0.5635502364013171,0.1780770300458448,0.041897311215380886,0.2964750634739779
EMP01130,Pooja Ghosh,48,28,IT,150000,13333,9000,3636,1749,122282,0,21127,25840,6530,6444,59941,22575,8744,Medium,0.4901866178178309,0.18461425230205591,0.07150684483407206,0.21131482965604095
EMP01131,Vivaan Shubham Shetty,28,2,Customer Support,36136,140,2168,1146,2111,30571,0,3067,6075,2226,1292,12660,11184,1546,Medium,0.41411795492460174,0.3658369042556671,0.05057080239442609,0.19871773903372478
EMP01132,Yash Soni,45,21,Sales,75271,2527,4516,1814,1803,64611,19304,11403,0,8925,4398,44030,3372,2727,Medium,0.6814629087926205,0.0521892556994939,0.042206435436690344,0.0
EMP01133,Lakshay Bhardwaj,47,16,IT,118079,7712,7085,2251,1988,99043,26363,11817,0,9009,4685,51874,21373,6262,Medium,0.5237523096028998,0.2157951596781196,0.06322506386115122,0.0
EMP01134,Charu Tomar,46,16,Cyber Security,141937,11721,8516,2619,1084,117997,31205,19579,14853,7164,5717,78518,15161,5109,Low,0.665423697212641,0.1284863174487487,0.04329771095875319,0.1258760815952948
EMP01135,Parth Purohit,56,35,Data Science,170000,17500,10200,2841,2225,137234,0,16767,47129,2493,3518,69907,36624,6702,Medium,0.5094000029147295,0.26687264089074136,0.04883629421280441,0.3434207266420858
EMP01136,Khushi Shukla,36,9,Marketing,65773,1622,3946,2170,1305,56730,11996,7305,3809,5389,3074,31573,9114,3131,Medium,0.5565485633703507,0.16065573770491803,0.055191256830601096,0.06714260532346202
EMP01137,Riya Iyer,30,6,IT,91838,4184,5510,1316,1946,78882,25876,13817,0,11570,5724,56987,4083,3374,Low,0.7224335082781876,0.05176085799041606,0.0427727491696458,0.0
EMP01138,Ayush Reddy,60,23,Finance,117376,7606,7043,3948,1835,96944,0,12112,0,4787,3219,20118,45981,6576,Medium,0.2075218682950982,0.4743047532596138,0.06783297573857072,0.0
EMP01139,Amit Jadhav,42,21,Operations,86121,3612,5167,1672,1997,73673,14853,9573,9489,2666,1603,38184,21818,3270,Medium,0.5182902827358734,0.29614648514381114,0.04438532433863152,0.12879888154412064
EMP01140,Abhishek Pallavi Wadhwa,59,23,Finance,114175,7126,6850,3223,1868,95108,0,11313,0,2268,4181,17762,51084,4575,Medium,0.18675610884468183,0.5371157000462632,0.048103208983471424,0.0
EMP01141,Ishita Khandelwal,52,38,Finance,130000,9500,7800,3433,1551,107716,0,14530,23507,6286,5901,50224,18573,17392,Medium,0.4662631363957072,0.172425637788258,0.16146162130045677,0.21823127483382226
EMP01142,Rishabh Khurana,29,3,HR,42367,452,2542,1166,1155,37052,8904,4713,0,3811,2516,19944,8306,2052,Medium,0.5382705387023643,0.22417143474036488,0.05538162582316744,0.0
EMP01143,Akash Sabharwal,53,35,Operations,95000,4500,5700,2030,1791,80979,0,13331,22215,2277,3372,41195,1550,1483,Low,0.5087121352449401,0.01914076488966275,0.01831338989120636,0.27433038195087617
EMP01144,Jyoti Nagpal,52,34,Sales,85000,3500,5100,1801,1717,72882,0,13204,25326,11134,7077,56741,3315,1874,Low,0.7785324222716171,0.04548448176504487,0.02571279602645372,0.3474932081995554
EMP01145,Pallavi Bansal,34,10,Sales,58595,1263,3516,1149,1778,50889,12010,8787,0,4188,3234,28219,8547,2306,Medium,0.5545206233174164,0.16795378176030185,0.045314311540804494,0.0
EMP01146,Ritika Bhatia,39,9,Marketing,67693,1769,4062,1889,1570,58403,0,9263,18365,1514,2464,31606,2039,684,Low,0.5411708302655686,0.0349125901066726,0.011711727137304591,0.3144530246733901
EMP01147,Preeti Agarwal,39,10,Sales,59668,1317,3580,703,2013,52055,13407,7550,5915,2389,1939,31200,1674,273,Low,0.5993660551339929,0.03215829411199693,0.005244452982422438,0.11362981461915282
EMP01148,Sneha Khandelwal,56,24,Operations,94382,4438,5663,1507,1386,81388,0,13471,27127,3761,3561,47920,668,629,Low,0.5887845874084632,0.008207598171720646,0.007728412050916597,0.3333046640782425
EMP01149,Simran Mohit Dubey,39,10,Marketing,65401,1603,3924,1928,2210,55736,0,9573,15123,1341,2940,28977,2234,767,Low,0.5198973733314195,0.04008181426725994,0.01376130328692407,0.27133271135352377
EMP01150,Sanya Rathore,60,22,Operations,87155,3716,5229,1869,1601,74740,0,11823,21694,12070,6393,51980,3061,2439,Low,0.6954776558736955,0.040955311747390956,0.03263312817768263,0.29025956649719026
EMP01151,Jyoti Bose,35,12,Finance,99364,4936,5962,1949,1768,84749,0,8847,28852,7975,3782,49456,8877,12943,Medium,0.5835585080649919,0.10474459875632751,0.15272156603617743,0.34044059516926456
EMP01152,Pallavi Banerjee,23,2,IT,90797,4080,5448,1582,2032,77655,26269,10326,0,11948,5579,54122,2693,3880,Medium,0.6969544781404932,0.0346790290386968,0.049964586955122015,0.0
EMP01153,Anjali Iyer,47,20,IT,127336,9100,7640,2277,1725,106594,27708,17330,0,3714,3629,52381,37547,3216,Medium,0.49140664577743587,0.352243090605475,0.030170553689701108,0.0
EMP01154,Rupal Reddy,38,15,IT,123915,8587,7435,2245,2463,103185,20631,17694,5797,4898,5417,54437,33464,2977,Medium,0.5275669913262586,0.32431070407520474,0.02885109269758201,0.056180646411784656
EMP01155,Rohit More,43,21,HR,66410,1654,3985,1546,1950,57275,11295,5862,0,3169,1631,21957,19125,3992,Medium,0.3833609777389786,0.3339153208206024,0.06969882147533828,0.0
EMP01156,Aditya Somani,49,24,Sales,85000,3500,5100,1543,2045,72812,0,11065,21918,3414,5520,41917,2457,618,Low,0.5756880733944955,0.0337444377300445,0.008487611932099105,0.3010218095918255
EMP01157,Trisha Ayaan Naidu,52,27,Operations,95000,4500,5700,1257,2267,81276,22620,14917,6472,4445,4462,52916,13141,3070,Medium,0.6510655051921846,0.16168364584871303,0.037772528175599195,0.07962990304640977
EMP01158,Vihaan Bagri,48,28,Sales,85000,3500,5100,1426,696,74278,0,11634,25579,2874,3626,43713,2320,908,Low,0.5885053447858046,0.031234012762863837,0.012224346374431191,0.3443684536471095
EMP01159,Garima George,54,33,IT,150000,13333,9000,2299,1959,123409,38219,14527,17634,19512,10406,100298,4383,3272,Low,0.8127284071664141,0.03551604826228233,0.0265134633616673,0.14289071299500036
EMP01160,Siddharth Srivastava,56,24,Marketing,90000,4000,5400,1290,1786,77524,0,13002,25633,4109,3901,46645,11437,3393,Low,0.6016846395954801,0.14752850730096487,0.04376709148134771,0.3306459934987875
EMP01161,Rupal Singh,47,22,Sales,84962,3496,5098,2136,2318,71914,16952,10619,7805,2459,3742,41577,1782,1211,Low,0.5781489000750897,0.024779597852991074,0.01683955836137609,0.10853241371638346
EMP01162,Charu Solanki,38,8,Customer Support,44420,554,2665,943,1299,38959,0,4379,9961,3297,1635,19272,7827,2338,Medium,0.4946738879334685,0.2009035139505634,0.06001180728458123,0.2556790472034703
EMP01163,Simran Joshi,35,8,IT,98814,4881,5929,1784,1245,84975,0,9332,19100,7430,5913,41775,20307,4933,Medium,0.4916151809355693,0.23897616946160635,0.05805236834363048,0.22477199176228302
EMP01164,Harsh Jadhav,33,8,Operations,63984,1533,3839,2137,1149,55326,13073,7500,0,3914,4064,28551,968,544,Medium,0.5160503199219174,0.017496294689657667,0.00983262842063406,0.0
EMP01165,Palak Fernandes,27,6,Marketing,61193,1393,3672,1282,1132,53714,15681,6517,0,5243,2886,30327,9759,3302,Medium,0.564601407454295,0.18168447704509066,0.06147373124325129,0.0
EMP01166,Aarav Somani,48,23,HR,69547,1955,4173,1609,2260,59550,0,8434,20619,2181,2360,33594,1666,82,Low,0.5641309823677582,0.027976490344248532,0.001376994122586062,0.3462468513853904
EMP01167,Aarav Khurana,32,8,Marketing,65966,1632,3958,1632,1246,57498,14952,10403,1882,1297,4420,32954,1306,437,Low,0.573132978538384,0.022713833524644334,0.007600264357021114,0.03273157327211381
EMP01168,Rahul Saini,37,11,Sales,63887,1528,3833,1371,1578,55577,0,8075,18791,8569,4662,40097,3676,1447,Low,0.7214675135397737,0.06614246900696331,0.026035950123252424,0.3381074905086637
EMP01169,Rohit Mehta,54,37,Sales,85000,3500,5100,1972,2095,72333,16134,12420,0,3633,4184,36371,12633,4328,Medium,0.5028272019686727,0.17465057442661025,0.05983437711694524,0.0
EMP01170,Saloni Mehta,48,27,Finance,130000,9500,7800,3788,1404,107508,0,17174,34134,6840,6371,64519,19414,5831,Medium,0.6001320831938088,0.1805819101834282,0.05423782416192283,0.317501953343007
EMP01171,Avantika Das,32,11,Finance,96562,4656,5794,1585,1375,83152,16809,9348,11207,6049,1796,45209,19393,3146,Medium,0.5436910717721762,0.23322349432364825,0.03783432749663267,0.13477727535116413
EMP01172,Garima Sahu,46,18,Data Science,137578,10849,8255,2410,2317,113747,0,21119,22439,2664,6395,52617,2886,563,Low,0.4625792328588886,0.025372097725654304,0.004949581087852866,0.19727113682119088
EMP01173,Lakshay Bansal,27,2,Cyber Security,99432,4943,5966,1564,995,85964,6147,6303,0,5693,4026,22169,21311,22233,High,0.2578870224745242,0.2479061002280024,0.2586315201712345,0.0
EMP01174,Sumit Arora,57,31,Sales,85000,3500,5100,1642,1543,73215,4603,12561,12730,5813,4447,40154,13264,3079,Medium,0.5484395274192447,0.18116506180427508,0.04205422386123062,0.17387147442463977
EMP01175,Nandini Khurana,41,25,IT,133558,10045,8013,3622,1957,109921,0,13122,29623,6234,4611,53590,29675,5971,Medium,0.4875319547675149,0.2699666123852585,0.05432083041457046,0.26949354536439807
EMP01176,Rohan Bohra,54,26,IT,145136,12361,8708,3023,2046,118998,0,14615,40282,4758,3364,63019,14095,18684,Medium,0.529580329081161,0.11844736886334224,0.15701104220238996,0.3385098909225365
EMP01177,Harsh Roy,44,22,IT,127562,9134,7654,2523,784,107467,7928,14318,17249,3760,4937,48192,31353,5165,Medium,0.4484353336373026,0.29174537299822273,0.04806126531865596,0.16050508528199353
EMP01178,Aisha Yash Mundra,24,2,Marketing,56835,1175,3410,904,891,50455,0,5944,5846,4789,2922,19501,12929,4154,High,0.38650282429888017,0.25624814190863143,0.08233078981270439,0.11586562283222673
EMP01179,Ishita Gupta,60,32,IT,150000,13333,9000,3692,1833,122142,0,17286,39448,3650,2663,63047,35632,4674,Medium,0.5161778913068396,0.2917260238083542,0.03826693520656285,0.3229683483158946
EMP01180,Aditi Kumawat,46,20,HR,61463,1406,3688,1874,1969,52526,0,8311,0,2352,2463,13126,24081,2312,Medium,0.249895289951643,0.4584586680881849,0.04401629669116247,0.0
EMP01181,Rishabh Bagri,39,15,Operations,77752,2775,4665,1971,1340,67001,0,9113,0,4030,4177,17320,12341,16772,High,0.2585036044238146,0.18419128072715332,0.2503246220205669,0.0
EMP01182,Sonali Iyer,40,12,IT,116386,7458,6983,2297,1752,97896,21458,12311,0,9435,6145,49349,19405,5016,Medium,0.5040961837051565,0.19822056059491705,0.051238048541309145,0.0
EMP01183,Ananya Saini,47,22,IT,138807,11095,8328,3868,2037,113479,0,16423,33227,4207,4211,58068,37376,2992,Medium,0.5117070118700376,0.329364904519779,0.02636611179160902,0.29280307369645486
EMP01184,Siddharth Rajput,22,0,Sales,45000,583,2700,963,2089,38665,9744,4618,6763,2250,2778,26153,274,596,Low,0.6763998448208974,0.007086512349670245,0.015414457519720677,0.174912711754817
EMP01185,Khushi Pillai,39,17,Finance,102809,5421,6169,3502,1721,85996,21407,14699,0,5371,4662,46139,16684,4117,Medium,0.5365249546490535,0.19400902367551978,0.04787431973580167,0.0
EMP01186,Ankit Shinde,40,16,Finance,110282,6542,6617,2441,2125,92557,27170,15343,0,12122,8581,63216,5625,3417,Low,0.6829953434100068,0.060773361280076064,0.03691779119893687,0.0
EMP01187,Divya Verma,60,35,Data Science,170000,17500,10200,2918,1611,137771,27228,16097,20007,8038,7009,78379,31413,5664,Medium,0.5689078253043093,0.22800879720695938,0.041111699849750674,0.14521924062393393
EMP01188,Palak Tiwari,35,9,Operations,63005,1484,3780,1781,1707,54253,15682,10293,8646,3217,2820,40658,4768,2064,Low,0.7494147789062356,0.0878845409470444,0.03804397913479439,0.1593644591082521
EMP01189,Monika Solanki,43,28,Data Science,170000,17500,10200,3019,1443,137838,10221,24242,0,7599,9896,51958,36300,8762,Medium,0.3769497526081342,0.2633526313498455,0.06356737619524369,0.0
EMP01190,Shruti Khanna,30,5,IT,94237,4424,5654,2073,2333,79753,0,12779,0,3384,3833,19996,31714,5612,Medium,0.2507241106917608,0.3976527528745,0.07036725891189047,0.0
EMP01191,Rohit Seth,24,1,Product Management,130136,9520,7808,3917,2187,106704,0,11652,8078,9460,5423,34613,27584,9379,High,0.32438334083070924,0.2585095216674164,0.08789736092367671,0.07570475333633228
EMP01192,Aarav Naidu,39,12,Marketing,69531,1953,4172,2051,1189,60166,0,10751,15773,8483,4327,39334,4201,2124,Low,0.6537579363760263,0.06982348834890137,0.035302330219725425,0.2621580294518499
EMP01193,Abhishek Nagpal,28,4,Sales,48603,763,2916,1017,2032,41875,0,7174,10670,5805,3238,26887,2217,2424,Low,0.6420776119402986,0.05294328358208955,0.05788656716417911,0.2548059701492537
EMP01194,Rashmi Sabharwal,41,26,Sales,85000,3500,5100,1984,2059,72357,0,8207,13057,13545,6958,41767,6999,2486,Medium,0.5772350981936786,0.09672872009618973,0.03435742222590765,0.1804524786820902
EMP01195,Nikhil Kohli,47,26,Data Science,170000,17500,10200,2455,874,138971,32187,20865,0,7879,5805,66736,34974,6567,Medium,0.48021529671658114,0.2516640162336027,0.04725446316137899,0.0
EMP01196,Tanvi Nagpal,44,20,HR,61271,1397,3676,1476,1812,52910,12230,8593,8787,1862,4058,35530,607,15,Low,0.6715176715176715,0.011472311472311472,0.0002835002835002835,0.16607446607446608
EMP01197,Palak Goel,59,33,HR,70000,2000,4200,1300,1967,60533,13774,9296,0,3340,2372,28782,9882,11613,High,0.47547618654287743,0.16324979763104422,0.1918457700758264,0.0
EMP01198,Akash Saini,22,2,IT,86432,3643,5186,1848,1536,74219,22048,9899,0,4164,4182,40293,1083,558,Medium,0.5428933292014174,0.014591950848165565,0.007518290464705803,0.0
EMP01199,Lokesh Sandhu,24,1,Sales,45000,583,2700,936,1505,39276,0,4326,1384,2948,1961,10619,16965,2678,Medium,0.2703686729809553,0.43194317140238314,0.06818413280374784,0.035237804257052655
EMP01200,Mohit Bose,56,35,Marketing,90000,4000,5400,2125,1263,77212,0,11848,21582,4634,4411,42475,13997,3522,Medium,0.5501087913795784,0.18128011189970472,0.045614671294617416,0.27951613738797076
EMP01201,Shivam Jindal,49,22,Product Management,202872,25862,12172,3034,991,160813,0,12797,50840,14515,8070,86222,21767,21916,Medium,0.5361631211407037,0.13535597246491265,0.13628251447333237,0.3161435953560968
EMP01202,Ravi Soni,41,17,Sales,74023,2402,4441,2145,1857,63178,0,11675,0,3864,4587,20126,16334,6059,High,0.31856025831776885,0.25853936496881824,0.09590363734211275,0.0
EMP01203,Bhavna Bhatia,22,0,Customer Support,36676,167,2201,923,2365,31020,7858,3110,0,2681,1940,15589,6491,1870,Medium,0.5025467440361058,0.2092520954223082,0.06028368794326241,0.0
EMP01204,Pallavi Das,26,3,Operations,55681,1117,3341,745,1341,49137,4719,7158,4983,3638,2695,23193,12154,2822,Medium,0.47200683802429944,0.24734924802083968,0.057431263609906996,0.10141034251175285
EMP01205,Ravi Tomar,31,10,Operations,70458,2046,4227,2186,1647,60352,4357,8229,2608,2749,2543,20486,25241,3312,Medium,0.33944194061505834,0.4182297189819724,0.054878048780487805,0.043213149522799574
EMP01206,Aditya Tayal,46,22,Data Science,150631,13460,9038,3890,1412,122831,0,18027,33324,6021,5883,63255,40978,3274,Medium,0.5149758611425455,0.3336128501762584,0.0266545090408773,0.27129959049425634
EMP01207,Ishaan Purohit,30,3,IT,84249,3425,5055,1531,965,73273,0,9552,3963,3436,3775,20726,31199,4233,Medium,0.2828599893548783,0.42579121913938284,0.05777025643825147,0.05408540663000014
EMP01208,Tushar Reddy,48,25,Sales,83576,3358,5015,1586,869,72748,0,10406,0,9295,4097,23798,8901,7391,Medium,0.3271292681585748,0.12235387914444383,0.10159729477099026,0.0
EMP01209,Vikram Reddy,47,23,IT,140637,11461,8438,2291,1589,116858,0,17474,32732,5836,4570,60612,25743,6664,Medium,0.5186807920724298,0.22029300518578104,0.05702647657841141,0.28010063495866777
EMP01210,Sanya Diya Ghosh,46,27,Customer Support,60000,1333,3600,1860,1335,51872,12732,7955,4508,3559,2525,31279,4427,7750,Medium,0.6030035471930907,0.08534469463294263,0.14940623072177667,0.08690623072177668
EMP01211,Sneha Verma,56,26,Sales,83507,3351,5010,2144,1269,71733,0,13733,12954,8786,5932,41405,6376,4208,Low,0.5772099312729149,0.08888517139949535,0.05866198263003081,0.18058634101459578
EMP01212,Vivaan Yadav,45,27,Cyber Security,180000,20000,10800,2607,2299,144294,35489,18442,0,7995,8459,70385,18399,23142,Medium,0.48778882004795765,0.12751049939706433,0.1603808890182544,0.0
EMP01213,Aman Pradhan,41,20,Customer Support,55873,1127,3352,762,862,49770,11693,6832,5811,3636,2661,30633,8082,2297,Medium,0.6154912597950573,0.16238698010849908,0.04615230058268033,0.11675708257986739
EMP01214,Sakshi Mehta,60,36,IT,150000,13333,9000,2266,2010,123391,0,10175,0,6937,3375,20487,71275,5546,Medium,0.16603317908113233,0.5776353218630208,0.04494655201757016,0.0
EMP01215,Simran Seth,36,18,Sales,74994,2499,4500,1465,1872,64658,0,10311,14714,1958,3224,30207,21746,2813,Medium,0.4671811686102261,0.3363234247888892,0.04350583067833833,0.2275665810881871
EMP01216,Neha Deepak Solanki,36,9,Sales,59234,1295,3554,1105,1728,51552,5711,7105,6923,3778,3230,26747,10865,3068,Medium,0.5188353507138423,0.210758069522036,0.05951272501551831,0.13429158907510863
EMP01217,Nikhil Pankaj Chatterjee,50,26,Operations,95000,4500,5700,2065,1821,80914,21077,14237,0,6463,4572,46349,12706,3514,Medium,0.5728180537360654,0.15703092171935634,0.0434288256667573,0.0
EMP01218,Priya Gill,52,34,Cyber Security,180000,20000,10800,2899,1960,144341,0,19213,32566,7432,3104,62315,44347,5691,Medium,0.4317207169134203,0.30723772178383135,0.03942746690129623,0.22561850063391553
EMP01219,Aman Bose,54,30,Customer Support,60000,1333,3600,2063,1388,51616,0,6522,12886,1846,1065,22319,19146,1972,Medium,0.43240468071915683,0.37093149411035337,0.038205207687538746,0.24965127092374456
EMP01220,Reema Porwal,60,33,HR,70000,2000,4200,1347,1923,60530,0,10044,11774,4991,3997,30806,14810,2421,Medium,0.5089377168346274,0.24467206343961673,0.039996695853295884,0.1945151164711713
EMP01221,Payal Khandelwal,57,35,IT,150000,13333,9000,2543,1185,123939,26115,18580,0,3110,6224,54029,5505,2623,Medium,0.4359321924495115,0.04441701159441338,0.021163636950435296,0.0
EMP01222,Saurabh Sabharwal,46,24,Product Management,212776,28833,12767,3453,1232,166491,0,28817,44286,10067,10803,93973,25910,10652,Low,0.5644329122895532,0.15562402772522238,0.06397943432377726,0.26599636016361244
EMP01223,Vidhi Banerjee,38,12,Sales,64194,1543,3852,1451,1898,55450,0,7335,12913,5574,4606,30428,3718,4206,Low,0.548746618575293,0.06705139765554553,0.07585211902614969,0.23287646528403969
EMP01224,Arjun Thomas,30,4,Finance,82986,3299,4979,1763,2213,70732,25602,10841,0,7832,5852,50127,4848,1722,Low,0.7086891364587456,0.06854040603969914,0.02434541650172482,0.0
EMP01225,Parth Trivedi,42,23,Finance,126346,8952,7581,2469,2275,105069,0,13514,20275,4646,4659,43094,38020,5503,Medium,0.4101495207910992,0.3618574460592563,0.052375105882800824,0.19296843026963234
EMP01226,Nikhil Rajat Shinde,52,34,Cyber Security,180000,20000,10800,3340,1826,144034,0,18803,12665,9188,4638,45294,22106,41433,High,0.3144674174153325,0.15347765111015454,0.2876612466500965,0.08793062749073136
EMP01227,Shreya Gill,22,0,Marketing,50000,833,3000,903,2032,43232,10764,4578,2305,3919,1597,23163,7318,2131,Medium,0.5357836787564767,0.16927276091783863,0.04929219096965211,0.05331698741672835
EMP01228,Vihaan Rathore,38,12,IT,109823,6473,6589,3294,1837,91630,0,14037,31328,4675,4061,54101,16262,4036,Low,0.5904288988322601,0.17747462621412202,0.04404670959292808,0.3418967587034814
EMP01229,Rahul Purohit,22,3,IT,89938,3994,5396,1434,1867,77247,0,8033,0,3879,4218,16130,4415,1603,Medium,0.20881069815008996,0.057154323145235414,0.020751614949447876,0.0
EMP01230,Harsh Harsh Kohli,52,26,IT,140026,11339,8402,2516,1319,116450,23083,15073,11618,6260,4636,60670,12507,25180,High,0.5209961356805496,0.10740231859167025,0.21623014169171317,0.09976814083297553
EMP01231,Shruti Sandhu,43,23,Customer Support,57434,1205,3446,919,2047,49817,16835,9327,7453,5861,4936,44412,792,546,Low,0.8915029006162555,0.015898187365758678,0.01096011401730333,0.14960756368308006
EMP01232,Kunal Malhotra,37,17,HR,59330,1300,3560,821,1353,52296,13737,8744,0,3840,3390,29711,9467,2193,Medium,0.5681314058436592,0.18102722961603182,0.041934373565855894,0.0
EMP01233,Ravi Srivastava,38,12,Data Science,123509,8526,7411,3475,2357,101740,22419,17428,0,7473,4618,51938,21304,6202,Medium,0.5104973461765284,0.20939650088460782,0.060959308040102224,0.0
EMP01234,Deepak Maheshwari,58,23,Marketing,90000,4000,5400,1503,1778,77319,0,9948,21822,4384,3547,39701,14453,4437,Medium,0.5134701690399514,0.18692688731101023,0.0573856361308346,0.2822333449734218
EMP01235,Mansi Narang,40,10,Finance,87701,3770,5262,1808,1146,75715,17770,10414,0,3922,3774,35880,25325,2392,High,0.47388232186488805,0.33447797662286205,0.03159215479099254,0.0
EMP01236,Varun Tomar,29,5,Data Science,101466,5220,6088,3974,2153,84031,5766,10492,0,6639,3829,26726,24591,7318,High,0.31804929133296045,0.2926420011662363,0.08708690840285133,0.0
EMP01237,Ankit Pradhan,50,27,Cyber Security,179029,19757,10742,3760,1828,142942,0,27858,40191,25350,10354,103753,8440,3578,Low,0.7258398511284297,0.059044927313175975,0.025031131507884316,0.28116998502889284
EMP01238,Atharv Bhatia,37,14,Finance,98990,4899,5939,1788,1532,84832,18005,11401,0,2490,3817,35713,27751,3760,High,0.42098500565824215,0.32712891361750285,0.04432289701999246,0.0
EMP01239,Gaurav Iyer,25,2,IT,83114,3311,4987,1941,1878,70997,0,8428,12467,5453,4331,30679,78,643,Medium,0.4321168500077468,0.0010986379706184768,0.009056720706508726,0.17559896897051988
EMP01240,Mansi Kohli,59,27,Operations,95000,4500,5700,1427,1409,81964,20752,15678,3854,6088,5758,52130,11374,3103,Medium,0.6360109316285198,0.13876823971499683,0.037858084036894245,0.0470206432092138
EMP01241,Mohit Mishra,36,14,Finance,99631,4963,5978,1222,2318,85150,22970,10999,0,10238,5044,49251,8014,3699,Medium,0.5784028185554904,0.09411626541397533,0.04344098649442161,0.0
EMP01242,Hemant Mukherjee,27,4,Customer Support,39075,287,2344,1189,1337,33918,6965,3295,1151,2415,1096,14922,10912,1283,Medium,0.43994339288873163,0.32171708237514,0.03782652279025886,0.03393478389055959
EMP01243,Saloni Khandelwal,42,18,Sales,73415,2342,4405,1800,1480,63388,4545,11830,0,3263,4286,23924,3451,198,Medium,0.3774215939925538,0.054442481226730614,0.003123619612544961,0.0
EMP01244,Karan Tomar,42,20,Sales,76144,2614,4569,1846,1567,65548,15315,8105,9633,4003,3306,40362,2389,493,Low,0.6157624946604016,0.03644657350338683,0.00752120583389272,0.14696100567523038
EMP01245,Nikita Sharma,42,17,IT,127445,9117,7647,2285,938,107458,25107,15608,0,5285,3329,49329,37038,4625,Medium,0.45905376984496266,0.3446741982914255,0.043040071469783545,0.0
EMP01246,Simran Rohan Khandelwal,54,23,Marketing,90000,4000,5400,1950,1117,77533,0,11161,14460,12713,7431,45765,6305,3529,Medium,0.5902647904763133,0.08132021203874479,0.0455161028207344,0.1865012317335844
EMP01247,Dhruv D'Souza,37,16,Sales,70738,2074,4244,1290,1911,61219,5594,6295,0,5370,3485,20744,16474,4023,High,0.33884905013149513,0.2690994625851451,0.06571489243535504,0.0
EMP01248,Aarav Bhatia,31,12,IT,113109,6966,6787,3569,2147,93640,20369,11115,0,9339,3765,44588,21093,4333,Medium,0.47616403246475864,0.22525630072618538,0.04627296027338744,0.0
EMP01249,Nisha Behera,47,24,HR,70000,2000,4200,1305,1767,60728,3374,9370,0,1269,3458,17471,2279,1482,Medium,0.28769266236332497,0.03752799367672244,0.02440389935449875,0.0
EMP01250,Amit Mehta,57,32,Marketing,90000,4000,5400,1559,1952,77089,20054,11677,10704,7905,6283,56623,2460,2754,Low,0.7345146518958606,0.03191116761146208,0.03572494130161242,0.13885249516792278
EMP01251,Sanya Chaudhary,44,21,Finance,116754,7513,7005,3187,1166,97883,0,8349,31591,7250,3811,51001,12755,14700,Medium,0.5210404258144928,0.13030863377706037,0.15017929568975205,0.32274245783231
EMP01252,Saloni Bajaj,25,1,Customer Support,35000,83,2100,875,1805,30137,2668,3322,0,1902,1788,9680,1065,464,Medium,0.32119985400006634,0.035338620300627135,0.01539635663801971,0.0
EMP01253,Vivek Verma,41,21,IT,135700,10473,8142,2709,1102,113274,0,17947,0,6191,4419,28557,38440,10245,High,0.2521055140632449,0.3393541324575807,0.09044440913183961,0.0
EMP01254,Tarun Jadhav,58,35,Finance,130000,9500,7800,3216,1788,107696,22944,17121,0,5170,4500,49735,22458,5786,Medium,0.46180916654286136,0.2085314217798247,0.05372530084682811,0.0
EMP01255,Monika Menon,40,8,Finance,88485,3848,5309,1388,1579,76361,0,9887,23769,2474,3321,39451,20941,3055,Medium,0.5166380744097118,0.27423684865310827,0.040007333586516675,0.31127146056232896
EMP01256,Harsh George,29,3,Data Science,96216,4622,5773,1697,2137,81987,19660,13015,0,5881,5197,43753,14998,4189,Medium,0.5336577750131118,0.18293144035029943,0.0510934660372986,0.0
EMP01257,Saurabh Narang,22,1,IT,81904,3190,4914,2056,1042,70702,0,6900,0,7136,4490,18526,25410,4099,High,0.262029362677152,0.35939577381120763,0.05797572911657379,0.0
EMP01258,Charu Iyer,59,25,Customer Support,60000,1333,3600,1618,973,52476,0,7715,0,1143,2125,10983,2407,1563,Medium,0.20929567802423965,0.045868587544782374,0.0297850445918134,0.0
EMP01259,Aman Lakhotia,30,7,Finance,81839,3184,4910,1943,2204,69598,17754,10896,4717,4984,3298,41649,13379,3431,Medium,0.5984223684588638,0.19223253541768442,0.04929739360326446,0.06777493606138107
EMP01260,Prateek Pandey,43,16,Marketing,76044,2604,4563,1884,1397,65596,19914,9444,0,8712,4259,42329,4632,2801,Low,0.6452984938105982,0.0706140618330386,0.0427007744374657,0.0
EMP01261,Manish Reddy,55,28,IT,150000,13333,9000,2756,1259,123652,11373,23245,0,7860,6322,48800,35830,9511,Medium,0.3946559699802672,0.2897648238605118,0.07691747808365412,0.0
EMP01262,Muskan Rathore,59,38,HR,70000,2000,4200,1602,1311,60887,18832,7830,9493,7574,3860,47589,1460,1948,Low,0.7815954144562879,0.023978846059093076,0.03199369323500911,0.15591177098559628
EMP01263,Anurag Ayaan Solanki,24,2,HR,41997,433,2520,1008,1581,36455,0,4125,1206,3328,2446,11105,10394,3140,High,0.30462213688108625,0.2851186394184611,0.08613358935674119,0.03308188177204773
EMP01264,Aisha Saini,59,38,Sales,85000,3500,5100,1452,912,74036,7607,11608,0,11861,5067,36143,6520,4938,Medium,0.48818142525257985,0.0880652655464909,0.06669728240315523,0.0
EMP01265,Manish Khandelwal,41,24,Data Science,153178,13969,9191,3105,1813,125100,0,20019,28765,8867,7278,64929,24076,7551,Medium,0.5190167865707435,0.19245403677058354,0.06035971223021583,0.22993605115907273
EMP01266,Vikram Lakhotia,36,18,Sales,75860,2586,4552,2147,1297,65278,18199,11434,4918,5159,4241,43951,8460,2824,Medium,0.6732896228438371,0.12959955881001256,0.04326112932381507,0.07533931799381108
EMP01267,Lakshay Kohli,59,27,Finance,125838,8876,7550,3714,2092,103606,25015,16498,0,6111,5761,53385,23022,6607,Medium,0.5152693859428991,0.22220720807675232,0.06377043800552092,0.0
EMP01268,Aman Khanna,57,33,Operations,95000,4500,5700,1357,2082,81361,0,11697,22619,3258,3489,41063,24031,3431,Medium,0.504701269650078,0.2953626430353609,0.04217008148867393,0.2780078907584715
EMP01269,Aakash Gill,50,15,HR,54562,1061,3274,1122,1255,47850,9428,7060,0,1187,2144,19819,18221,1857,Medium,0.4141901776384535,0.3807941483803553,0.03880877742946708,0.0
EMP01270,Dev Lakhotia,56,36,IT,150000,13333,9000,3195,1206,123266,35607,18843,8304,14724,6874,84352,14356,5731,Medium,0.684308730712443,0.1164635828208914,0.04649295020524719,0.06736650820177502
EMP01271,Mohit Rawat,25,2,IT,83272,3327,4996,1282,1170,72497,0,6853,1367,3815,2859,14894,35984,4355,High,0.20544298384760748,0.4963515731685449,0.06007145123246479,0.018855952660110073
EMP01272,Jyoti Banerjee,36,8,IT,100133,5020,6008,3287,1960,83858,0,15274,23087,11516,5664,55541,5694,2756,Low,0.6623220205585633,0.06790049846168524,0.03286508144720838,0.2753106441842162
EMP01273,Ritika Iyer,25,2,Sales,50894,878,3054,1185,1891,43886,0,6549,15269,1979,2807,26604,235,119,Low,0.6062069908399034,0.005354782846465843,0.0027115708882103633,0.34792416716037006
EMP01274,Karan Thomas,55,34,Operations,95000,4500,5700,2198,1140,81462,20818,12646,9098,5815,4882,53259,11622,3254,Medium,0.6537894969433601,0.1426677469249466,0.03994500503302153,0.11168397535047016
EMP01275,Yash Chauhan,39,8,Operations,68313,1831,4099,1785,1458,59140,6628,6170,0,4253,1388,18439,27580,2284,Medium,0.3117855935069327,0.4663510314507947,0.03862022319918837,0.0
EMP01276,Abhishek Shukla,58,32,Operations,95000,4500,5700,1979,1480,81341,0,14651,24369,5715,4762,49497,15311,3941,Low,0.6085123123639985,0.188232256795466,0.0484503509915049,0.2995906123603103
EMP01277,Deepak Mayank Chauhan,26,4,Operations,57275,1197,3436,966,1926,49750,13233,6543,0,5338,3484,28598,9620,1922,Medium,0.5748341708542714,0.19336683417085426,0.03863316582914573,0.0
EMP01278,Khushi Kulkarni,25,1,Customer Support,37234,195,2234,836,1769,32200,7530,3667,0,2547,1523,15267,3571,7473,High,0.4741304347826087,0.11090062111801242,0.2320807453416149,0.0
EMP01279,Nandini Swain,33,10,Finance,90767,4077,5446,1938,1525,77781,21002,8114,0,8255,3764,41135,15308,4656,Medium,0.5288566616525887,0.19680898934187013,0.05986037721294404,0.0
EMP01280,Anjali Verma,35,11,Customer Support,44342,550,2661,1192,1930,38009,0,4625,0,2326,1707,8658,42,63,Medium,0.22778815543687023,0.0011050014470257044,0.0016575021705385567,0.0
EMP01281,Aisha Abhishek Wadhwa,47,18,IT,128825,9324,7730,3344,1887,106540,20592,15681,0,4036,2540,42849,39956,4105,Medium,0.4021869720292848,0.3750328515111695,0.03853012952881547,0.0
EMP01282,Varun Sharma,40,16,Finance,102064,5310,6124,3119,2170,85341,19975,13127,0,5382,4668,43152,9763,15536,High,0.5056420712201638,0.11439987813594872,0.18204614429172378,0.0
EMP01283,Namrata Seth,26,3,Sales,50576,862,3035,709,960,45010,0,4999,2316,6523,3973,17811,2772,3465,Medium,0.39571206398578096,0.06158631415241057,0.07698289269051321,0.05145523217062875
EMP01284,Monika Porwal,37,13,IT,105466,5820,6328,3571,1373,88374,25008,15310,15525,4565,5218,65626,10935,2610,Low,0.7425939756036843,0.12373548781315771,0.02953357322289361,0.1756738407223844
EMP01285,Charu Shinde,36,9,HR,53368,1002,3202,1072,1120,46972,10557,7978,2433,2600,2421,25989,7440,2772,Medium,0.5532870646342501,0.15839223367112323,0.05901388060972494,0.0517968151239036
EMP01286,Namrata Dhruv Porwal,57,22,IT,134043,10142,8043,3045,2168,110645,0,9968,9966,10126,5210,35270,26135,23790,High,0.31876722852365674,0.23620588368204617,0.2150119752361155,0.09007185141669302
EMP01287,Ankit Sabharwal,34,6,Finance,79373,2937,4762,1913,1882,67879,5561,7505,7805,5615,2658,29144,17621,4673,Medium,0.4293522297028536,0.25959427805359536,0.06884308843677721,0.11498401567495102
EMP01288,Manish Behera,43,26,Operations,95000,4500,5700,1318,1561,81921,0,12108,22436,2213,1854,38611,22369,4073,Medium,0.4713199301766336,0.27305574883119105,0.049718631364363226,0.2738736099412849
EMP01289,Aditya Saini,56,22,Customer Support,57566,1212,3454,1156,1281,50463,0,7264,0,3833,3299,14396,13333,4795,High,0.2852783227315063,0.2642133840635713,0.0950201137467055,0.0
EMP01290,Payal Khurana,43,26,Marketing,90000,4000,5400,1533,2311,76756,21259,11312,4027,5314,4426,46338,10730,3555,Medium,0.6037052477982178,0.13979363176820053,0.04631559747772161,0.052464953879826984
EMP01291,Yash Deshmukh,43,22,HR,67832,1783,4070,1306,844,59829,0,10653,0,3348,4102,18103,20101,4669,High,0.30257901686473115,0.33597419311705023,0.07803907803907804,0.0
EMP01292,Nisha Behera,35,8,Finance,84963,3496,5098,1400,1859,73110,20522,9272,0,6023,5230,41047,13607,3489,Medium,0.5614416632471618,0.1861168102858706,0.047722609766105865,0.0
EMP01293,Gaurav Khurana,28,7,IT,100752,5113,6045,3181,1914,84499,0,10086,0,5415,3005,18506,19898,25335,High,0.2190085089764376,0.235482076710967,0.2998260334441828,0.0
EMP01294,Ananya Soni,31,10,Marketing,64943,1580,3897,1759,1607,56100,6376,7289,0,1742,1782,17189,21670,3590,Medium,0.3063992869875223,0.3862745098039216,0.06399286987522282,0.0
EMP01295,Sneha Tayal,41,27,Cyber Security,180000,20000,10800,2767,1603,144830,28985,21524,0,5654,4128,60291,49911,6422,Medium,0.41628806186563555,0.3446178277981081,0.04434164192501554,0.0
EMP01296,Ishita Porwal,23,2,Data Science,95216,4522,5713,1728,1168,82085,21701,12043,12775,9661,4927,61107,8653,3064,Low,0.7444356459767314,0.10541511847475178,0.03732716086983005,0.15563135773892917
EMP01297,Ritika Mittal,57,24,Finance,118849,7827,7131,3586,1300,99005,28413,16667,7327,7416,6913,66736,12825,2966,Medium,0.6740669663148325,0.1295389121761527,0.029958082925104792,0.07400636331498409
EMP01298,Ankit Mishra,56,28,Finance,130000,9500,7800,2858,1233,108609,0,18731,33689,7553,4913,64886,20320,5762,Low,0.597427469178429,0.18709315065970591,0.05305269360734378,0.3101860803432496
EMP01299,Anjali Solanki,47,20,Data Science,152276,13789,9137,3856,1727,123767,23851,15012,0,5600,6175,50638,18243,22321,High,0.40913975453877044,0.14739793321321515,0.18034694223823797,0.0
EMP01300,Atharv Dhruv Mishra,45,20,Marketing,79814,2981,4789,1275,1546,69223,13761,8967,0,1536,2440,26704,29144,2805,High,0.3857677361570576,0.4210161362552909,0.040521214047354204,0.0
EMP01301,Reema Verma,31,12,Marketing,69751,1975,4185,1952,1174,60465,16151,7802,6627,5765,3789,40134,7873,1874,Low,0.6637558918382536,0.13020755809145787,0.03099313652526255,0.10960059538576036
EMP01302,Harsh Jadhav,43,24,Finance,117801,7670,7068,3223,2207,97633,0,15274,31812,10622,8190,65898,3467,4744,Low,0.674956213575328,0.035510534348017576,0.048590128337754654,0.32583245419069373
EMP01303,Mohit Narang,48,15,IT,116127,7419,6968,2972,1909,96859,0,14665,23602,6039,4089,48395,17720,6989,Medium,0.49964381213929526,0.1829463446866063,0.0721564335787072,0.24367379386530938
EMP01304,Sai Nagpal,51,22,Customer Support,52591,963,3155,806,1522,46145,10703,4802,1555,3190,3097,23347,1721,862,Medium,0.5059486401560299,0.037295481633979846,0.018680247047350742,0.03369812547404919
EMP01305,Ankit Pradhan,59,24,Marketing,90000,4000,5400,1350,1348,77902,15413,10321,0,3929,2983,32646,28533,3252,Medium,0.4190649790762753,0.3662678750224641,0.04174475623218916,0.0
EMP01306,Ananya Seth,25,2,Cyber Security,102465,5370,6148,3816,1262,85869,0,11806,0,11704,5598,29108,14163,6055,Medium,0.33898147177677623,0.16493728819480838,0.07051438819597293,0.0
EMP01307,Saurabh More,58,23,Customer Support,58969,1282,3538,865,1813,51471,0,6456,16530,1494,1319,25799,16058,2324,Medium,0.501233704416079,0.3119815041479668,0.04515163878688971,0.3211517165005537
EMP01308,Sneha Narang,51,28,HR,70000,2000,4200,1467,840,61493,0,9405,11621,1957,2707,25690,2201,840,Low,0.41777112842112113,0.035792691851105,0.013660091392516222,0.1889808596100369
EMP01309,Siddharth Parmar,51,26,Sales,85000,3500,5100,1724,1903,72773,0,7439,17325,14146,4471,43381,5214,3444,Low,0.5961139433581136,0.07164745166476578,0.04732524425267613,0.23806906407596223
EMP01310,Sanya Komal Srivastava,47,23,Sales,80497,3050,4830,1683,2144,68790,0,6772,21290,3735,4018,35815,1190,1562,Low,0.5206425352522169,0.017299026021224014,0.02270678877743858,0.30949265881668847
EMP01311,Sanya Muskan Gupta,39,9,Operations,65509,1609,3931,1769,2220,55980,0,7242,8531,3207,3421,22401,12270,3560,Medium,0.4001607717041801,0.21918542336548769,0.06359414076455877,0.15239371204001428
EMP01312,Krishna Daga,25,3,Operations,56471,1157,3388,996,1792,49138,15780,5460,4103,9476,4683,39502,1038,1263,Low,0.8038992225975823,0.021124180878342627,0.025703121820179902,0.0834995319304815
EMP01313,Aakash Agarwal,28,5,Sales,47806,724,2868,776,2082,41356,12823,5752,7402,4451,3757,34185,1223,1133,Low,0.8266031531095851,0.029572492504110648,0.027396266563497435,0.17898249347132217
EMP01314,Palak Shinde,51,32,Sales,85000,3500,5100,1966,1230,73204,0,12708,15240,2130,4208,34286,440,1498,Low,0.46836238456914925,0.006010600513633135,0.020463362657778265,0.20818534506311132
EMP01315,Sanya Tayal,35,12,Cyber Security,126506,8976,7590,2688,1860,105392,0,16184,25767,4647,5377,51975,13702,23172,Medium,0.4931588735387885,0.13000986792166389,0.21986488538029453,0.24448724760892668
EMP01316,Anjali Goel,53,24,Operations,88948,3895,5337,1733,2009,75974,0,9808,0,3026,4144,16978,1008,2130,Medium,0.2234711875115171,0.01326769684365704,0.02803590702082291,0.0
EMP01317,Ashish Agarwal,44,22,Data Science,157787,14891,9467,2628,1590,129211,0,16831,0,5781,7969,30581,33204,32950,High,0.23667489610017722,0.25697502534613925,0.25500924843860046,0.0
EMP01318,Yuvraj D'Souza,56,30,HR,70000,2000,4200,1529,1357,60914,18375,7994,0,8881,3822,39072,3085,3633,Low,0.6414288997603178,0.05064517188166924,0.059641461732934956,0.0
EMP01319,Atharv Parth Mishra,56,22,Operations,87327,3733,5240,1830,1622,74902,0,13796,0,6106,4351,24253,23742,6362,High,0.32379642733171343,0.3169741795946704,0.08493765186510374,0.0
EMP01320,Vaishnavi Saini,26,4,HR,45638,615,2738,856,1402,40027,9702,5040,0,4039,2447,21228,6807,2314,Medium,0.5303420191370825,0.17006020935868288,0.05781097759012666,0.0
EMP01321,Pooja Patel,51,27,Sales,85000,3500,5100,1836,1985,72579,0,12645,20340,5212,4235,42432,12680,3132,Low,0.584631918323482,0.1747061822290194,0.043152978134171044,0.28024635225065103
EMP01322,Sai Solanki,50,27,Cyber Security,176426,19106,10586,2478,1702,142554,0,22587,36654,9623,5771,74635,30886,6328,Medium,0.5235559858018716,0.21666175624675563,0.044390195995903305,0.2571236163138179
EMP01323,Arjun Nair,46,18,Sales,73493,2349,4410,1493,2133,63108,0,8860,0,3026,3451,15337,3838,299,Medium,0.24302782531533246,0.06081637827216835,0.004737909615262724,0.0
EMP01324,Parth Khanna,25,3,IT,87251,3725,5235,2191,1545,74555,0,8868,5357,8800,3663,26688,23107,5325,High,0.3579639192542418,0.30993226477097446,0.07142378110120046,0.0718529944336396
EMP01325,Swati Porwal,53,24,Sales,81601,3160,4896,1628,943,70974,14910,5603,0,5523,3456,29492,13935,13312,High,0.41553244850226845,0.196339504607321,0.18756164229154337,0.0
EMP01326,Ashish D'Souza,44,24,Operations,91246,4125,5475,1533,1276,78837,0,9628,15210,6781,4769,36388,19345,4346,Medium,0.4615599274452351,0.2453797074977485,0.05512640004059008,0.19292971574260817
EMP01327,Sumit Soni,59,23,Customer Support,60000,1333,3600,1820,1386,51861,0,9949,9652,3026,2619,25246,11989,3422,Medium,0.48680125720676426,0.23117564258305856,0.06598407281001138,0.18611287865640846
EMP01328,Namrata Tiwari,57,36,IT,150000,13333,9000,2625,2046,122996,0,18834,30277,3991,4407,57509,41432,4421,Medium,0.4675680509935283,0.33685648313766303,0.03594425834986504,0.24616247682851475
EMP01329,Jyoti Bhardwaj,52,26,Sales,85000,3500,5100,1206,2024,73170,0,10036,21453,1798,1787,35074,23907,2621,Medium,0.4793494601612683,0.32673226732267324,0.035820691540248736,0.2931939319393194
EMP01330,Yuvraj Dubey,45,22,Data Science,159056,15145,9543,3223,1061,130084,30905,16582,6909,8446,6782,69624,13240,24089,Medium,0.5352233941145721,0.10178038805694782,0.18518034500784109,0.05311183542941484
EMP01331,Ankit Namrata Saini,50,15,Finance,107563,6134,6454,2900,1760,90315,0,12213,30313,2879,1805,47210,22451,3956,Medium,0.5227260145047888,0.24858550628356307,0.043802247688645296,0.3356363837679234
EMP01332,Parth Bohra,26,4,Operations,58256,1246,3495,935,1789,50791,0,7882,0,1840,4001,13723,981,1211,Medium,0.27018566281427814,0.019314445472623103,0.023842806796479692,0.0
EMP01333,Sonali Dubey,53,29,Data Science,170000,17500,10200,2533,1699,138068,0,20807,28647,8795,5985,64234,29306,10421,Medium,0.4652345221195353,0.2122577280760205,0.07547730104006721,0.20748471767534837
EMP01334,Shreya Ananya Jadhav,32,11,Cyber Security,130122,9518,7807,2321,804,109672,22787,16774,0,2258,6990,48809,875,671,Medium,0.44504522576409655,0.007978335400102123,0.006118243489678313,0.0
EMP01335,Vihaan Seth,44,21,Sales,76598,2660,4596,1239,1123,66980,15149,9735,4139,3825,2501,35349,9965,8974,Medium,0.527754553598089,0.1487757539564049,0.13398029262466407,0.06179456554195282
EMP01336,Shivam Menon,60,35,Sales,85000,3500,5100,1561,2041,72798,0,11031,21130,2881,2240,37282,21758,2933,Medium,0.5121294541058821,0.29888183741311575,0.04028956839473612,0.2902552267919448
EMP01337,Aakash Daga,50,16,Cyber Security,149178,13169,8951,2906,1804,122348,31358,20190,0,8318,6744,66610,23694,7290,Medium,0.5444306404681728,0.1936607055284925,0.05958413705168863,0.0
EMP01338,Garima Prachi Shukla,28,2,Sales,51190,893,3071,851,1768,44607,0,5938,0,2033,2199,10170,20409,2140,High,0.22799112246956757,0.45752908736296993,0.047974533145022084,0.0
EMP01339,Krishna Saxena,57,26,Cyber Security,174730,18682,10484,2552,1361,141651,0,21475,49546,8061,6220,85302,26784,6759,Low,0.6021983607598957,0.18908443992629773,0.04771586504860537,0.349775151605001
EMP01340,Aakash Suri,27,6,Customer Support,40543,360,2433,992,2223,34535,0,4695,5527,3427,2308,15957,7408,2130,Medium,0.46205298972057335,0.21450702186187925,0.061676560011582456,0.16004053858404518
EMP01341,Rahul Nair,27,6,Customer Support,43170,492,2590,1200,1881,37007,9859,5938,4240,2507,1609,24153,5451,1325,Medium,0.6526603075093901,0.14729645742697328,0.03580403707406707,0.11457291863701462
EMP01342,Nandini Bansal,31,5,Operations,61342,1400,3681,1285,922,54054,10663,7263,0,1983,2084,21993,19739,2683,High,0.4068709068709069,0.3651718651718652,0.049635549635549635,0.0
EMP01343,Rajat Nair,41,27,Finance,126040,8906,7562,3979,1970,103623,32377,17508,0,13727,6699,70311,7131,4925,Low,0.6785269679511305,0.0688167684780406,0.04752805844262374,0.0
EMP01344,Sai Rashmi Thomas,41,26,Operations,95000,4500,5700,2123,1170,81507,0,12756,17985,1936,3427,36104,3466,2068,Low,0.4429558197455433,0.042523954997730255,0.025372053934017938,0.2206558945857411
EMP01345,Tushar Agarwal,39,12,Sales,62735,1470,3764,1686,1900,53915,10714,8397,0,1391,1260,21762,18503,3066,High,0.40363535194287303,0.3431883520356116,0.05686729110637114,0.0
EMP01346,Tanvi Rashmi Khurana,34,12,Customer Support,51723,919,3103,1081,1774,44846,0,6773,14605,1840,3567,26785,372,375,Low,0.5972661998840476,0.008295054185434598,0.008361949783704232,0.32567007090933414
EMP01347,Palak Sahu,51,22,IT,140840,11501,8450,3013,1356,116520,9848,18029,8266,7803,6099,50045,31908,5412,Medium,0.4294970820460007,0.2738414006179197,0.046446961894953655,0.07094061105389633
EMP01348,Vikram Chaudhary,34,8,Data Science,117737,7661,7064,2891,2333,97788,22762,17203,5222,6684,3947,55818,18327,3987,Medium,0.5708062338937293,0.18741563382010062,0.040771873849552095,0.0534012353253978
EMP01349,Mansi Yadav,55,32,Customer Support,60000,1333,3600,1960,1569,51538,4655,4606,2100,3773,2657,17791,10689,10308,High,0.34520159882028795,0.2074003647793861,0.2000077612635337,0.04074663355194225
EMP01350,Diya Bohra,35,12,Data Science,133063,9959,7984,2234,1230,111656,30054,16561,0,7065,6731,60411,18691,5635,Medium,0.5410457118291897,0.1673980798165795,0.0504675073439851,0.0
EMP01351,Prateek Reddy,27,3,IT,84527,3453,5072,1788,1890,72324,0,6786,0,9875,5993,22654,7723,4942,Medium,0.3132293567833638,0.10678336375200487,0.06833139759969029,0.0
EMP01352,Ishaan More,35,11,Operations,66649,1666,3999,1595,1490,57899,0,5941,13698,3253,2103,24995,18947,2583,Medium,0.4317000293614743,0.3272422667058153,0.04461216946752103,0.23658439696713243
EMP01353,Tanvi Rajput,38,10,Marketing,67591,1759,4055,1711,1422,58644,0,10035,20444,10189,4503,45171,2176,1609,Low,0.7702578268876611,0.037105245208375964,0.027436736921083147,0.34861196371325287
EMP01354,Dhruv Mundra,27,2,Sales,45000,583,2700,1189,1749,38779,0,4447,0,1757,1196,7400,21164,1744,High,0.19082493101936615,0.5457593027153872,0.04497279455375332,0.0
EMP01355,Payal Joshi,55,29,Sales,85000,3500,5100,1846,2039,72515,22696,10062,9743,9976,5627,58104,2939,1445,Low,0.80126870302696,0.04052954561125285,0.019926911673446873,0.1343584086051162
EMP01356,Ritika Lodha,23,1,Cyber Security,96842,4684,5811,2032,885,83430,27909,10411,0,11839,7822,57981,4812,2797,Low,0.6949658396260338,0.05767709457029845,0.03352511087138919,0.0
EMP01357,Yuvraj Pradhan,40,17,Marketing,73737,2374,4424,1959,1951,63029,0,8742,21705,4556,5033,40036,2140,901,Low,0.6351996699931778,0.033952624982151076,0.01429500706024211,0.34436529216709766
EMP01358,Payal Daga,39,12,HR,51923,929,3115,819,1658,45402,0,6990,11927,1016,2175,22108,15617,1192,Medium,0.4869389013699837,0.34397163120567376,0.0262543500286331,0.26269767851636494
EMP01359,Akash Malhotra,50,15,HR,60925,1380,3656,1871,1830,52188,5802,9567,0,3302,2709,21380,14012,3952,High,0.40967272169847474,0.26849084080631563,0.07572622058710815,0.0
EMP01360,Nikita Mishra,37,13,Marketing,76328,2633,4580,1406,2025,65684,19685,10193,0,7020,4361,41259,5807,2634,Medium,0.628143840204616,0.08840813592351257,0.04010109006759637,0.0
EMP01361,Anjali Suri,42,21,Cyber Security,167317,16829,10039,3260,1084,136105,0,24820,38255,15730,13207,92012,4423,6854,Low,0.6760368832886374,0.03249696925168069,0.05035817934682782,0.28106976231585906
EMP01362,Lakshay Saini,29,2,Cyber Security,101224,5184,6073,2411,1649,85907,0,13969,6522,4654,5113,30258,25901,5998,High,0.35221809631345524,0.3015004597995507,0.06981968873316494,0.07591930808897994
EMP01363,Varun Solanki,56,32,Product Management,220000,31000,13200,2798,2077,170925,0,23045,7985,16995,10025,58050,22289,16042,Medium,0.33962264150943394,0.13040222319730876,0.09385402954512213,0.046716396080152114
EMP01364,Khushi Dhruv Mohanty,32,7,Finance,87190,3719,5231,1945,1792,74503,14513,10747,0,2542,2430,30232,25699,4318,Medium,0.40578231749057087,0.34493912996792075,0.05795739768868368,0.0
EMP01365,Sonia Vivaan Suri,55,26,Product Management,205305,26592,12318,2219,1950,162226,35202,22207,0,9087,7830,74326,27488,35513,High,0.45816330304636743,0.16944262941821903,0.21891065550528274,0.0
EMP01366,Tarun Behera,24,1,Cyber Security,100682,5102,6041,3207,2231,84101,0,9801,0,8945,5180,23926,23490,6751,High,0.284491266453431,0.27930702369769683,0.08027252945862713,0.0
EMP01367,Neha Tomar,42,22,IT,133877,10109,8033,3244,1149,111342,20375,17726,5051,4855,4822,52829,29970,5530,High,0.47447504086508235,0.2691706633615347,0.04966679240538162,0.045364732086723786
EMP01368,Monika Rawat,36,8,Data Science,118434,7765,7106,2551,2184,98828,36375,12313,0,15658,9399,73745,5264,2432,Low,0.7461954102076335,0.0532642570931315,0.0246084105719027,0.0
EMP01369,Yash Sneha Mundra,27,5,Sales,53388,1003,3203,888,1427,46867,13272,4874,0,5005,3158,26309,8427,2941,Medium,0.5613544711630785,0.17980668700791602,0.06275204301534129,0.0
EMP01370,Prateek Chaudhary,34,7,Sales,55482,1107,3329,1183,1311,48552,0,7725,0,2549,2713,12987,13441,4980,High,0.2674864063272368,0.27683720547042345,0.10257043994068216,0.0
EMP01371,Avantika Rathore,35,6,IT,100808,5121,6048,3663,1094,84882,23564,11297,0,1625,3828,40314,1039,1658,Medium,0.47494168374920476,0.012240522136613181,0.019532998751207557,0.0
EMP01372,Rishabh Gill,56,38,Data Science,170000,17500,10200,2461,2154,137685,0,16827,0,13501,6958,37286,49224,11144,High,0.2708065511856775,0.3575117115154156,0.08093837382430911,0.0
EMP01373,Kunal Rashmi Chatterjee,52,35,Sales,85000,3500,5100,1578,1843,72979,19414,11479,0,2744,3289,36926,1043,566,Medium,0.5059811726661094,0.014291782567587936,0.007755655736581757,0.0
EMP01374,Muskan Shinde,50,18,Sales,71458,2146,4287,1469,2115,61441,5666,9176,10529,8596,4501,38468,3047,2413,Low,0.6260965804593024,0.04959229179212578,0.03927344932536905,0.1713676535212643
EMP01375,Amit Behera,45,15,Data Science,140999,11533,8460,3061,2012,115933,0,15072,38151,7736,5979,66938,21836,6158,Low,0.5773852138735304,0.18835016776931504,0.05311688647753444,0.3290780019494018
EMP01376,Rahul Goel,41,22,HR,68268,1827,4096,1638,1943,58764,0,9175,13679,2809,3396,29059,454,476,Low,0.4945034374787285,0.007725818528350691,0.008100197399768565,0.23277857191477774
EMP01377,Bhavna Deshmukh,58,34,Data Science,170000,17500,10200,2666,1725,137909,0,21340,34547,8807,8361,73055,26279,6074,Medium,0.5297333749066413,0.19055319087224185,0.04404353595486879,0.25050576829648535
EMP01378,Rahul Gupta,24,0,IT,82721,3272,4963,2162,1668,70656,0,7863,0,6777,4055,18695,11717,21971,High,0.2645918251811594,0.16583163496376813,0.3109573143115942,0.0
EMP01379,Diya Chaudhary,40,16,HR,59095,1288,3546,900,1839,51522,12609,9248,2685,4101,3226,31869,8097,2085,Medium,0.6185512984744381,0.15715616629789217,0.04046814952835682,0.052113660183999065
EMP01380,Aisha Bedi,57,28,Sales,85000,3500,5100,1293,1186,73921,0,9992,24808,11230,5992,52022,3391,3608,Low,0.7037513020657188,0.04587329716859891,0.04880886351645676,0.33560152054220044
EMP01381,Reema George,28,2,Cyber Security,104016,5602,6241,3091,2000,87082,22256,14990,0,4918,6004,48168,18826,4443,Medium,0.55313382788636,0.21618704209825224,0.05102087687466985,0.0
EMP01382,Pankaj Bansal,23,2,Finance,73453,2345,4407,1957,1241,63503,14840,9012,2043,4486,3323,33704,13196,3326,Medium,0.5307465789017841,0.20780120624222478,0.052375478323858714,0.0321717084232241
EMP01383,Krishna Mishra,47,17,Marketing,80665,3066,4840,1860,1675,69224,0,8503,15193,3136,2782,29614,9883,17817,Medium,0.42779960707269155,0.14276840402172658,0.25738183289032707,0.2194759043106437
EMP01384,Shubham Fernandes,44,21,IT,127415,9112,7645,2292,1511,106855,29482,16441,0,6675,5577,58175,20180,6880,Medium,0.5444293668990688,0.18885405455991763,0.06438631790744467,0.0
EMP01385,Rohan Mohit Shinde,29,7,Marketing,59291,1298,3557,722,2283,51431,0,7562,15474,2049,1954,27039,16601,1203,Medium,0.5257335070288347,0.3227819797398456,0.023390562112344696,0.30086912562462326
EMP01386,Vivek Chaudhary,42,23,Sales,85000,3500,5100,1931,1173,73296,25674,10853,0,12530,6100,55157,3963,1434,Low,0.7525240122244051,0.05406843483955468,0.019564505566470203,0.0
EMP01387,Dev Bedi,23,0,Data Science,90000,4000,5400,1294,2401,76905,0,6482,0,4756,1814,13052,37050,6123,Medium,0.16971588323255965,0.4817632143553735,0.07961771016188804,0.0
EMP01388,Preeti Ahuja,43,16,Sales,70363,2036,4222,1621,1262,61222,0,9851,17372,3321,3998,34542,12168,3267,Medium,0.5642089444970763,0.19875208258469176,0.05336317010225083,0.2837542060043775
EMP01389,Rupal Kulkarni,57,33,IT,150000,13333,9000,2650,929,124088,0,19205,0,6206,9805,35216,367,231,Medium,0.2837985945458062,0.0029575784926826124,0.0018615821030236606,0.0
EMP01390,Nisha Banerjee,26,5,Sales,51846,926,3111,830,1674,45305,14447,5754,0,6935,3026,30162,2036,1389,Low,0.6657543317514623,0.04493985211345326,0.030658867674649596,0.0
EMP01391,Shivam Kapoor,46,24,Product Management,201568,25470,12094,2544,1851,159609,0,21187,52159,10430,9273,93049,32030,7302,Low,0.5829809095978297,0.20067790663433765,0.04574929985151213,0.32679234880238583
EMP01392,Ishita D'Souza,25,1,Finance,70894,2089,4254,1260,1348,61943,0,7721,0,6384,4416,18521,20509,5375,High,0.2990006941865909,0.3310947161099721,0.08677332386226047,0.0
EMP01393,Khushi Parmar,59,34,Sales,85000,3500,5100,1567,1125,73708,17060,8397,0,6135,2997,34589,17735,4398,Medium,0.4692706354805449,0.24061160253975145,0.059667878656319534,0.0
EMP01394,Megha Aditi Wadhwa,48,28,IT,147830,12899,8870,2725,1384,121952,27325,18882,7806,8092,4939,67044,18466,18232,High,0.5497572815533981,0.15142023091052217,0.14950144319076358,0.0640087903437418
EMP01395,Anjali Purohit,48,28,IT,150000,13333,9000,2651,1942,123074,0,13953,36070,12541,6125,68689,21964,7878,Medium,0.5581113801452785,0.17846173846628857,0.0640102702439183,0.29307571054812553
EMP01396,Rajat Jindal,49,17,Finance,108481,6272,6509,3031,1359,91310,0,13221,0,4604,3838,21663,20511,20868,High,0.23724674186836053,0.22463038002409375,0.22854013799145767,0.0
EMP01397,Nisha Arora,40,18,Marketing,79307,2931,4758,1596,1688,68334,22884,11335,0,8977,5824,49020,2714,3222,Low,0.7173588550355606,0.039716685690871306,0.04715075950478532,0.0
EMP01398,Karan Tomar,48,22,Sales,78528,2853,4712,1963,1093,67907,15469,9737,0,4050,3272,32528,17483,3293,Medium,0.4790080551342277,0.2574550488167641,0.04849279161205767,0.0
EMP01399,Prachi Hemant Khandelwal,43,28,Marketing,90000,4000,5400,2057,1874,76669,0,11901,13908,10775,7469,44053,4375,3387,Low,0.5745868603999009,0.057063480676675056,0.04417691635471964,0.18140317468598782
EMP01400,Dhruv Gupta,54,30,Finance,130000,9500,7800,2670,1319,108711,20098,12334,0,4716,3698,40846,21148,25466,High,0.37573014690325723,0.1945341317805926,0.23425412331778753,0.0
EMP01401,Rishabh Agarwal,39,18,Operations,83692,3369,5022,1724,1251,72326,0,12285,23763,3701,3204,42953,14369,2891,Low,0.5938804855791832,0.19866991123524044,0.039971794375466635,0.3285540469540691
EMP01402,Diya Tayal,35,12,Sales,65423,1604,3925,1311,1028,57555,0,9909,14892,4052,3469,32322,10479,2533,Low,0.5615845712796456,0.1820693249934845,0.04401007731734862,0.2587438102684389
EMP01403,Priya Daga,43,20,Sales,77900,2790,4674,1627,1890,66919,0,11241,15624,4142,3206,34213,14584,3085,Medium,0.5112598813490937,0.2179351155875013,0.046100509571272735,0.2334762922338947
EMP01404,Ashish Singh,55,27,Sales,85000,3500,5100,1435,1534,73431,0,9502,24641,2885,2515,39543,20606,3280,Medium,0.538505535809127,0.2806171780310768,0.0446677833612507,0.33556672250139585
EMP01405,Vidhi Fernandes,41,20,Marketing,83932,3393,5036,1256,1802,72445,15374,10158,8486,3213,1821,39052,17554,3416,Medium,0.5390572158188971,0.24230795776106012,0.04715301263027124,0.11713713851887639
EMP01406,Saurabh Saloni Chauhan,27,4,Operations,55212,1094,3313,741,1616,48448,0,7057,0,1481,1376,9914,19800,4301,High,0.20463177014531045,0.4086856010568032,0.08877559445178336,0.0
EMP01407,Vaishnavi Gill,52,25,Operations,95000,4500,5700,2004,1464,81332,0,12699,25588,9278,5362,52927,5396,3443,Low,0.6507524713519893,0.06634534992376924,0.04233266119116707,0.31461171494614665
EMP01408,Dhruv Ritika Lodha,44,28,Sales,85000,3500,5100,2057,2368,71975,17613,11819,9351,2113,4452,45348,2603,264,Low,0.6300521014241056,0.036165335185828415,0.0036679402570336922,0.12992011114970475
EMP01409,Ishita Singh,30,5,Customer Support,36805,174,2208,782,1249,32392,0,4135,6969,1883,1846,14833,1654,587,Low,0.4579217090639664,0.051061990614966656,0.018121758458878735,0.2151457149913559
EMP01410,Anjali Pillai,47,23,HR,64627,1565,3878,1670,1546,55968,0,7633,14349,2655,2476,27113,2467,725,Low,0.48443753573470555,0.044078759291023444,0.012953830760434534,0.2563786449399657
EMP01411,Varun Tayal,31,6,Operations,60292,1348,3618,2048,2214,51064,12169,8138,0,3679,2399,26385,9400,3591,Medium,0.5167045276515745,0.1840827197242676,0.07032351558828137,0.0
EMP01412,Tushar Ghosh,45,25,Sales,85000,3500,5100,1610,1206,73584,0,10014,16555,5406,3762,35737,17374,4255,Medium,0.48566264405305504,0.2361111111111111,0.05782507066753642,0.22498097412480975
EMP01413,Nisha Lakhotia,57,24,IT,145590,12451,8735,2919,1263,120222,28854,11787,0,9173,6464,56278,29342,5971,Medium,0.4681173162981817,0.244065146146296,0.04966645040009316,0.0
EMP01414,Dhruv Khurana,55,25,IT,140317,11397,8419,3711,2063,114727,0,17748,22687,7939,5697,54071,29505,5900,Medium,0.47130143732512836,0.25717573021172,0.051426429698327336,0.1977476967060936
EMP01415,Lakshay Menon,58,37,IT,150000,13333,9000,2949,1736,122982,0,16035,34589,7467,4749,62840,19372,20837,Medium,0.5109690849067343,0.15751898651835228,0.16943129888926836,0.28125254102226344
EMP01416,Shreya Malhotra,41,17,HR,58157,1241,3489,1047,2096,50284,10946,6637,0,2255,2407,22245,514,274,Medium,0.44238724047410705,0.010221939384297192,0.0054490493994113435,0.0
EMP01417,Pallavi Kapoor,38,15,Sales,66691,1669,4001,1289,1675,58057,14755,9946,6455,4324,4020,39500,8173,2550,Low,0.6803658473569079,0.14077544482146856,0.043922352171142154,0.11118383657440102
EMP01418,Arjun Bhardwaj,36,16,Sales,73817,2382,4429,1672,1851,63483,13839,9150,2480,3677,3743,32889,10970,3942,Medium,0.5180757053069326,0.17280216750941196,0.062095364113227164,0.03906557661106123
EMP01419,Ankit Maheshwari,46,24,Sales,85000,3500,5100,1306,1867,73227,0,12311,14620,9787,6721,43439,3407,5184,Low,0.5932101547243503,0.046526554412989744,0.07079355975255029,0.19965313340707663
EMP01420,Simran Shinde,33,11,IT,108013,6202,6481,3608,2015,89707,0,10792,21436,13927,8579,54734,8019,4900,Low,0.6101419064287068,0.08939101742338948,0.05462227027991127,0.23895571137146487
EMP01421,Rupal Saxena,59,31,Operations,95000,4500,5700,2104,1224,81472,0,12770,0,6202,4705,23677,27237,7024,High,0.2906151806755695,0.3343111743912019,0.08621366849960722,0.0
EMP01422,Saloni Mohanty,46,21,Sales,79954,2995,4797,1557,1466,69139,0,12007,12721,9194,5531,39453,3724,4277,Low,0.5706330725061108,0.05386250885896527,0.06186088893388681,0.18399166895673932
EMP01423,Monika Bose,57,30,Marketing,90000,4000,5400,1857,1732,77011,0,12112,0,5466,4068,21646,19438,6214,High,0.28107672929841193,0.2524055005129137,0.08068977159107141,0.0
EMP01424,Varun Bhatia,45,21,Sales,78539,2854,4712,1588,1110,68275,0,10756,21609,3957,3434,39756,13069,2914,Medium,0.5822922006590993,0.19141706334675943,0.042680336872940317,0.3164994507506408
EMP01425,Sumit Jyoti Reddy,33,9,Operations,69051,1905,4143,1569,2072,59362,16351,8877,0,3072,3808,32108,8675,10779,High,0.5408847410801523,0.14613725952629628,0.1815808092719248,0.0
EMP01426,Ayush George,37,11,Operations,73854,2385,4431,1685,1479,63874,0,8822,0,2794,2194,13810,11357,19270,High,0.21620690734884304,0.1778031750007828,0.3016876976547578,0.0
EMP01427,Nikhil Tayal,24,3,Operations,54656,1066,3279,853,1902,47556,11868,6609,0,3812,2014,24303,9016,3402,Medium,0.5110396164521827,0.18958701320548407,0.07153671461014383,0.0
EMP01428,Rakesh Avantika Nagpal,39,15,Sales,74315,2432,4459,1975,1925,63524,0,8791,0,3905,1982,14678,10393,21889,High,0.2310622756753353,0.1636074554499087,0.34457842705119324,0.0
EMP01429,Palak Shukla,56,25,Customer Support,59090,1288,3545,1141,1226,51890,11391,8392,0,1221,2227,23231,15517,3172,Medium,0.44769705145500094,0.2990364232029293,0.06112931200616689,0.0
EMP01430,Mansi Fernandes,50,15,Finance,99712,4971,5983,1267,1838,85653,0,13730,29478,12958,8241,64407,4294,2206,Low,0.7519526461419915,0.05013251141232648,0.025755081549974898,0.3441560715911877
EMP01431,Manish Verma,55,30,Sales,85000,3500,5100,1673,1602,73125,0,10545,15459,7331,4232,37567,4183,4555,Low,0.5137367521367522,0.0572034188034188,0.06229059829059829,0.21140512820512822
EMP01432,Gaurav Ahuja,46,27,Product Management,214209,29263,12853,2866,1785,167442,16096,29776,0,24866,10311,81049,21544,12786,Medium,0.4840422355203593,0.12866544833434862,0.07636076969935858,0.0
EMP01433,Shivam Sonali Pawar,24,3,Sales,49683,817,2981,916,1198,43771,15457,5602,6226,7234,3099,37618,1501,848,Low,0.8594274748120901,0.03429211121518814,0.019373557835096297,0.14224029608644992
EMP01434,Aarav Palak Rajput,47,20,Cyber Security,159229,15179,9554,3845,1043,129608,0,15074,0,4695,3713,23482,55046,12649,High,0.18117708783408432,0.4247114375655824,0.09759428430343806,0.0
EMP01435,Harsh Pooja Srivastava,42,15,IT,110589,6588,6635,3752,2209,91405,26224,13883,7165,7593,4952,59817,13570,3980,Medium,0.6544171544226246,0.14846014988239156,0.04354247579454078,0.0783873967507248
EMP01436,Palak Naidu,50,27,Operations,95000,4500,5700,2163,1613,81024,0,13294,15750,4199,3405,36648,20048,5510,Medium,0.45231042654028436,0.24743285939968404,0.06800454186413903,0.19438684834123224
EMP01437,Harsh Swain,30,5,Customer Support,42959,481,2578,875,1626,37399,10785,5658,0,1492,1966,19901,1639,98,Medium,0.532126527447258,0.043824701195219126,0.0026203909195433033,0.0
EMP01438,Jyoti Fernandes,43,28,Cyber Security,177050,19262,10623,2230,2221,142714,0,19792,39569,5897,4262,69520,47018,4034,Medium,0.4871281023585633,0.3294561150272573,0.02826632285550121,0.2772608153369676
EMP01439,Dhruv Behera,43,15,HR,56997,1183,3420,1007,1818,49569,0,7701,10208,2856,2256,23021,11072,3616,Medium,0.46442332909681455,0.22336540983275838,0.072948818818213,0.2059351610885836
EMP01440,Varun Sandhu,39,13,Sales,65202,1593,3912,1422,1395,56880,0,7770,10403,1181,1542,20896,20374,2910,Medium,0.36736990154711674,0.35819268635724333,0.051160337552742616,0.18289381153305204
EMP01441,Diya Narang,40,16,Operations,77671,2767,4660,2144,1915,66185,16767,9768,3190,3264,3993,36982,9915,10711,Medium,0.5587670922414444,0.1498073581627257,0.16183425247412556,0.04819823222784619
EMP01442,Charu Mishra,23,3,Cyber Security,110701,6605,6642,2502,2007,92945,0,13634,9313,8213,6641,37801,24569,4737,Medium,0.4067028888052074,0.2643391252891495,0.05096562483188983,0.1001990424444564
EMP01443,Nitin Banerjee,43,19,Customer Support,52778,972,3167,1018,2009,45612,4063,7133,5350,2206,1785,20537,16045,2132,Medium,0.45025431903884944,0.3517714636499167,0.046742085416118566,0.11729369464176094
EMP01444,Vikram Tanvi Mohanty,57,33,Marketing,90000,4000,5400,1252,1014,78334,0,11905,22433,11397,6490,52225,3485,3520,Low,0.666696453647203,0.044488983072484486,0.04493578778052953,0.28637628615926675
EMP01445,Preeti Tayal,24,1,Operations,53162,991,3190,959,1108,46914,2992,5092,3381,7103,3282,21850,3578,2219,Medium,0.46574583280044335,0.0762672123459948,0.04729931363772008,0.0720680393912265
EMP01446,Tushar Rajput,37,11,Customer Support,40915,379,2455,1040,2174,34867,0,6402,9921,2367,1743,20433,7085,1484,Low,0.5860269022284682,0.20320073421860213,0.0425617345914475,0.28453838873433335
EMP01447,Lakshay Rajput,48,27,HR,68862,1886,4132,1956,1358,59530,18614,8782,0,6244,5169,38809,3026,3270,Low,0.6519233999664035,0.05083151352259365,0.054930287250125984,0.0
EMP01448,Palak Pawar,34,7,Marketing,63877,1527,3833,1535,2037,54945,13110,8732,0,1272,4340,27454,707,1092,Medium,0.49966329966329964,0.012867412867412867,0.019874419874419874,0.0
EMP01449,Avantika Seth,35,10,Data Science,118793,7819,7128,3538,1344,98964,0,13659,0,21491,9662,44812,7594,9103,Medium,0.45281112323673256,0.07673497433410129,0.0919829432925104,0.0
EMP01450,Karan Lakhotia,55,24,Customer Support,55263,1096,3316,995,1571,48285,0,6492,9819,2340,1332,19983,15327,2577,Medium,0.4138552345448897,0.3174277726001864,0.05337061199130164,0.20335507921714818
EMP01451,Kunal Jindal,57,30,IT,150000,13333,9000,3207,2290,122170,12841,17655,0,8489,7518,46503,22804,25896,High,0.3806417287386429,0.18665793566341982,0.21196693132520258,0.0
EMP01452,Tanvi Rawat,45,28,Operations,95000,4500,5700,1545,1511,81744,0,14924,28167,3988,3917,50996,112,630,Low,0.6238500685065571,0.0013701311411235075,0.00770698766881973,0.34457574867880214
EMP01453,Mayank Saini,38,14,Finance,94615,4462,5677,1289,2094,81093,22390,12084,0,8482,7805,50761,4615,5000,Medium,0.6259603171667099,0.05690996756810082,0.06165760299902581,0.0
EMP01454,Deepak Arora,45,25,IT,140580,11449,8435,3312,1162,116222,13370,18129,20863,5299,5196,62857,15404,20625,Medium,0.5408356421331589,0.1325394503622378,0.17746209839789368,0.17950990346061846
EMP01455,Kavya Atharv Kulkarni,39,10,Data Science,126181,8927,7571,3460,2140,104083,0,14372,0,7168,6042,27582,37313,8153,High,0.26500004803858457,0.35849274136986825,0.07833171603431877,0.0
EMP01456,Harsh Varun Pillai,60,22,Finance,118722,7808,7123,3079,1298,99414,28170,16303,0,12910,8947,66330,6879,2944,Low,0.6672098497193554,0.06919548554529543,0.02961353531695737,0.0
EMP01457,Palak Mishra,24,3,IT,89576,3958,5375,1611,2114,76518,0,6930,0,5996,1871,14797,34359,4331,High,0.19337933558117043,0.4490316004077472,0.05660106118821715,0.0
EMP01458,Dhruv Kohli,27,3,HR,40424,355,2425,803,1696,35145,2374,4181,0,6055,3611,16221,4431,2427,Medium,0.46154502774221084,0.12607767819035426,0.06905676483141272,0.0
EMP01459,Monika Divya Joshi,47,25,Operations,90297,4030,5418,1207,2131,77511,0,10330,26753,6163,4159,47405,14373,3074,Low,0.6115906129452594,0.18543174517165306,0.03965888712569829,0.3451510108242701
EMP01460,Sanya Saxena,33,8,Finance,87935,3794,5276,2141,1484,75240,13411,8328,5333,5577,2716,35365,21440,4352,Medium,0.47002923976608185,0.28495481127060074,0.05784157363104731,0.07087985114300904
EMP01461,Tarun Dubey,55,29,IT,150000,13333,9000,3805,1166,122696,0,14686,0,10056,5510,30252,39350,12100,High,0.2465606050727,0.32071135163330505,0.09861772184912304,0.0
EMP01462,Aakash Bhatia,34,9,Finance,92778,4278,5567,1982,1370,79581,16587,9123,0,2705,2126,30541,28498,5117,High,0.3837725085133386,0.35810055163921034,0.06429926741307598,0.0
EMP01463,Ayaan Bohra,36,15,Customer Support,48767,772,2926,705,2064,42300,11321,7130,0,3262,2898,24611,8633,1927,Medium,0.5818203309692671,0.20408983451536644,0.04555555555555556,0.0
EMP01464,Megha Sandhu,50,25,Operations,91381,4138,5483,1819,1093,78848,0,9530,14602,5307,5919,35358,2982,1461,Low,0.44843242694805197,0.03781960227272727,0.01852932224025974,0.18519176136363635
EMP01465,Muskan Roy,59,24,Operations,92830,4283,5570,1699,1778,79500,17860,10942,5184,5309,3223,42518,12904,11340,High,0.5348176100628931,0.16231446540880504,0.14264150943396225,0.06520754716981132
EMP01466,Shivam Sakshi Menon,58,28,Customer Support,60000,1333,3600,2085,1971,51011,13306,8070,0,3682,2750,27808,10143,3028,Medium,0.5451373233224207,0.19883946599752994,0.059359745937150814,0.0
EMP01467,Prachi Lodha,48,15,Marketing,75203,2520,4512,1324,2159,64688,0,8200,16439,4979,3514,33132,9102,12773,Medium,0.5121815483551818,0.14070615879297552,0.1974554786049963,0.254127504328469
EMP01468,Manish Chopra,51,23,IT,134586,10251,8075,3280,1860,111120,0,14492,28770,7156,5308,55726,18399,15542,Medium,0.5014938804895608,0.16557775377969763,0.13986681065514758,0.25890928725701945
EMP01469,Rashmi Ahuja,58,32,HR,70000,2000,4200,1228,2264,60308,16743,9876,0,2626,2712,31957,1004,1116,Medium,0.5298965311401472,0.016647874245539564,0.018505007627512105,0.0
EMP01470,Namrata Ghosh,45,21,Data Science,154804,14294,9288,3696,1680,125846,0,16330,0,4469,4897,25696,53863,9449,Medium,0.20418606868712552,0.42800724695262465,0.07508383262082227,0.0
EMP01471,Shreya Khurana,57,26,Marketing,90000,4000,5400,1711,1717,77172,0,12254,16727,9496,6031,44508,6102,3904,Low,0.576737676877624,0.07907012906235422,0.05058829627325973,0.2167495982999015
EMP01472,Krishna Wadhwa,24,0,Sales,46140,640,2768,995,1520,40217,8513,3465,0,2784,1044,15806,12578,2680,High,0.39301787801178606,0.3127533132754805,0.06663848621229829,0.0
EMP01473,Komal Tomar,52,28,IT,150000,13333,9000,3803,1510,122354,36031,20818,0,18275,10113,85237,6384,3454,Medium,0.696642529055037,0.05217647154976544,0.028229563398009055,0.0
EMP01474,Shivam Iyer,59,28,Cyber Security,180000,20000,10800,3839,1920,143441,35983,17023,8972,8569,7687,78234,17339,27155,High,0.5454089137694244,0.12087896765917694,0.18931128477910777,0.06254836483292782
EMP01475,Riya Narang,25,2,Finance,77680,2768,4661,1280,1404,67567,0,7318,3726,6545,2729,20318,18879,5253,High,0.300708925954978,0.2794115470569953,0.07774505305844569,0.05514526322021105
EMP01476,Tarun Charu D'Souza,51,27,IT,144744,12282,8685,3637,2151,117989,0,15426,29400,3779,5405,54010,37883,3927,Medium,0.4577545364398376,0.32107230335031234,0.03328276364745866,0.24917577062268517
EMP01477,Lakshay Pradhan,55,32,Finance,130000,9500,7800,3517,1751,107432,0,8328,33011,8171,4722,54232,13423,22605,Medium,0.5048030382009084,0.12494415071859409,0.21041216769677565,0.30727343808176333
EMP01478,Trisha Kapoor,22,0,Operations,53923,1029,3235,912,1408,47339,3592,6686,6290,3559,3636,23763,183,104,Medium,0.5019751156551681,0.003865734383911785,0.002196920087031834,0.13287141680221382
EMP01479,Vikram Shetty,53,23,Operations,85073,3507,5104,2091,1896,72475,0,11774,17029,2207,3160,34170,3494,1674,Low,0.47147292169713695,0.0482097274922387,0.023097619868920317,0.23496378061400483
EMP01480,Rupal Gaurav Tiwari,38,14,Sales,64901,1578,3894,1701,1980,55748,15481,9695,0,6928,5284,37388,3137,1598,Low,0.6706608308818254,0.056271076989309034,0.028664705460285572,0.0
EMP01481,Sanya Rajput,25,3,IT,85353,3535,5121,1252,1853,73592,0,9142,14101,14222,4667,42132,6134,3768,Low,0.5725078812914447,0.08335145124470052,0.05120121752364387,0.1916105011414284
EMP01482,Preeti Mehta,24,2,HR,44076,537,2645,838,1207,38849,9413,4682,0,4286,1732,20113,9100,2117,Medium,0.5177224638986847,0.23424026358464825,0.054493037143813226,0.0
EMP01483,Komal Shivam Soni,42,23,IT,142117,11757,8527,2549,1593,117691,27357,16985,0,4736,4232,53310,18385,26774,High,0.45296581726725066,0.15621415401347596,0.2274940309794292,0.0
EMP01484,Rohan Chaudhary,29,4,IT,96833,4683,5810,1920,2288,82132,18496,10992,0,8442,3301,41231,17078,5694,Medium,0.5020089611844348,0.20793357035016802,0.06932742414649588,0.0
EMP01485,Tanvi Mundra,31,5,Sales,54042,1035,3243,957,1928,46879,14128,7177,0,5352,4209,30866,2699,2221,Medium,0.6584184816229015,0.05757375370635039,0.04737729047121313,0.0
EMP01486,Mansi Bohra,48,19,Customer Support,56246,1146,3375,797,1315,49613,0,5618,0,2631,2531,10780,3219,950,Medium,0.21728176082881503,0.06488218813617398,0.01914820712313305,0.0
EMP01487,Megha Saini,32,8,Cyber Security,129260,9389,7756,2456,1611,108048,31032,11786,0,9909,7551,60278,23652,5743,Medium,0.5578816822153118,0.21890270990670813,0.05315230268029024,0.0
EMP01488,Priya Pillai,50,27,IT,142813,11896,8569,3467,2267,116614,0,18998,40247,4983,5694,69922,28008,4416,Medium,0.599602106093608,0.2401769941859468,0.037868523504896494,0.34513008729655104
EMP01489,Nitin Dubey,26,2,HR,41278,397,2477,710,907,36787,0,5060,11091,3618,2577,22346,5669,1721,Medium,0.6074428466577867,0.15410335172751244,0.046782830891347486,0.30149237502378556
EMP01490,Sai Pawar,33,11,Finance,97124,4712,5827,1806,1413,83366,20238,11762,12499,2417,3612,50528,21706,1858,Medium,0.606098409423506,0.26036993498548566,0.022287263392750042,0.14992922774272485
EMP01491,Komal Saxena,54,28,Customer Support,60000,1333,3600,1762,2207,51098,0,6830,0,2810,3128,12768,17861,3543,Medium,0.24987279345571256,0.34954401346432346,0.0693373517554503,0.0
EMP01492,Rohan Bhatia,59,29,IT,150000,13333,9000,3581,1390,122696,31979,21327,0,5958,6467,65731,19990,7612,Medium,0.535722435939232,0.16292299667470822,0.062039512290539216,0.0
EMP01493,Khushi Soni,41,24,Cyber Security,177514,19378,10651,3802,1783,141900,0,22355,0,11118,10072,43545,39712,12379,High,0.3068710359408034,0.27985905567300917,0.08723749119097957,0.0
EMP01494,Ankit Sandhu,44,19,Marketing,79562,2956,4774,2036,1199,68597,0,9871,16480,4895,3854,35100,16330,2620,Medium,0.5116841844395528,0.23805705788882897,0.03819409012055921,0.24024374243771593
EMP01495,Akash Jindal,48,22,Cyber Security,171877,17969,10313,2669,1007,139919,9321,19841,0,5649,4832,39643,26370,39940,High,0.28332821132226504,0.18846618400646087,0.28545086800220126,0.0
EMP01496,Manish Jindal,51,23,Product Management,204637,26391,12278,2429,1099,162440,0,25242,35592,11802,6773,79409,22125,32670,Medium,0.4888512681605516,0.13620413691209063,0.20112041369120906,0.21910859394237872
EMP01497,Karan Kapoor,42,17,Customer Support,51292,898,3078,1185,1613,44518,0,5381,0,1065,2023,8469,18783,2618,Medium,0.1902376566781976,0.42191922368480167,0.05880767330068736,0.0
EMP01498,Namrata Khanna,37,8,Operations,64050,1536,3843,1889,1092,55690,11490,8071,0,1840,1345,22746,16719,2506,Medium,0.40843957622553423,0.30021547854192854,0.044999102172741966,0.0
EMP01499,Ishaan Sabharwal,26,6,IT,96085,4608,5765,1246,1469,82997,6739,10867,5642,7298,4802,35348,20095,6654,High,0.42589491186428424,0.24211718495849247,0.08017157246647469,0.06797836066363845
EMP01500,Ravi Bagri,23,2,Data Science,91923,4192,5515,1514,1035,79667,0,9447,6896,15241,5445,37029,5044,5023,Medium,0.46479721842168026,0.06331354262116058,0.06304994539771801,0.08656030727904904
EMP01501,Vikram Neha Chopra,43,26,HR,70000,2000,4200,1901,1488,60411,0,9201,15897,2911,1481,29490,18693,2769,Medium,0.4881561305060337,0.309430401748026,0.045836023240800515,0.2631474400357551
EMP01502,Vidhi Shetty,59,37,Marketing,90000,4000,5400,2139,1266,77195,0,13415,26637,9625,6391,56068,4128,1973,Low,0.7263164712740462,0.053474965995206944,0.02555865017164324,0.3450612086275018
EMP01503,Ayaan Somani,39,16,HR,59328,1300,3560,874,2073,51521,4221,9117,0,3570,3613,20521,10992,4926,Medium,0.39830360435550555,0.21334989615884783,0.09561149822402515,0.0
EMP01504,Gaurav Lodha,41,26,Marketing,90000,4000,5400,2024,1702,76874,0,13956,18951,4571,4288,41766,13757,3855,Medium,0.5433046283528892,0.1789551734006296,0.05014699378203294,0.24652027993860082
EMP01505,Priya Mehta,34,8,Sales,53992,1033,3240,1182,1983,46554,12262,6858,0,6974,2933,29027,3222,1830,Medium,0.623512480130601,0.0692099497357907,0.03930918932852172,0.0
EMP01506,Divya Nagpal,44,25,Sales,85000,3500,5100,1489,2018,72893,0,11944,19358,10722,7464,49488,4404,3566,Low,0.6789129271672177,0.06041732402288286,0.04892102122288834,0.2655673384275582
EMP01507,Ayaan Nikita Ahuja,30,2,Marketing,53933,1030,3236,704,1258,47705,0,9367,10980,5660,4057,30064,3533,2169,Low,0.6302064773084582,0.07405932292212557,0.04546693218740174,0.23016455298186772
EMP01508,Ravi Roy,28,2,Customer Support,38213,244,2293,914,1175,33587,3939,3661,1929,2292,1595,13416,32,118,Medium,0.3994402596242594,0.0009527495757287045,0.0035132640604995983,0.05743293536189597
EMP01509,Prateek Rajput,51,36,Operations,95000,4500,5700,1909,1355,81536,0,9020,22024,6253,5880,43177,2521,459,Low,0.5295452315541601,0.030918857927786498,0.005629415227629513,0.2701138147566719
EMP01510,Prateek D'Souza,35,5,Cyber Security,114984,7248,6899,3478,2334,95025,0,10991,0,2149,4352,17492,49312,4400,Medium,0.1840778742436201,0.51893712181005,0.04630360431465404,0.0
EMP01511,Lokesh Rohan Rajput,54,35,Marketing,90000,4000,5400,1905,1182,77513,0,10734,14237,4592,6014,35577,1930,396,Medium,0.4589810741424019,0.02489904919174848,0.005108820455923523,0.18367241623985653
EMP01512,Dev Agarwal,46,27,Marketing,90000,4000,5400,1538,1183,77879,13514,9782,2595,2767,3489,32147,23113,3704,Medium,0.4127813659651511,0.2967809037096008,0.04756095995069274,0.03332092091577961
EMP01513,Gaurav Ahuja,46,15,HR,55914,1129,3355,1101,1063,49266,11575,6956,0,3198,1716,23445,8085,9990,High,0.4758860065765437,0.16410912190963342,0.20277676287906468,0.0
EMP01514,Karan Vaishnavi Jadhav,42,27,HR,70000,2000,4200,1784,1678,60338,0,10573,13011,4428,4246,32258,11162,4181,Medium,0.5346216314760184,0.18499121614902714,0.06929298286320396,0.21563525473167822
EMP01515,Komal Kumawat,47,23,IT,137175,10768,8230,3943,1846,112388,9987,17278,0,6895,6417,40577,35356,8154,Medium,0.36104388368865004,0.31458874612948,0.07255222977542086,0.0
EMP01516,Avantika Mathew,32,5,Finance,86886,3689,5213,1881,2104,73999,18984,13476,0,6078,3987,42525,12340,4212,Medium,0.5746699279719997,0.16675901025689535,0.05691968810389329,0.0
EMP01517,Lokesh Somani,53,37,HR,70000,2000,4200,1451,1647,60702,12572,5959,2724,3739,2896,27890,20813,2237,Medium,0.4594576784949425,0.34287173404500676,0.03685216302592995,0.04487496293367599
EMP01518,Saloni Banerjee,51,29,Operations,95000,4500,5700,1868,1247,81685,0,8820,19709,17014,6478,52021,3848,3705,Low,0.6368488706616882,0.04710779212829773,0.0453571647181245,0.24128052886086798
EMP01519,Prachi Soni,27,5,IT,93564,4356,5614,2062,2011,79521,0,12294,0,3917,4004,20215,22548,8034,High,0.25420957985940823,0.2835477421058588,0.10102991662579695,0.0
EMP01520,Prateek Tayal,45,15,Sales,70345,2034,4221,1452,2292,60346,15172,10218,0,1387,4519,31296,1718,362,Medium,0.5186093527325755,0.02846916117058297,0.005998740595896994,0.0
EMP01521,Trisha Mittal,48,26,Cyber Security,180000,20000,10800,3656,2034,143510,0,25349,47157,10563,9882,92951,23770,5196,Medium,0.647697024597589,0.16563305692983069,0.03620653612988642,0.3285973102919657
EMP01522,Ankit Chaudhary,31,9,Customer Support,45171,592,2710,1168,1702,38999,0,6936,3278,6432,3072,19718,3848,1697,Medium,0.5056027077617374,0.09866919664606785,0.043513936254775766,0.08405343726762225
EMP01523,Rohan Iyer,32,11,Data Science,119270,7890,7156,3648,2201,98375,26420,11504,6853,10939,7024,62740,17536,3515,Medium,0.6377636594663278,0.1782566709021601,0.03573062261753494,0.06966200762388819
EMP01524,Nandini Trivedi,52,30,Data Science,170000,17500,10200,3879,1556,136865,0,18591,38095,12322,10282,79290,21185,5502,Low,0.5793299967120885,0.1547875643882658,0.04020019727468673,0.2783399700434735
EMP01525,Reema Rajat Tiwari,46,15,HR,62418,1454,3745,1457,2144,53618,6158,7846,0,1294,2762,18060,21167,2319,High,0.3368271849005931,0.3947741430116752,0.04325040098474393,0.0
EMP01526,Anjali Avantika Chauhan,57,28,IT,150000,13333,9000,2305,1427,123935,0,16576,26370,8949,7790,59685,29639,6982,Medium,0.4815830879089846,0.23914955420179934,0.056335982571509256,0.21277282446443702
EMP01527,Anjali Bagri,25,1,Marketing,53277,997,3197,1124,2147,45812,0,5563,5581,4626,1992,17762,10476,3960,Medium,0.3877150091679036,0.2286737099449926,0.08644023399982537,0.121823976250764
EMP01528,Palak Mundra,39,13,IT,110599,6590,6636,2469,981,93923,0,16276,22507,6465,5407,50655,19175,4090,Medium,0.5393247660317494,0.2041565963608488,0.043546309210736454,0.23963246489145365
EMP01529,Kavya Bose,34,5,Operations,57761,1221,3466,1153,1190,50731,15323,5780,6309,9561,4085,41058,1910,1177,Low,0.8093276300486881,0.03764956338333563,0.02320080424198222,0.12436183004474581
EMP01530,Aarav Swain,56,32,Customer Support,60000,1333,3600,1543,1669,51855,12495,7842,0,2418,2195,24950,2452,352,Medium,0.48114935878893067,0.047285700511040404,0.006788159290328801,0.0
EMP01531,Deepak Porwal,30,2,Cyber Security,103744,5562,6225,2294,1902,87761,0,16053,0,5077,5185,26315,24147,7183,High,0.2998484520458974,0.2751449960688689,0.08184728979842983,0.0
EMP01532,Ayaan Deshmukh,46,22,Data Science,161294,15592,9678,3996,2323,129705,0,22109,33193,8209,8225,71736,12342,21858,Medium,0.5530704290505377,0.09515438880536602,0.16852087429166185,0.25591149146139314
EMP01533,Yuvraj Bajaj,49,22,Sales,82350,3235,4941,1441,2151,70582,0,8627,19604,3255,1635,33121,24279,2447,Medium,0.46925561757955286,0.34398288515485537,0.034668895752458136,0.277747867728316
EMP01534,Kartik Kartik Chatterjee,31,9,Product Management,141288,11591,8477,3188,1819,116213,30263,16666,17400,7666,7102,79097,17632,4430,Medium,0.6806209288117508,0.15172140810408474,0.03811965959057937,0.14972507378692573
EMP01535,Divya Pandey,36,18,Customer Support,51258,896,3075,1097,1202,44988,11475,7407,7110,1666,2975,30633,827,533,Low,0.680914910642838,0.018382679825731305,0.011847603805459234,0.15804214457188584
EMP01536,Kunal Ishita Bhardwaj,41,17,Finance,110756,6613,6645,3949,1775,91774,0,14866,30590,4845,5393,55694,17908,4219,Medium,0.6068603308126485,0.1951315187307952,0.045971625950704996,0.33331880489027393
EMP01537,Harsh Swain,47,20,Sales,77880,2788,4673,1473,2045,66901,0,6186,22718,5045,2939,36888,11583,4371,Medium,0.5513818926473446,0.17313642546449232,0.06533534625790346,0.3395763889926907
EMP01538,Payal George,39,17,IT,126623,8993,7597,2603,1980,105450,22141,17824,10402,2550,3502,56419,29203,3945,High,0.5350308202939782,0.27693693693693694,0.03741109530583215,0.0986439070649597
EMP01539,Hemant Saini,41,28,IT,150000,13333,9000,3078,1235,123354,25940,18054,0,7756,5354,57104,30400,7544,Medium,0.4629278337143506,0.24644519026541498,0.06115731958428588,0.0
EMP01540,Mohit Mehta,35,9,Marketing,65772,1622,3946,1424,2267,56513,0,9327,16885,5976,5139,37327,2318,2861,Low,0.6605028931396316,0.04101711110717888,0.050625519791906284,0.2987808114947003
EMP01541,Saurabh Kohli,40,12,Customer Support,49947,831,2997,736,1148,44235,0,5706,12392,1165,975,20238,12472,2519,Medium,0.45751102068497795,0.28194868316943594,0.05694585735277495,0.28014016050638635
EMP01542,Saloni Bagri,47,22,Customer Support,58707,1269,3522,1177,1918,50821,0,8083,13469,3588,2500,27640,10341,2679,Medium,0.543869660179847,0.20347887684225024,0.05271442907459515,0.2650282363589855
EMP01543,Varun Kapoor,41,20,Operations,83928,3393,5036,1838,2153,71508,0,10904,16225,1965,2589,31683,25384,2966,Medium,0.4430693069306931,0.3549812608379482,0.041477876601219446,0.2268976897689769
EMP01544,Pooja Menon,60,27,Sales,85000,3500,5100,1642,1213,73545,20069,10706,6604,5494,3449,46322,9755,2776,Medium,0.6298456727173839,0.13263988034536678,0.03774559793323815,0.08979536338296282
EMP01545,Aditya Nikhil Mehta,34,8,Data Science,118595,7789,7116,2738,1772,99180,24469,14481,3737,3167,5355,51209,1326,961,Medium,0.5163238556160517,0.01336963097398669,0.009689453518854607,0.03767896753377697
EMP01546,Ishaan Naidu,51,38,Data Science,170000,17500,10200,3531,1271,137498,0,23486,45244,8958,5416,83104,17740,19881,Medium,0.6044015185675428,0.1290200584735778,0.1445911940537317,0.3290520589390391
EMP01547,Monika Mukherjee,58,33,Marketing,90000,4000,5400,1869,1614,77117,7174,11645,30183,2998,3220,55220,1885,935,Low,0.716054825784198,0.024443378243448267,0.01212443430112686,0.3913923000116706
EMP01548,Vaishnavi Mukherjee,32,8,Finance,86965,3696,5218,2056,1844,74151,18113,9361,0,1812,3759,33045,27268,2760,High,0.4456446979811466,0.3677361060538631,0.03722134563256058,0.0
EMP01549,Bhavna Kumawat,26,6,Marketing,64064,1537,3844,2084,1053,55546,13683,10493,0,3144,2481,29801,10069,2903,Medium,0.5365102797681202,0.18127317898678572,0.05226298923414827,0.0
EMP01550,Tarun More,41,28,Product Management,208149,27445,12489,3000,1824,163391,54618,28838,10880,23421,13071,130828,6546,2839,Low,0.8007050571940927,0.0400634061851632,0.01737549803844765,0.06658873499764369
EMP01551,Komal Mathew,39,8,Data Science,120942,8141,7257,3749,1148,100647,0,17467,34338,2328,5549,59682,59,1953,Low,0.592983397418701,0.0005862072391626178,0.01940445318787445,0.3411726131926436
EMP01552,Ishita Bohra,37,10,Sales,62211,1444,3733,1225,1358,54451,0,8119,0,5306,4054,17479,5004,4247,Medium,0.32100420561605847,0.09189913867513912,0.07799673100585848,0.0
EMP01553,Shreya Pillai,37,10,Marketing,65701,1618,3942,1563,1808,56770,13447,8634,0,1311,3318,26710,293,1353,Medium,0.4704949797428219,0.0051611766778227935,0.023833010392813107,0.0
EMP01554,Sonia Pradhan,37,17,Data Science,134929,10319,8096,2567,1146,112801,12626,17969,11839,10793,6878,60105,10160,7405,Medium,0.5328410209129352,0.09007012349181301,0.06564658114733025,0.10495474330901322
EMP01555,Lokesh Naidu,43,23,Data Science,156100,14553,9366,2343,1180,128658,33115,18251,8342,7221,6388,73317,27007,6939,Medium,0.5698596278505806,0.20991310295512133,0.05393368465233409,0.06483856425562344
EMP01556,Varun Garima Dubey,27,5,Customer Support,41919,429,2515,1069,1291,36615,0,5153,3907,1976,2222,13258,10798,2591,Medium,0.36209203878192,0.2949064591014611,0.07076334835449952,0.10670490236241978
EMP01557,Yash Pandey,48,24,IT,149524,13238,8971,2215,1900,123200,0,18107,25469,4293,5530,53399,41982,6628,Medium,0.43343344155844155,0.340762987012987,0.0537987012987013,0.2067288961038961
EMP01558,Vivek Saxena,52,25,IT,138001,10934,8280,2229,766,115792,0,16735,39687,7620,6340,70382,11014,16301,Medium,0.6078312836810833,0.09511883377089954,0.14077829210999032,0.3427438855879508
EMP01559,Kavya Lakhotia,48,16,HR,56205,1144,3372,823,1750,49116,0,8056,15193,1693,3896,28838,578,810,Low,0.5871406466324619,0.011768059288215654,0.016491570974835085,0.3093289355810734
EMP01560,Karan Menon,48,26,Data Science,160583,15450,9635,3874,1271,130353,0,20544,36013,22868,10088,89513,8918,3232,Low,0.6866968922847959,0.06841422905495079,0.024794212637990688,0.2762728897685515
EMP01561,Sumit Mishra,36,11,HR,54253,1046,3255,964,982,48006,0,6385,5536,3445,2622,17988,14285,2671,Medium,0.3747031621047369,0.29756697079531724,0.055638878473524146,0.11531891846852477
EMP01562,Sai Yuvraj Daga,47,21,IT,127411,9112,7645,2578,1251,106825,0,16233,30487,5599,5913,58232,18091,7298,Medium,0.545115843669553,0.16935174350573368,0.06831734144629066,0.28539199625555817
EMP01563,Swati Sonali Sandhu,34,7,IT,104734,5710,6284,2825,1363,88552,20176,10305,7566,6085,3315,47447,22299,4699,Medium,0.5358094678832777,0.2518181407534556,0.05306486584153943,0.08544132261270214
EMP01564,Kartik Fernandes,51,22,IT,132877,9932,7973,3003,2101,109868,28900,17343,14344,8692,7091,76370,16274,2612,Medium,0.6951068554993265,0.14812320238832052,0.02377398332544508,0.13055666800160193
EMP01565,Ashish Bohra,42,20,Sales,76056,2606,4563,1586,1382,65919,18602,10405,0,1900,4770,35677,1249,783,Medium,0.5412248365418165,0.018947496169541406,0.011878214171938288,0.0
EMP01566,Tarun Menon,52,23,Marketing,90000,4000,5400,1446,1738,77416,0,9423,19019,14627,8352,51421,5992,2792,Low,0.6642166993903069,0.07740002066756226,0.03606489614549964,0.24567272915159657
EMP01567,Monika Das,54,34,Marketing,90000,4000,5400,2190,1338,77072,0,11922,22390,3828,2495,40635,22009,2781,Medium,0.5272342744446751,0.28556414780984013,0.03608314303508408,0.29050757733028854
EMP01568,Tarun Patel,27,3,Sales,51032,885,3062,1056,1262,44767,10525,7220,0,3371,2700,23816,9815,1897,Medium,0.5319990171331561,0.21924631983380616,0.042374963700940425,0.0
EMP01569,Aditi Roy,53,29,Sales,85000,3500,5100,2097,817,73486,20185,11809,2570,8022,4501,47087,3411,4169,Low,0.640761505592902,0.04641700459951555,0.05673189451051901,0.0349726478512914
EMP01570,Aarav Swain,35,6,Cyber Security,110371,6556,6622,2293,1068,93832,17595,12331,0,5696,4975,40597,11427,23189,High,0.4326562366783187,0.12178148179725466,0.24713317418364736,0.0
EMP01571,Khushi Wadhwa,53,32,Finance,130000,9500,7800,3613,1112,107975,7005,17721,0,5364,4231,34321,40615,5678,High,0.31786061588330633,0.37615188701088215,0.052586246816392686,0.0
EMP01572,Ishaan Arora,52,25,Finance,125476,8821,7529,3467,1669,103990,5278,12537,10257,8511,5006,41589,22276,6971,Medium,0.39993268583517644,0.2142129050870276,0.06703529185498605,0.09863448408500818
EMP01573,Megha Khurana,55,22,Operations,92391,4239,5543,1856,1168,79585,20807,12591,3443,1605,3554,42000,2568,1320,Medium,0.5277376390023245,0.032267387070427846,0.0165860400829302,0.043261921216309604
EMP01574,Atharv Nikhil Pandey,32,10,IT,101615,5242,6097,3355,1264,85657,29051,13027,0,9851,7188,59117,3095,4228,Medium,0.690159589992645,0.036132481875386716,0.049359655369672066,0.0
EMP01575,Palak Sharma,51,35,Marketing,90000,4000,5400,1719,1280,77601,0,11932,20344,5380,4950,42606,13344,5103,Medium,0.5490393165036533,0.17195654695171453,0.06575946186260487,0.26216157008285973
EMP01576,Muskan Das,45,27,Data Science,166165,16566,9970,2901,1503,135225,0,15892,35591,10672,8271,70426,27580,7206,Medium,0.5208060639674617,0.2039563690146053,0.053288962839711594,0.2631983730819005
EMP01577,Ananya Porwal,53,23,Marketing,90000,4000,5400,1660,1542,77398,0,12593,20478,4098,3360,40529,16450,5068,Medium,0.5236440218093491,0.21253779167420347,0.06547972815835035,0.26458048011576524
EMP01578,Karan Narang,57,27,Sales,82963,3296,4978,1569,1023,72097,26412,12554,19773,8026,4760,71525,83,69,Low,0.9920662440878262,0.0011512268194238317,0.000957043982412583,0.2742555168731015
EMP01579,Swati Suri,26,2,Marketing,56188,1143,3371,1110,1627,48937,0,7150,0,10806,4378,22334,6460,3285,Medium,0.4563826961195006,0.13200645728181132,0.0671271226270511,0.0
EMP01580,Payal Swati Sahu,38,8,HR,51206,894,3072,741,2317,44182,2518,7182,0,2135,1438,13273,17970,2970,High,0.300416459191526,0.4067267212892128,0.06722194558870129,0.0
EMP01581,Ishaan Mohanty,47,22,HR,65562,1611,3934,1608,1188,57221,0,8625,19050,4311,3059,35045,10418,1915,Medium,0.6124499746596529,0.18206602471120742,0.033466734240925534,0.3329197322661261
EMP01582,Pankaj Rathore,22,2,Marketing,51754,921,3105,925,1564,45239,0,6149,9547,4315,2790,22801,9450,2254,Medium,0.5040120250226574,0.20889055903092466,0.04982426667256128,0.21103472667388756
EMP01583,Anjali Tiwari,54,37,IT,150000,13333,9000,2640,2061,122966,0,16099,0,6280,5989,28368,28370,29080,High,0.23069791649724314,0.23071418115576664,0.2364881349316071,0.0
EMP01584,Tarun Chopra,46,19,Sales,75067,2507,4504,1438,1674,64944,21013,10750,20156,9371,4985,66275,0,0,Low,1.0204945799457994,0.0,0.0,0.31035969450603595
EMP01585,Kunal Lodha,37,12,Operations,74488,2449,4469,1634,1377,64559,0,5682,14424,5424,2411,27941,12664,11573,Medium,0.4327979057916015,0.19616165058318746,0.17926238014839138,0.223423535060952
EMP01586,Vivek Saxena,55,35,Data Science,170000,17500,10200,2745,1211,138344,0,22755,0,6835,5616,35206,41351,14763,High,0.25448158214306366,0.2988998438674608,0.10671225351298214,0.0
EMP01587,Ashish Thomas,38,12,Product Management,154264,14186,9256,3493,1767,125562,24577,16024,4465,8252,5025,58343,21030,24403,High,0.4646549115178159,0.1674869785444641,0.1943502014940826,0.03556012169286886
EMP01588,Palak Fernandes,46,19,IT,123950,8592,7437,3691,1308,102922,0,15486,20595,4853,3092,44026,15885,24168,Medium,0.42776082858863995,0.15434017994209207,0.23481860049357767,0.20010299061425157
EMP01589,Rashmi Kapoor,38,13,Product Management,160147,15363,9609,3183,1706,130286,13927,23083,0,22643,14208,73861,5860,7601,Medium,0.5669143269422655,0.044977971539536095,0.05834088083140169,0.0
EMP01590,Pooja Bohra,41,18,Marketing,82833,3283,4970,1515,874,72191,7366,9632,0,2226,3264,22488,31081,3245,High,0.3115069745536147,0.4305384327686277,0.0449502015486695,0.0
EMP01591,Avantika Yadav,50,19,Sales,78880,2888,4733,2134,1659,67466,0,7932,13318,3023,1901,26174,21792,4857,Medium,0.38795837903536595,0.32300714433937094,0.07199181810096937,0.1974031363946284
EMP01592,Riya Tiwari,38,8,Data Science,118981,7847,7139,3051,1729,99215,0,13594,29699,6663,4577,54533,164,1029,Low,0.5496447109812025,0.001652975860504964,0.010371415612558586,0.29933981756790806
EMP01593,Muskan Bohra,47,27,Finance,127927,9189,7676,2535,785,107742,22638,16303,0,5647,6270,50858,24459,6236,Medium,0.4720350466856008,0.2270145347218355,0.057879007258079485,0.0
EMP01594,Hemant Ahuja,45,17,Sales,74089,2409,4445,1667,2227,63341,0,10784,17787,3215,3125,34911,11988,3238,Low,0.551159596469901,0.18926129994790106,0.05112012756350547,0.2808133752229993
EMP01595,Tushar Gupta,60,28,Finance,130000,9500,7800,2282,1535,108883,0,15825,0,4919,3322,24066,19971,38559,High,0.22102623917415942,0.18341706235133123,0.35413241736542894,0.0
EMP01596,Kavya Lodha,30,6,Finance,84442,3444,5067,1635,1831,72465,14213,7808,0,5803,1775,29599,22193,3702,High,0.4084592561926447,0.3062581936107086,0.05108673152556407,0.0
EMP01597,Aman Mittal,46,17,Sales,68503,1850,4110,1739,1245,59559,0,10728,14824,3736,2921,32209,10707,2903,Medium,0.5407914840746151,0.17977131919609127,0.04874158397555365,0.24889605265367115
EMP01598,Priya Bhatia,59,32,IT,150000,13333,9000,3784,2100,121783,0,20950,36981,8935,6151,73017,18315,7440,Low,0.5995664419500258,0.15039044858477785,0.06109227067817347,0.3036630728426792
EMP01599,Sanya Swain,57,31,HR,70000,2000,4200,1703,1525,60572,0,9144,17963,4692,3287,35086,12274,2258,Low,0.5792445354289111,0.20263488080301129,0.037277950208016906,0.29655616456448525
EMP01600,Saloni Chauhan,59,23,IT,132603,9890,7956,3096,1777,109884,29105,10648,0,15668,9623,65044,5973,6587,Low,0.5919333114921189,0.05435732226711805,0.059945032943831675,0.0
EMP01601,Manish Jindal,43,16,Marketing,80134,3013,4808,1922,1225,69166,0,12276,13150,4380,2939,32745,17067,3299,Medium,0.47342624989156523,0.24675418558251164,0.04769684527079779,0.19012231443194633
EMP01602,Rajat Mohit Naidu,55,37,Sales,85000,3500,5100,1817,1600,72983,0,8172,24109,12800,7937,53018,2602,3174,Low,0.7264431442938767,0.035652138169162684,0.04348957976515079,0.3303372018141211
EMP01603,Shivam Bajaj,36,8,Sales,57436,1205,3446,827,1145,50813,0,7901,13926,2833,2464,27124,11519,1864,Medium,0.5338004054080648,0.226693956271033,0.03668352586936414,0.27406372385019584
EMP01604,Charu Menon,48,22,Customer Support,58816,1274,3529,1091,2094,50828,12956,9635,0,2102,3955,28648,1543,208,Medium,0.5636263476823797,0.03035728338710947,0.004092232627685528,0.0
EMP01605,Ayush Bhardwaj,29,2,Customer Support,37318,199,2239,805,1845,32230,7934,5362,0,2154,2128,17578,5812,1905,Medium,0.5453924914675768,0.18032888613093392,0.05910642258765126,0.0
EMP01606,Aman Ayush Saini,23,3,IT,90588,4059,5435,1214,1598,78282,17891,9249,7493,8048,4693,47374,8129,10413,Medium,0.6051710482614139,0.10384251807567513,0.1330190848470913,0.09571804501673437
EMP01607,Anjali Wadhwa,37,12,Sales,67428,1743,4046,1455,1910,58274,13352,8512,2415,4289,3988,32556,10958,2518,Medium,0.5586711054672753,0.18804269485533856,0.043209664687510724,0.04144215258949103
EMP01608,Saurabh Bose,45,23,Data Science,157636,14861,9458,3411,1828,128078,7007,19465,14262,5841,5212,51787,42619,6056,Medium,0.40433954309092895,0.3327581629944253,0.047283686503536905,0.11135401864488827
EMP01609,Vidhi Saurabh Mohanty,38,13,IT,107725,6159,6464,2547,1911,90644,19967,12925,0,6596,5248,44736,18455,4242,Medium,0.4935351484930056,0.20359869379109483,0.04679846432196284,0.0
EMP01610,Aditi Jindal,50,15,Marketing,73096,2310,4386,1976,1194,63230,0,9662,16341,9914,3533,39450,4644,2375,Low,0.6239126996678792,0.0734461489799146,0.03756128420053772,0.25843745057725764
EMP01611,Akash Payal Jadhav,49,15,Marketing,74967,2497,4498,1801,1160,65011,0,11081,13682,2437,5340,32540,2838,1288,Low,0.5005306794234822,0.043654150836012366,0.019812031810001383,0.21045669194444017
EMP01612,Rahul Bedi,53,38,Finance,130000,9500,7800,3267,1481,107952,0,15984,20917,3400,3833,44134,39341,4410,Medium,0.4088298503038387,0.3644304876241292,0.040851489550911516,0.19376204238921002
EMP01613,Monika Solanki,24,1,HR,40000,333,2400,874,1722,34671,0,2799,6186,1763,882,11630,13232,1545,Medium,0.33543883937584723,0.38164460211704304,0.0445617374751233,0.17842000519165874
EMP01614,Rohan Yadav,47,16,Sales,71752,2175,4305,1661,2333,61278,0,9299,18881,8592,5149,41921,3121,1945,Low,0.6841117529945494,0.050931818923594115,0.031740592055876496,0.3081203694637553
EMP01615,Krishna Kohli,58,35,Customer Support,60000,1333,3600,1925,2071,51071,0,8048,11367,1339,3845,24599,355,368,Low,0.48166278318419453,0.00695110728201915,0.007205654872628302,0.2225724971118639
EMP01616,Rakesh Reddy,22,0,HR,40000,333,2400,1141,1896,34230,2540,4411,5436,4791,2014,19192,1929,1858,Low,0.5606777680397312,0.05635407537248028,0.05427987145778557,0.15880806310254164
EMP01617,Shivam Tomar,35,10,Sales,61695,1418,3702,1733,794,54048,0,7247,14036,2284,2961,26528,6778,10470,Medium,0.49082297217288334,0.12540704558910598,0.19371669626998222,0.25969508584961515
EMP01618,Hemant Malhotra,46,18,Marketing,78215,2822,4693,2059,1089,67552,0,11326,20046,2428,3303,37103,19509,2278,Medium,0.5492509474182852,0.28879973945997156,0.033722169587873045,0.2967491710090005
EMP01619,Payal Jain,54,35,Customer Support,60000,1333,3600,2190,1182,51695,12249,7769,0,1244,2634,23896,1070,305,Medium,0.4622497340168295,0.020698326724054552,0.005899990327884708,0.0
EMP01620,Ishaan Porwal,41,22,IT,133514,10036,8011,3390,1694,110383,0,16777,0,4292,5601,26670,42373,7131,Medium,0.2416132919018327,0.38387251660128824,0.0646023391283078,0.0
EMP01621,Mansi Srivastava,45,18,Finance,103945,5592,6237,2518,1793,87805,17566,10511,7441,3748,3691,42957,24662,3773,Medium,0.4892318205113604,0.2808723876772393,0.04297021809691931,0.0847446045213826
EMP01622,Sonia Tomar,51,24,IT,139077,11149,8345,2798,1431,115354,0,18821,24083,6309,7728,56941,23319,6235,Medium,0.4936196404112558,0.20215163756783466,0.054051008200842625,0.2087747282278898
EMP01623,Tarun Lakshay Pradhan,51,36,Sales,85000,3500,5100,2077,1852,72471,0,7126,0,12856,4352,24334,8911,5208,Medium,0.3357756895861793,0.12295952863904182,0.07186322804984063,0.0
EMP01624,Ananya Purohit,23,1,Sales,48148,741,2889,1136,1767,41615,9134,5145,0,3843,1924,20046,6337,6143,High,0.4817013096239337,0.15227682326084344,0.14761504265288958,0.0
EMP01625,Palak Kohli,24,0,Marketing,52447,956,3147,796,1933,45615,12255,7263,7331,3449,2546,32844,5015,1283,Low,0.7200263071358106,0.10994190507508494,0.028126712704154334,0.16071467718952098
EMP01626,Preeti Rathore,28,6,Operations,63085,1488,3785,1747,1123,54942,0,8137,0,3949,3679,15765,3696,280,Medium,0.2869389538058316,0.0672709402642787,0.0050962833533544465,0.0
EMP01627,Riya Shinde,58,35,Finance,130000,9500,7800,2608,1615,108477,28294,18651,0,6207,6891,60043,16970,5996,Medium,0.5535090387824148,0.156438692072974,0.055274389962849266,0.0
EMP01628,Shreya Saurabh Thomas,40,11,Sales,62609,1464,3757,1406,1186,54796,20868,9002,0,8594,4853,43317,2433,1123,Low,0.7905139061245346,0.04440105117161837,0.02049419665669027,0.0
EMP01629,Tanvi Shinde,25,2,Sales,45000,583,2700,869,1035,39813,2347,4752,0,4082,1777,12958,9531,3166,Medium,0.3254715796347927,0.2393941677341572,0.07952176424785874,0.0
EMP01630,Prachi Arora,27,4,Finance,75645,2564,4539,1241,1836,65465,13686,10211,8124,2771,1747,36539,16251,2530,Medium,0.5581455739708241,0.24823951729932026,0.038646605056136867,0.12409684564270984
EMP01631,Prateek Pradhan,37,14,Marketing,72300,2230,4338,1482,979,63271,0,8914,13552,1290,1822,25578,25876,2413,Medium,0.40426103586161116,0.40897093455137423,0.03813753536375274,0.2141897551800983
EMP01632,Akash Bansal,33,10,Sales,58848,1276,3531,800,1780,51461,0,5913,0,8239,4141,18293,6426,4868,Medium,0.3554730766988593,0.12487126173218553,0.09459590758049785,0.0
EMP01633,Ayush Rajput,24,1,Marketing,55349,1101,3321,914,1919,48094,0,5186,0,3950,2319,11455,24872,2684,High,0.23817939867758972,0.5171539069322577,0.05580737721961159,0.0
EMP01634,Pooja Menon,35,12,Sales,67631,1763,4058,1399,1084,59327,17036,10312,0,2780,4255,34383,450,921,Low,0.5795506261904361,0.007585079306218079,0.015524128980059669,0.0
EMP01635,Aarav Ravi Pillai,37,16,IT,122224,8334,7333,2867,1230,102460,0,10497,26265,20261,8185,65208,7038,6005,Low,0.6364239703298848,0.0686902205738825,0.058608237360921335,0.25634393909818465
EMP01636,Prateek Joshi,57,26,Marketing,90000,4000,5400,1527,1787,77286,18887,10177,9105,4683,3945,46797,13391,3665,Medium,0.6055042310379629,0.17326553321429497,0.047421266464818985,0.11780917630618741
EMP01637,Mohit Bhardwaj,39,17,HR,62726,1470,3764,1265,1480,54747,0,8184,12799,3619,3584,28186,10712,3517,Medium,0.5148409958536541,0.1956636893345754,0.06424096297514019,0.23378449960728442
EMP01638,Hemant Chopra,55,26,Product Management,216208,29862,12972,3374,1349,168651,0,31615,42765,14054,11643,100077,29591,7190,Low,0.5933970151377698,0.17545700885260093,0.042632418426217455,0.25357098386609034
EMP01639,Jyoti More,42,22,HR,63342,1500,3801,1261,2238,54542,0,9120,0,2667,2457,14244,12306,12190,High,0.2611565399141946,0.22562428953833744,0.22349748817425102,0.0
EMP01640,Shruti Goel,49,15,Data Science,140485,11430,8429,2615,1498,116513,0,20945,36210,16257,8783,82195,5063,5502,Low,0.7054577600782745,0.04345437848137118,0.04722219838129651,0.3107807712444105
EMP01641,Ritika Rajat Bohra,43,26,HR,68513,1851,4111,2043,1370,59138,4878,8642,9151,2027,1588,26286,22534,2075,Medium,0.4444857790253306,0.3810409550542798,0.03508742263857418,0.15473976123643005
EMP01642,Divya Shukla,51,30,HR,70000,2000,4200,1680,1858,60262,0,10777,15080,1450,5046,32353,528,168,Low,0.5368723241843948,0.008761740400252231,0.0027878264909893466,0.2502406159769009
EMP01643,Rishabh Bansal,31,7,Marketing,61656,1416,3699,2155,1491,52895,18928,8210,7298,9434,3553,47423,959,575,Low,0.8965497684091124,0.01813025805841762,0.01087059268361849,0.1379714528783439
EMP01644,Ritika Sonia Solanki,56,27,Finance,121879,8282,7313,2910,977,102397,19333,14816,0,2047,5000,41196,37695,5301,High,0.4023164741154526,0.3681260193169722,0.05176909479769915,0.0
EMP01645,Yuvraj Fernandes,46,20,HR,61735,1420,3704,1294,1524,53793,13315,8207,0,2973,2806,27301,9473,3710,Medium,0.5075195657427546,0.17610097968137117,0.06896808134887439,0.0
EMP01646,Abhishek Gill,33,8,IT,98669,4867,5920,2010,1890,83982,16120,10264,0,2279,1681,30344,31851,4889,Medium,0.3613155199923793,0.3792598413945846,0.058214855564287585,0.0
EMP01647,Rakesh Wadhwa,31,5,Data Science,100424,5064,6025,3255,2190,83890,20869,11943,0,9416,5378,47606,13944,3563,Medium,0.567481225414233,0.16621766599117893,0.042472285135296224,0.0
EMP01648,Aman Pawar,46,21,Data Science,155029,14339,9302,3273,1576,126539,26933,20347,0,4075,3234,54589,44248,4366,Medium,0.4314005958637258,0.3496787551663914,0.03450319664293222,0.0
EMP01649,Ravi Bose,28,7,IT,95969,4597,5758,1992,957,82665,14724,6844,0,5677,2113,29358,35495,3784,High,0.35514425694066415,0.4293836569285671,0.04577511643379907,0.0
EMP01650,Arjun More,30,4,Cyber Security,109169,6375,6550,2789,1455,92000,0,10260,0,5194,4185,19639,47385,5176,Medium,0.21346739130434783,0.515054347826087,0.05626086956521739,0.0
EMP01651,Prachi Verma,44,19,Marketing,87032,3703,5222,2147,1195,74765,0,10883,25280,3929,4073,44165,12750,3128,Low,0.5907175817561693,0.17053434093492945,0.04183775830936936,0.3381261285360797
EMP01652,Rohan Saini,34,6,Sales,55945,1131,3357,830,1358,49269,15299,7501,3500,5259,4521,36080,3100,1082,Low,0.7323063183746372,0.06291988877387404,0.021961070855913454,0.0710385840995352
EMP01653,Vaishnavi Kartik Bedi,33,5,Sales,56462,1156,3388,701,1595,49622,14102,6324,7505,4692,3587,36210,4822,2051,Low,0.7297166579339809,0.09717464028052074,0.04133247349965741,0.15124340010479223
EMP01654,Reema Tiwari,32,10,IT,104298,5645,6258,3814,2369,86212,25016,16223,0,5165,5374,51778,13884,3515,Medium,0.6005892451166891,0.16104486614392427,0.040771586322089735,0.0
EMP01655,Namrata Banerjee,59,30,IT,150000,13333,9000,2591,1798,123278,0,20723,0,8443,5162,34328,35393,8143,High,0.27846006586738914,0.2870990768831422,0.06605395934392187,0.0
EMP01656,Sakshi Ishita Lakhotia,39,18,Sales,69895,1990,4194,1320,1381,61010,13344,8347,0,1497,2460,25648,254,219,Medium,0.42039009998360927,0.004163251925913785,0.0035895754794296017,0.0
EMP01657,Garima Saini,38,8,IT,101408,5211,6084,3608,1823,84682,20815,12139,14782,4492,3084,55312,7541,8985,Medium,0.6531730474008645,0.08905080182329185,0.10610283177062421,0.17455893814506035
EMP01658,Aarav Aarav Banerjee,52,30,IT,150000,13333,9000,3416,1278,122973,0,20814,28535,8587,8051,65987,20945,5472,Medium,0.5365974644840737,0.1703219405885845,0.044497572637896124,0.2320428061444382
EMP01659,Ashish Thomas,47,24,Operations,94672,4467,5680,2140,2182,80203,15408,10595,0,1830,2441,30274,27577,4800,High,0.3774671770382654,0.3438400059848135,0.0598481353565328,0.0
EMP01660,Ankit Soni,53,34,Operations,95000,4500,5700,1974,1048,81778,15661,11600,0,2474,2765,32500,29934,3570,High,0.3974173983222872,0.36603976619628753,0.04365477267724816,0.0
EMP01661,Dev Sabharwal,33,12,Operations,67766,1777,4066,1834,1887,58202,15847,6457,6259,3703,3538,35804,1290,440,Low,0.6151678636472974,0.022164186797704547,0.007559877667434108,0.1075392598192502
EMP01662,Nitin Pradhan,45,28,Operations,95000,4500,5700,1594,1074,82132,0,12049,26637,2892,3685,45263,22261,3281,Medium,0.5511006672186237,0.27103930258608094,0.039947888764427994,0.32431938830175816
EMP01663,Sakshi Arora,40,9,Marketing,64966,1582,3898,1232,1137,57117,0,8955,17262,2751,3570,32538,248,390,Low,0.5696727769315615,0.004341964739044418,0.0068280897105940435,0.3022217553442933
EMP01664,Karan Khandelwal,37,12,Marketing,73528,2353,4412,1769,2203,62791,5236,6450,0,10565,3986,26237,7878,5277,Medium,0.4178465066649679,0.12546384035928715,0.08404070647067255,0.0
EMP01665,Nandini Mundra,32,12,Marketing,72775,2278,4366,1368,2219,62544,0,7802,0,3795,2945,14542,12011,17045,High,0.23250831414684062,0.19204080327449474,0.2725281401893067,0.0
EMP01666,Parth Hemant Trivedi,39,11,HR,52805,974,3168,1197,1872,45594,0,7021,0,991,3035,11047,8,102,Medium,0.2422906522788086,0.00017546168355485372,0.0022371364653243847,0.0
EMP01667,Shivam Shubham Jadhav,39,8,Operations,64173,1542,3850,1252,1827,55702,3405,6625,0,4853,3235,18118,16885,3788,High,0.3252665972496499,0.30313094682417147,0.06800473950666044,0.0
EMP01668,Simran Suri,35,9,Data Science,122685,8403,7361,2505,1484,102932,0,18429,32947,13433,7589,72398,6410,3296,Low,0.7033575564450316,0.062274122721796915,0.03202114017020946,0.3200851047293359
EMP01669,Riya Jain,51,29,Customer Support,60000,1333,3600,1392,1690,51985,0,8830,14291,2863,2667,28651,10854,2005,Low,0.5511397518514957,0.20879099740309703,0.03856881792824853,0.2749062229489276
EMP01670,Ankit Kohli,23,2,IT,84875,3488,5092,1500,966,73829,0,8541,0,11823,7138,27502,10757,5605,Medium,0.37250944750707715,0.14570155359005268,0.07591867694266481,0.0
EMP01671,Vivek Ahuja,51,25,HR,65986,1633,3959,1382,1512,57500,0,8847,15111,3946,2969,30873,9861,3965,Medium,0.5369217391304347,0.17149565217391305,0.06895652173913043,0.2628
EMP01672,Ishaan Tomar,31,10,Finance,98226,4823,5894,1268,1656,84585,4550,9105,0,17105,6585,37345,11676,3716,Medium,0.44150854170361176,0.13803865933676185,0.04393213926819176,0.0
EMP01673,Anurag Narang,35,11,Sales,64233,1545,3854,1559,1514,55761,6655,6232,0,3122,4047,20056,198,1445,Medium,0.3596779110848084,0.003550868886856405,0.025914169401553055,0.0
EMP01674,Aarav Seth,47,20,Cyber Security,160420,15417,9625,2521,1822,131035,15220,19087,0,3026,4976,42309,44576,9069,High,0.32288319914526653,0.3401839203266303,0.06921051627427786,0.0
EMP01675,Nisha Khandelwal,26,3,Product Management,128418,9263,7705,2437,1815,107198,0,14305,26080,5670,4281,50336,11630,18194,Medium,0.4695609992723745,0.1084908300527995,0.1697233157335025,0.24328812104703446
EMP01676,Ankit Kumawat,53,22,Finance,113172,6976,6790,3288,1580,94538,24940,17024,0,6621,5837,54422,19653,3720,Medium,0.575662696481838,0.20788466013666462,0.0393492563836764,0.0
EMP01677,Lakshay Rajput,47,24,IT,133485,10030,8009,3527,1574,110345,32766,14181,0,9897,6924,63768,19618,5448,Medium,0.5778965970365672,0.17778784720648874,0.049372422855589286,0.0
EMP01678,Tarun Saini,33,12,Operations,72708,2271,4362,1220,1983,62872,13540,5749,0,3137,1467,23893,24946,3390,Medium,0.38002608474360605,0.39677439877847054,0.053919073673495355,0.0
EMP01679,Yash Malhotra,43,18,IT,129319,9398,7759,2280,1434,108448,6696,14504,6281,9928,7119,44528,27699,8620,Medium,0.41059309530835053,0.2554127323694305,0.07948509884921806,0.057917158453821185
EMP01680,Komal Khurana,41,23,Sales,83034,3303,4982,2115,1293,71341,15759,9005,0,3296,2852,30912,20311,4733,Medium,0.4332992248496657,0.28470304593431545,0.0663433369310775,0.0
EMP01681,Tarun Gupta,54,23,Sales,77228,2723,4634,1548,1130,67193,0,12404,19423,11612,6356,49795,3855,2155,Low,0.7410742190406738,0.057372047683538464,0.032071793192743295,0.2890628488086557
EMP01682,Amit Jadhav,28,3,Product Management,131817,9773,7909,2245,1278,110612,27904,17111,6115,2669,7353,61152,3597,1298,Medium,0.5528514085271038,0.03251907568799045,0.011734712327776372,0.055283332730625974
EMP01683,Vihaan Shetty,34,11,Operations,69348,1935,4161,2043,2217,58992,4555,11008,2492,1411,4652,24118,2598,596,Medium,0.4088350962842419,0.04403986981285598,0.010103064822348793,0.042243016002169786
EMP01684,Shreya D'Souza,29,5,Finance,77998,2800,4680,1788,1212,67518,15426,8798,2159,3659,3992,34034,10245,11915,High,0.5040729879439557,0.15173731449391273,0.1764714594626618,0.03197665807636482
EMP01685,Harsh Malhotra,42,18,Operations,76679,2668,4601,1477,2340,65593,14060,8124,0,6346,3824,32354,14077,3489,Medium,0.4932538533075176,0.21461131523180826,0.0531916515481835,0.0
EMP01686,Manish Pradhan,22,2,Operations,52957,981,3177,965,1455,46379,15034,7739,8014,5281,3211,39279,1172,820,Low,0.8469134737704564,0.025270057569158455,0.017680415705383902,0.17279372129627632
EMP01687,Shivam Bagri,46,24,Data Science,158783,15090,9527,3138,1190,129838,36877,21390,24845,19318,10699,113129,4176,2463,Low,0.8713088618124124,0.03216315716508264,0.018969793126819574,0.19135384094024863
EMP01688,Charu Chopra,57,23,IT,131591,9739,7895,3218,1515,109224,24172,14450,11659,4608,4041,58930,11670,16187,Medium,0.5395334358748993,0.10684464952757636,0.14820002929759027,0.10674393906101223
EMP01689,Arjun Chaudhary,40,11,Sales,63698,1518,3822,1326,2176,54856,0,9726,0,7861,4670,22257,6901,3779,Medium,0.405735015312819,0.12580210004375092,0.06888945603033396,0.0
EMP01690,Krishna Prateek Bajaj,25,0,IT,80000,3000,4800,1959,1479,68762,0,7379,0,4938,2676,14993,28910,6049,High,0.21804194177016376,0.42043570576772055,0.08797009976440476,0.0
EMP01691,Vivek Swain,40,10,IT,104315,5647,6259,2740,1857,87812,20594,12817,3103,6187,4654,47355,16249,3857,Medium,0.5392770919692069,0.18504304650844988,0.04392338177014531,0.03533685601056803
EMP01692,Prateek Suri,41,21,Product Management,195876,23969,11753,3893,2076,154185,0,23034,45240,22434,15725,106433,9258,7254,Low,0.6902941271848753,0.06004475143496449,0.04704737814962545,0.2934137562019652
EMP01693,Tanvi Behera,57,29,Finance,130000,9500,7800,2985,1383,108332,0,17726,0,5853,4188,27767,33270,10240,High,0.2563139238636783,0.3071114721411956,0.09452424029834214,0.0
EMP01694,Kartik Mundra,40,14,Marketing,72573,2257,4354,1732,2338,61892,0,11735,0,4009,4130,19874,19624,4094,Medium,0.32110773605635623,0.3170684418018484,0.0661474827118206,0.0
EMP01695,Sai Nair,59,26,Marketing,90000,4000,5400,1377,992,78231,19146,12177,11242,5267,5189,53021,10159,3410,Low,0.6777492298449463,0.12985900729889685,0.043588858636601856,0.14370262427937774
EMP01696,Garima Thomas,53,36,Sales,85000,3500,5100,1220,1155,74025,0,9189,10335,6361,3435,29320,17805,4905,Medium,0.3960824045930429,0.24052684903748733,0.0662613981762918,0.13961499493414387
EMP01697,Ishita Singh,43,16,Data Science,134390,10211,8063,3495,2011,110610,0,18013,0,6247,6417,30677,33777,10031,High,0.277343820631046,0.3053702196908055,0.09068800289304764,0.0
EMP01698,Garima Vikram Lakhotia,59,34,HR,70000,2000,4200,2073,1033,60694,0,8634,20315,3295,4005,36249,9757,3591,Low,0.5972419020001977,0.16075724124295648,0.059165650640920026,0.3347118331301282
EMP01699,Vaishnavi Thomas,51,33,Marketing,90000,4000,5400,2005,1880,76715,0,9320,13927,4683,3647,31577,13085,14467,Medium,0.4116144169979795,0.1705663820634817,0.18858111190771035,0.18154207130287428
EMP01700,Dhruv Mehta,33,5,Customer Support,43850,526,2631,718,1788,38187,11520,6066,2758,1909,1753,24006,170,656,Medium,0.6286432555581742,0.0044517767826747325,0.017178620996674263,0.07222353156833478
EMP01701,Yuvraj Fernandes,40,11,Finance,89211,3921,5353,1423,1259,77255,17430,11629,11802,3514,4485,48860,909,14,Low,0.6324509740469872,0.011766228723059996,0.0001812180441395379,0.15276681120963045
EMP01702,Mansi Chauhan,25,3,IT,86506,3651,5190,2061,1784,73820,15700,11041,0,4453,3800,34994,11668,12148,High,0.4740449742617177,0.15806014630181522,0.1645624492007586,0.0
EMP01703,Kartik Khanna,58,34,IT,150000,13333,9000,3388,2257,122022,33380,17758,17717,6690,5296,80841,20131,4826,Medium,0.66251167822196,0.1649784465096458,0.039550245037780075,0.14519512874727508
EMP01704,Aisha Menon,46,19,IT,136264,10586,8176,3934,1574,111994,0,15796,0,7350,6598,29744,24936,28387,High,0.26558565637444864,0.22265478507777203,0.25346893583584834,0.0
EMP01705,Ankit Thomas,37,17,HR,64616,1564,3877,1524,1978,55673,11420,7760,0,1852,2683,23715,20411,2794,Medium,0.42596950047599375,0.36662295906453757,0.05018590699261761,0.0
EMP01706,Kavya Shukla,28,4,Cyber Security,109629,6444,6578,2301,2176,92130,19772,13925,14882,5437,3881,57897,13264,4734,Medium,0.628427222403126,0.143970476500597,0.05138391403451644,0.1615326169543037
EMP01707,Sakshi Ayush Thomas,56,31,IT,150000,13333,9000,3277,1590,122800,26883,18920,0,3881,4903,54587,36223,7015,Medium,0.4445195439739414,0.2949755700325733,0.05712540716612378,0.0
EMP01708,Preeti Agarwal,56,32,Sales,85000,3500,5100,1205,1380,73815,0,13776,15090,6060,4473,39399,14616,3712,Medium,0.5337533021743548,0.1980085348506401,0.05028788186682923,0.2044299939036781
EMP01709,Palak Porwal,34,10,Operations,66177,1642,3971,1620,2048,56896,14175,7010,3864,4009,2317,31375,1405,426,Low,0.5514447412823397,0.02469417885264342,0.007487345331833521,0.06791338582677166
EMP01710,Jyoti Mittal,25,3,Finance,77194,2719,4632,1965,2230,65648,0,6201,0,4641,2706,13548,31119,4179,Medium,0.2063733853278089,0.47402815013404825,0.06365768949549111,0.0
EMP01711,Rohan Swain,38,12,Sales,67381,1738,4043,1761,2077,57762,13545,10021,4093,3574,3519,34752,9463,2342,Medium,0.6016412174093695,0.1638274297981372,0.04054568747619542,0.07085973477372667
EMP01712,Mansi Pawar,31,7,Operations,58473,1257,3508,1015,1817,50876,0,6451,4037,4188,3540,18216,11996,3698,Medium,0.35804701627486435,0.23578897712084285,0.07268653196005975,0.07934979165028697
EMP01713,Neha Malhotra,42,25,IT,136668,10667,8200,3970,2227,111604,23512,13520,0,5733,4086,46851,41979,4138,High,0.4197967814773664,0.37614243217088994,0.03707752410307874,0.0
EMP01714,Divya Rathore,50,27,Cyber Security,180000,20000,10800,3103,2279,143818,0,22236,41891,7678,5055,76860,14529,27596,Medium,0.5344254543937477,0.10102351583251054,0.1918814056654939,0.29127786507947545
EMP01715,Saurabh Bhatia,56,30,Customer Support,60000,1333,3600,1448,1976,51643,12056,8524,2123,2997,2762,28462,9397,3312,Medium,0.5511298723931607,0.1819607691265031,0.06413260267606452,0.04110915322502566
EMP01716,Prachi Das,27,6,Marketing,61291,1398,3677,2091,1669,52456,0,4375,3119,4291,2185,13970,8351,13441,High,0.26631843831020285,0.15920009150526154,0.25623379594326673,0.05945935641299375
EMP01717,Ayaan Seth,42,23,Finance,114215,7132,6853,2767,1443,96020,26610,14080,16686,7378,6035,70789,11719,2481,Low,0.7372318267027702,0.12204749010622787,0.02583836700687357,0.17377629660487398
EMP01718,Neha Arora,34,10,Sales,65452,1606,3927,1754,1712,56453,5172,6854,0,3925,2522,18473,21460,3256,High,0.3272279595415655,0.38013923086461304,0.057676297096699906,0.0
EMP01719,Charu Pillai,57,26,Operations,95000,4500,5700,1453,1797,81550,17517,10483,4483,4420,3481,40384,13237,16366,High,0.4952053954629062,0.16231759656652361,0.20068669527896996,0.054972409564684244
EMP01720,Aakash Garima Lakhotia,25,2,Cyber Security,98029,4803,5882,1360,1263,84721,0,10946,0,6698,4403,22047,25185,7070,High,0.2602306393928306,0.29726986225375057,0.0834503842022639,0.0
EMP01721,Preeti Mehta,23,2,Sales,45831,625,2750,734,1714,40008,0,5499,6407,3741,1786,17433,10879,2674,Medium,0.43573785242951407,0.27192061587682465,0.0668366326734653,0.16014297140571884
EMP01722,Ashish Suri,24,2,IT,83964,3396,5038,2025,1187,72318,16872,9051,0,5438,3599,34960,16988,3104,Medium,0.4834204485743522,0.23490693879808622,0.04292154097181891,0.0
EMP01723,Dhruv Sahu,27,3,Operations,51688,918,3101,973,1610,45086,11097,8388,5111,3050,3186,30832,6179,1337,Low,0.6838486448121368,0.13704919487202236,0.029654438184802377,0.1133611320587322
EMP01724,Deepak Shubham Pillai,58,27,Finance,123453,8518,7407,3610,1059,102859,0,15143,27290,7399,4920,54752,23573,4946,Medium,0.5323015001118035,0.22917780651182687,0.04808524290533643,0.2653146540409687
EMP01725,Manish Mukherjee,29,5,HR,45634,615,2738,723,2254,39304,12784,6466,0,4816,2444,26510,1285,2237,Medium,0.674486057398738,0.03269387339710971,0.05691532668430694,0.0
EMP01726,Harsh Bedi,50,22,Customer Support,54289,1048,3257,868,2252,46864,0,5106,10118,4271,2203,21698,10166,2959,Medium,0.4629993171730966,0.21692557186753159,0.06314015022191874,0.2159013315124616
EMP01727,Siddharth Daga,31,5,Sales,49782,822,2987,743,1775,43455,12718,5796,0,5536,3597,27647,1852,1875,Low,0.6362213784374641,0.04261880105856633,0.043148084225060404,0.0
EMP01728,Lokesh Gupta,49,16,Data Science,139538,11241,8372,2929,728,116268,0,17462,23500,3619,5930,50511,5864,1866,Low,0.43443595830323045,0.050435201431176246,0.01604912787697389,0.20211924175181478
EMP01729,Sanya Mittal,24,3,Finance,77630,2763,4658,1556,1320,67333,4392,5819,2575,5132,3371,21289,15537,12796,High,0.316174832548676,0.23074866707260927,0.19004054475517204,0.03824276357803751
EMP01730,Pallavi Bajaj,37,13,IT,113524,7029,6811,2757,1961,94966,0,10469,26646,4178,3145,44438,28025,5565,Medium,0.4679358928458606,0.29510561674704633,0.05859991997135817,0.2805846302887349
EMP01731,Abhishek Vivaan Arora,57,35,Sales,85000,3500,5100,1312,1306,73782,0,11675,0,9454,4362,25491,7712,5707,Medium,0.34549077010653007,0.10452413867881055,0.07734948903526605,0.0
EMP01732,Shruti Chatterjee,36,8,Data Science,117736,7660,7064,2569,1677,98766,23919,13523,0,4648,6002,48092,11800,16389,Medium,0.4869287001599741,0.11947431302270012,0.16593767085839256,0.0
EMP01733,Priya Tomar,50,21,Sales,83268,3327,4996,1563,2526,70856,6672,11885,0,9751,5635,33943,4973,3898,Medium,0.4790420006774303,0.0701845997516089,0.05501298408038839,0.0
EMP01734,Rishabh Dubey,28,5,IT,94280,4428,5657,1471,2073,80651,0,11578,0,4066,2960,18604,15620,24695,High,0.23067289928209198,0.1936739780039925,0.30619583142180506,0.0
EMP01735,Lokesh Khurana,31,11,Marketing,69435,1944,4166,1889,1556,59880,0,9096,19212,3274,3518,35100,11686,3022,Low,0.5861723446893787,0.1951569806279225,0.05046760187040748,0.32084168336673347
EMP01736,Mohit Pillai,42,26,IT,138765,11086,8326,2776,1634,114943,30222,17367,11394,11636,7674,78293,5784,4806,Medium,0.68114630730014,0.05032059368556589,0.04181202857068286,0.09912739357768634
EMP01737,Prachi Bansal,31,11,Marketing,65029,1585,3902,2083,1841,55618,0,5591,0,8440,3486,17517,6560,3175,Medium,0.3149519939587903,0.11794742709194865,0.05708583552087454,0.0
EMP01738,Ritika Dubey,25,2,Sales,48760,771,2926,736,1262,43065,0,4818,0,3693,2820,11331,11828,3921,High,0.2631138975966562,0.2746545918959712,0.09104841518634622,0.0
EMP01739,Dhruv Malhotra,50,18,Data Science,150507,13435,9030,3099,1658,123285,0,21770,33455,7941,7666,70832,24280,5870,Medium,0.5745386705600843,0.1969420448554163,0.04761325384272215,0.2713631017560936
EMP01740,Charu Kapoor,39,17,Sales,74339,2434,4460,2106,1758,63581,19477,11636,9214,11937,5965,58229,703,552,Low,0.9158239096585458,0.01105676224029191,0.008681838914141017,0.1449175068023466
EMP01741,Sonali Suri,34,6,Finance,87276,3728,5237,1660,1611,75040,16584,6841,0,7298,3883,34606,13467,11304,High,0.46116737739872066,0.17946428571428572,0.15063965884861408,0.0
EMP01742,Ankit Rajput,39,16,Operations,77073,2707,4624,2092,2043,65607,0,10437,13040,1909,5090,30476,3141,901,Medium,0.46452360266434983,0.04787598884265398,0.013733290654960598,0.19875927873550078
EMP01743,Gaurav Purohit,56,25,Finance,130000,9500,7800,3845,1427,107428,0,10931,24628,7158,3445,46162,20642,21555,Medium,0.4297017537327326,0.1921472986558439,0.20064601407454294,0.2292512194213799
EMP01744,Nitin Reddy,53,26,IT,148433,13020,8906,2499,1465,122543,7203,19042,4150,10161,8735,49291,35417,7553,Medium,0.4022343177496879,0.289016916510939,0.061635507536130174,0.0338656634813902
EMP01745,Aditi Diya Bose,23,3,IT,92777,4278,5567,1857,1740,79335,18511,8878,0,7541,4721,39651,13490,11073,High,0.4997920211760257,0.17003844457049222,0.13957269805256192,0.0
EMP01746,Vaishnavi Rishabh Shetty,52,28,IT,150000,13333,9000,2236,1021,124410,0,12468,10445,9153,4604,36670,26129,28151,High,0.29475122578570856,0.21002331002331,0.22627602282774698,0.08395627361144603
EMP01747,Rashmi Naidu,40,16,Operations,81842,3184,4911,1830,1192,70725,15745,11194,0,3771,3911,34621,16268,3322,Medium,0.4895157299399081,0.23001767408978438,0.04697066101095793,0.0
EMP01748,Bhavna Rajput,29,4,Sales,53139,990,3188,950,1779,46232,11815,5414,0,3995,3149,24373,10376,2382,Medium,0.5271889600276864,0.22443329295725903,0.05152275480186883,0.0
EMP01749,Dhruv Behera,39,14,Data Science,128467,9270,7708,2936,1321,107232,21795,13029,0,4586,5305,44715,38974,3659,High,0.4169930617726052,0.3634549388242316,0.03412227693225903,0.0
EMP01750,Ishaan Rathore,31,6,Sales,60071,1337,3604,1712,1140,52278,13784,5982,4618,4986,2311,31681,9119,1951,Medium,0.6060101763648188,0.17443283981789662,0.03731971383756073,0.08833543746891617
EMP01751,Tushar Tiwari,35,10,Data Science,123852,8578,7431,2311,1665,103867,0,10485,0,8407,4521,23413,19625,35331,High,0.22541326889194835,0.18894355281273167,0.3401561612446687,0.0
EMP01752,Mansi Sanya Naidu,22,0,HR,40000,333,2400,938,1293,35036,0,3596,2621,2856,2319,11392,10960,2325,Medium,0.32515127297636714,0.31282109829889254,0.06636031510446398,0.0748087681242151
EMP01753,Swati Bedi,50,27,Operations,95000,4500,5700,1573,1272,81955,0,11681,0,4256,3558,19495,30560,6467,High,0.2378744432920505,0.37288756024647673,0.0789091574644622,0.0
EMP01754,Hemant Dev Shinde,28,2,Finance,73587,2359,4415,1575,2181,63057,14226,6873,2297,5437,3465,32298,15056,3686,Medium,0.5122032446833817,0.23876809870434687,0.05845504860681606,0.03642735937326546
EMP01755,Karan Arora,53,33,IT,150000,13333,9000,3478,1464,122725,0,20185,42059,2574,5680,70498,3778,281,Low,0.5744387859034427,0.03078427378284783,0.0022896720309635364,0.3427093094316561
EMP01756,Parth Deshmukh,41,20,Operations,88242,3824,5295,1654,1418,76051,24032,11382,0,11379,6102,52895,3968,3481,Medium,0.6955201115041222,0.052175513799950037,0.045771916214119475,0.0
EMP01757,Karan Porwal,34,9,IT,99343,4934,5961,1612,2042,84794,0,8012,3448,4359,3356,19175,6249,1875,Medium,0.22613628322758686,0.07369625209330849,0.022112413614170812,0.04066325447555252
EMP01758,Neha Swain,23,1,Customer Support,38094,238,2286,832,751,33987,10810,4120,4074,1909,2797,23710,450,403,Low,0.6976196781122194,0.013240356606937946,0.011857474916879983,0.11986936181481155
EMP01759,Parth Somani,31,9,IT,103602,5540,6216,2820,1376,87650,20474,13226,5929,4567,3937,48133,18828,4436,Medium,0.5491500285225328,0.2148088990302339,0.05061038220193953,0.06764403879064461
EMP01760,Rohan Shinde,30,7,IT,92626,4263,5558,1429,1243,80133,18487,7325,8363,6499,3274,43948,9000,15013,Medium,0.5484382214568281,0.11231327917337426,0.18735102891442976,0.10436399485854767
EMP01761,Reema Maheshwari,36,9,Customer Support,43707,519,2622,717,1752,38097,12288,6020,0,1680,2741,22729,1142,562,Low,0.5966086568496207,0.02997611360474578,0.01475181772843006,0.0
EMP01762,Vaishnavi Singh,22,3,Sales,51700,918,3102,1127,2041,44512,11166,4714,2835,3236,3688,25639,1205,432,Low,0.5760019769949677,0.027071351545650612,0.009705248023005032,0.06369069015097052
EMP01763,Rupal Chauhan,53,29,Data Science,170000,17500,10200,3954,1660,136686,0,22602,44032,8596,6670,81900,24646,7058,Low,0.5991835301347614,0.18031107794507117,0.05163659774958664,0.32213979485828836
EMP01764,Sanya Ghosh,25,2,Product Management,120000,8000,7200,3261,2110,99429,31778,12768,6900,21357,6385,79188,3087,3296,Low,0.7964276016051655,0.031047279968620826,0.03314928240251838,0.06939625260235947
EMP01765,Priya Khurana,31,6,Sales,51450,906,3087,903,1541,45013,9950,6231,0,2960,2796,21937,10279,3110,Medium,0.48734809943794016,0.22835625263812676,0.06909115144513807,0.0
EMP01766,Pooja Ahuja,54,22,Sales,77736,2774,4664,2018,999,67281,22185,10650,0,11872,6967,51674,2052,2651,Low,0.7680325797773517,0.030498952155883535,0.03940191138657273,0.0
EMP01767,Sakshi Chopra,33,10,Finance,97789,4779,5867,2053,1678,83412,6859,9721,0,3335,2993,22908,13684,24840,High,0.27463674291468854,0.1640531338416535,0.2977988778593008,0.0
EMP01768,Rupal George,42,25,Sales,80108,3011,4806,1892,1525,68874,0,12339,0,9092,5636,27067,4591,6360,Medium,0.3929930017132735,0.06665795510642623,0.09234253854865407,0.0
EMP01769,Payal Khanna,40,10,Finance,88354,3835,5301,1431,2264,75523,19034,13115,0,4324,3725,40198,16516,3740,Medium,0.5322616951127471,0.2186883465964011,0.04952133787058247,0.0
EMP01770,Shruti Kulkarni,31,8,Sales,56431,1155,3386,765,1148,49977,15236,5560,2687,7446,5022,35951,2826,1319,Low,0.7193509014146507,0.05654601116513596,0.026392140384576906,0.053764731776617246
EMP01771,Rishabh Bose,38,14,Product Management,177109,19277,10627,3698,1450,142057,39213,18986,0,16112,12104,86415,12963,7939,Medium,0.6083121563879288,0.09125210302906579,0.05588601758449073,0.0
EMP01772,Prachi Reddy,58,31,Data Science,170000,17500,10200,2923,2175,137202,27920,22825,0,3825,4677,59247,39821,5745,High,0.4318231512660165,0.29023629393157535,0.041872567455284906,0.0
EMP01773,Shivam Reddy,60,28,HR,70000,2000,4200,2062,1584,60154,0,10313,17352,3161,3670,34496,1900,275,Low,0.5734614489477009,0.03158559696778269,0.004571599561126442,0.2884596203078765
EMP01774,Mayank Pradhan,35,12,IT,106360,5954,6382,2841,1672,89511,0,12886,26003,3041,3902,45832,893,564,Low,0.5120264548491247,0.009976427478187038,0.006300901565170761,0.2905006088637151
EMP01775,Aisha Agarwal,28,7,IT,102158,5324,6129,3535,2158,85012,7434,8863,11505,4888,2687,35377,29645,3706,Medium,0.4161412506469675,0.34871547546228765,0.04359384557474239,0.1353338352232626
EMP01776,Hemant Solanki,49,27,Cyber Security,170066,17516,10204,2980,2033,137333,35513,18593,0,10306,7969,72381,29524,8853,Medium,0.5270473957461062,0.21498110432306874,0.06446374869841917,0.0
EMP01777,Deepak Agarwal,59,32,Finance,130000,9500,7800,2433,1650,108617,0,13787,23519,3696,3934,44936,32191,5031,Medium,0.41371056096191205,0.2963716545292173,0.046318716223059005,0.2165314821805058
EMP01778,Shivam Riya Das,25,0,Cyber Security,95000,4500,5700,1600,1750,81450,9384,7397,5658,6563,4370,33372,16431,17941,High,0.4097237569060774,0.20173112338858196,0.22027010435850214,0.06946593001841621
EMP01779,Deepak Rawat,58,22,Finance,125724,8859,7543,3501,776,105045,0,15587,28707,7701,6413,58408,22249,4423,Medium,0.5560283687943263,0.211804464753201,0.04210576419629682,0.273282878766243
EMP01780,Reema More,56,25,Sales,85000,3500,5100,1484,1654,73262,6425,10903,0,2125,6080,25533,160,748,Medium,0.34851628402173024,0.002183942562310611,0.010209931478802108,0.0
EMP01781,Shivam Narang,25,2,Customer Support,36001,133,2160,704,1076,31928,0,3981,0,2493,2135,8609,8412,3554,High,0.2696379353545477,0.2634678025557504,0.11131295414683037,0.0
EMP01782,Pooja Patel,24,2,Marketing,54963,1081,3298,736,1717,48131,2572,4407,1498,3097,2177,13751,1234,1033,Medium,0.28569944526396707,0.02563836197045563,0.021462259250794705,0.031123392408219236
EMP01783,Dev Khurana,46,23,Operations,94106,4411,5646,1374,1030,81645,14926,10384,4172,1705,1954,33141,24635,4703,Medium,0.40591585522689694,0.3017331128666789,0.057603037540571986,0.051099271235225674
EMP01784,Akash Rawat,54,25,IT,145137,12361,8708,2322,1698,120048,0,17440,38714,5036,4789,65979,29811,5172,Medium,0.5496051579368253,0.24832566973210715,0.043082766893242704,0.32248767159802744
EMP01785,Riya Bhatia,39,15,Customer Support,49721,819,2983,1020,1057,43842,0,3770,10692,2720,1204,18386,14217,2113,Medium,0.4193695543086538,0.32427808950321607,0.04819579398750057,0.24387573559600384
EMP01786,Ravi Mehta,54,27,Data Science,170000,17500,10200,3241,1272,137787,0,21340,40746,22828,13768,98682,7405,5421,Low,0.7161923838968843,0.053742370470363676,0.03934333427681857,0.29571730279344205
EMP01787,Hemant Tarun Pradhan,59,36,Marketing,90000,4000,5400,2194,1791,76615,0,10031,0,11257,5704,26992,11527,6840,High,0.35230698949291916,0.15045356653396855,0.08927755661424003,0.0
EMP01788,Aditya Mundra,57,38,Sales,85000,3500,5100,1606,2041,72753,0,11041,16487,7658,4414,39600,3811,4513,Low,0.5443074512391242,0.052382719612936925,0.06203180624853958,0.22661608456008686
EMP01789,Pooja Pradhan,29,5,IT,92708,4271,5562,1642,1138,80095,18172,8656,0,6782,4488,38098,18549,3783,Medium,0.4756601535676384,0.23158748985579625,0.04723141269742181,0.0
EMP01790,Priya Arora,22,2,HR,40461,356,2428,1133,1592,34952,7628,3047,1533,2358,1823,16389,12685,1466,High,0.4689002059967956,0.36292629892423894,0.041943236438544286,0.043860151064316774
EMP01791,Priya Menon,39,8,Finance,83696,3370,5022,2174,1167,71963,17785,11795,0,5254,3415,38249,15907,2906,Medium,0.5315092478079013,0.2210441476870058,0.04038186290176896,0.0
EMP01792,Tarun Roy,53,30,Customer Support,60000,1333,3600,1926,1983,51158,5523,7113,0,969,2272,15877,19997,3821,High,0.310352242073576,0.3908870557879511,0.07469017553461824,0.0
EMP01793,Vaishnavi Naidu,43,18,Operations,86782,3678,5207,1333,1915,74649,13861,11225,0,2127,3635,30848,23281,4887,High,0.41324063282830314,0.3118728984983054,0.06546638267089981,0.0
EMP01794,Yuvraj Soni,23,1,Finance,72814,2281,4369,1996,1686,62482,0,7199,0,3562,1964,12725,25442,4819,Medium,0.20365865369226338,0.40718927050990683,0.07712621234915655,0.0
EMP01795,Rohit Chauhan,47,27,IT,150000,13333,9000,3594,1285,122788,27843,12992,18177,12120,5056,76188,22156,4817,Medium,0.6204840863928072,0.1804410854480894,0.039230217936606186,0.14803563866175848
EMP01796,Muskan Kapoor,44,15,IT,120171,8026,7210,2326,1395,101214,23574,17306,0,7601,5836,54317,17409,7216,Medium,0.5366550082004465,0.17200189697077478,0.07129448495267453,0.0
EMP01797,Prachi Pawar,52,31,Data Science,170000,17500,10200,3476,1924,136900,0,21992,0,3312,5744,31048,65043,7348,High,0.22679327976625274,0.47511322132943756,0.05367421475529584,0.0
EMP01798,Kavya Menon,26,2,Sales,49310,799,2959,922,1964,42666,0,6029,0,4856,3146,14031,14286,3017,Medium,0.32885670088595137,0.3348333567711996,0.07071204237566212,0.0
EMP01799,Komal Mohanty,46,21,Marketing,82649,3265,4959,2046,1406,70973,0,13396,0,4907,3648,21951,18940,6677,High,0.3092866301269497,0.2668620461302185,0.09407802967325603,0.0
EMP01800,Vivaan Khurana,42,15,Marketing,73231,2323,4394,1900,1974,62640,0,10830,13382,3818,3562,31592,11545,4606,Medium,0.5043422733077906,0.18430715197956576,0.07353128991060026,0.21363346104725414
EMP01801,Aisha Rajput,41,25,Operations,93188,4319,5591,1935,1577,79766,0,13136,16683,4746,3665,38230,9340,16018,Medium,0.4792768848882983,0.11709249554948224,0.20081237620038614,0.20914926159015118
EMP01802,Dev Gupta,46,24,IT,141223,11578,8473,3422,1630,116120,21615,16402,163,2305,2497,42982,49673,4600,High,0.37015156734412674,0.4277729934550465,0.03961419221495005,0.0014037202893558388
EMP01803,Palak Somani,28,6,IT,97529,4753,5852,1257,2030,83637,19984,13216,10344,5233,5745,54522,13080,2454,Medium,0.6518885182395351,0.15639011442304243,0.029341081100469887,0.12367731984647942
EMP01804,Deepak Bansal,41,20,Finance,116428,7464,6986,2294,1947,97737,23700,13657,10098,5376,4172,57003,19959,5190,Medium,0.5832284600509531,0.20421130175880167,0.053101691273519755,0.10331808833911416
EMP01805,Shubham Behera,50,18,HR,59785,1323,3587,742,1232,52901,0,7438,14483,3930,3513,29364,8800,3280,Medium,0.5550745732594847,0.16634846222188618,0.062002608646339386,0.2737755429954065
EMP01806,Ritika Bhardwaj,22,3,IT,92394,4239,5544,1636,1388,79587,0,7917,12112,6540,3910,30479,25374,5530,Medium,0.38296455451267164,0.3188209129631724,0.06948370965107367,0.1521856584618091
EMP01807,Nitin Sumit Patel,23,0,Customer Support,35000,83,2100,1062,1620,30135,6544,4906,3635,1390,1408,17883,7848,781,Medium,0.5934295669487307,0.2604280736684918,0.025916708146673302,0.12062385929981749
EMP01808,Hemant Saini,53,35,HR,70000,2000,4200,1585,1805,60410,0,10146,14846,4434,3480,32906,12482,2877,Medium,0.5447111405396458,0.2066214202946532,0.04762456546929316,0.24575401423605364
EMP01809,Nitin Purohit,29,7,Marketing,61683,1417,3701,1710,1475,53380,0,6511,14657,6122,3220,30510,10307,2968,Low,0.5715623829149494,0.193087298613713,0.05560134881978269,0.27457849381790933
EMP01810,Jyoti Roy,57,27,Finance,130000,9500,7800,2737,1073,108890,0,18069,22283,6275,6436,53063,19697,7366,Medium,0.48730829277252274,0.18088897052070899,0.06764624850766829,0.20463770777849205
EMP01811,Ashish Iyer,44,28,IT,150000,13333,9000,3050,1925,122692,0,15982,30657,4477,4264,55380,37625,7048,Medium,0.45137417272519803,0.3066622110651061,0.05744465816842174,0.2498695921494474
EMP01812,Kartik Yuvraj Porwal,46,25,Sales,84464,3446,5068,1425,2183,72342,0,13021,22088,3075,3988,42172,367,684,Low,0.5829531945481187,0.00507312487904675,0.009455088330430456,0.30532747228442675
EMP01813,Sanya Mathew,27,4,IT,86968,3697,5218,1556,2142,74355,0,8137,25695,6721,3927,44480,12829,3286,Low,0.598211283706543,0.17253715284782462,0.04419339654360836,0.3455719184990922
EMP01814,Mansi Bansal,49,21,HR,61427,1405,3686,1766,1720,52850,0,7125,12769,5391,2610,27895,10095,2950,Medium,0.5278145695364238,0.19101229895931882,0.05581835383159887,0.24160832544938504
EMP01815,Prachi Menon,36,11,HR,54669,1067,3280,727,2506,47089,12879,8266,0,3302,3031,27478,8602,2584,Medium,0.5835333092654336,0.18267535942576824,0.05487481152710824,0.0
EMP01816,Abhishek Nagpal,27,3,Marketing,54238,1045,3254,972,1118,47849,10208,6510,0,2914,2502,22134,5793,8157,Medium,0.4625802002131706,0.12106836088528496,0.17047378210620912,0.0
EMP01817,Krishna Chauhan,47,26,Data Science,170000,17500,10200,2920,1758,137622,33046,18401,0,9609,8698,69754,29268,7321,Medium,0.5068521021348331,0.21266948598334567,0.053196436616238685,0.0
EMP01818,Gaurav Bhardwaj,25,1,Operations,50000,833,3000,1114,1070,43983,0,6121,17420,2245,2557,28343,1252,333,Low,0.6444080667530637,0.028465543505445286,0.007571107018620831,0.39606211490803267
EMP01819,Saloni Mukherjee,35,12,Customer Support,46994,683,2820,1156,792,41543,7854,6308,0,1814,1699,17675,15705,1413,High,0.42546277351178297,0.3780420287413042,0.034012950436896706,0.0
EMP01820,Avantika Arora,49,15,Data Science,134907,10315,8094,3651,1205,111642,0,16413,25498,6783,6179,54873,20303,8498,Medium,0.4915085720427796,0.18185808208380358,0.07611830673044195,0.22839074900127193
EMP01821,Gaurav Joshi,42,26,Sales,83400,3340,5004,1870,1214,71972,15360,11119,0,3959,3913,34351,13449,5691,Medium,0.4772828322125271,0.1868643361307175,0.07907241705107541,0.0
EMP01822,Riya Trivedi,42,22,Finance,115495,7324,6930,3309,1828,96104,25671,15167,3958,4844,5845,55485,20078,3822,Medium,0.5773432947640057,0.20891950387080663,0.03976941646549571,0.04118455007075668
EMP01823,Krishna Nair,42,28,Finance,127920,9188,7675,2365,2003,106689,0,15383,37040,3998,4213,60634,31108,3191,Medium,0.5683247570040023,0.2915764511805341,0.029909362727178996,0.34717730975077093
EMP01824,Aditya Suri,27,4,IT,84644,3464,5079,1847,1656,72598,17324,6529,0,4029,2376,30258,26462,3627,High,0.4167883412766192,0.3645003994600402,0.04996005399597785,0.0
EMP01825,Ishita Purohit,46,23,Sales,83900,3390,5034,1407,1219,72850,0,11872,15574,10928,5140,43514,3588,4710,Low,0.5973095401509952,0.049251887439945095,0.06465339739190117,0.21378174330816746
EMP01826,Ayush Mundra,35,9,Sales,59870,1327,3592,990,1730,52231,15241,8218,3285,8463,4856,40063,2482,1546,Low,0.7670349026440236,0.04751967222530681,0.029599280121000937,0.06289368382761196
EMP01827,Kavya Iyer,39,13,Customer Support,51001,883,3060,863,1586,44609,0,6492,11662,2562,1926,22642,10904,2500,Medium,0.5075657378555897,0.24443497948844403,0.056042502633997626,0.26142706628707213
EMP01828,Deepak Narang,31,8,Data Science,114457,7169,6867,2412,2020,95989,0,12678,0,5795,4111,22584,2278,2755,Medium,0.2352769588181979,0.023731885945264562,0.028701205346445945,0.0
EMP01829,Yuvraj D'Souza,56,35,Customer Support,60000,1333,3600,1867,964,52236,0,7152,13073,1091,1368,22684,20660,1506,Medium,0.434259897388774,0.39551267325216327,0.0288306914771422,0.25026801439620183
EMP01830,Atharv Ghosh,55,26,Data Science,162926,15919,9776,3310,1786,132135,0,20383,26127,8132,7269,61911,33809,7852,Medium,0.46854353502100127,0.255867105611685,0.059424073863851366,0.19772959473265977
EMP01831,Anjali Bose,48,28,Data Science,170000,17500,10200,3528,1833,136939,0,23431,43103,5402,8143,80079,4977,414,Low,0.5847786240588876,0.03634464980757856,0.003023243926127692,0.3147605868306326
EMP01832,Bhavna Maheshwari,32,10,IT,102228,5334,6134,3064,1837,85859,19212,8716,0,4458,2102,34488,31414,4054,Medium,0.40168182718177475,0.3658789410545196,0.04721694871824736,0.0
EMP01833,Nandini Chatterjee,38,16,Marketing,78951,2895,4737,1464,1935,67920,0,10052,14447,12081,6793,43373,4440,3856,Low,0.6385895170789164,0.06537102473498234,0.05677267373380448,0.21270612485276796
EMP01834,Amit Tanvi Chaudhary,30,5,IT,94696,4470,5682,1920,1637,80987,0,11960,5023,2956,3433,23372,28907,6324,High,0.288589526714164,0.3569338288861175,0.07808660649240001,0.06202229987528863
EMP01835,Komal Khanna,50,23,IT,142782,11890,8567,2418,1955,117952,0,14204,32070,19549,7498,73321,9377,4231,Low,0.6216172680412371,0.07949844004340749,0.03587052360282149,0.27189026044492676
EMP01836,Kunal Chopra,29,5,Sales,52756,971,3165,1194,1602,45824,8265,4795,7625,2747,1411,24843,10625,1873,Medium,0.5421394902234636,0.23186539804469275,0.040873777932960896,0.16639752094972068
EMP01837,Sonali Parmar,22,3,Sales,45318,599,2719,870,1657,39473,0,4822,0,4251,2030,11103,10462,4303,High,0.28128087553517594,0.26504192739340815,0.10901122286119626,0.0
EMP01838,Yuvraj Parmar,38,13,Sales,68215,1822,4093,1821,1196,59283,17557,7973,4071,6129,4564,40294,3147,3048,Low,0.6796889496145606,0.05308435807904458,0.051414402105156624,0.06867061383533223
EMP01839,Pooja Bose,36,16,Finance,100534,5080,6032,3845,2051,83526,25839,13465,4228,10676,5040,59248,3253,2947,Low,0.7093360151330125,0.038945956947537295,0.03528242702870962,0.05061896894380193
EMP01840,Rashmi Mehta,25,2,Data Science,100939,5141,6056,2529,1869,85344,0,9992,4386,8187,5079,27644,25706,4915,High,0.32391263592050995,0.3012045369328834,0.05759045744281965,0.05139201349831271
EMP01841,Charu Khandelwal,49,16,Cyber Security,148473,13028,8908,2296,1839,122402,0,18135,37020,6041,5063,66259,27104,6880,Medium,0.5413228542017288,0.22143429028937436,0.056208231891635756,0.3024460384634238
EMP01842,Rashmi Narang,53,31,Operations,95000,4500,5700,1522,1454,81824,0,13014,0,1915,3814,18743,34042,4672,Medium,0.22906482205709816,0.41603930387172466,0.05709816190848651,0.0
EMP01843,Lakshay Ghosh,47,20,Operations,82759,3276,4966,1260,2020,71237,0,6300,0,3560,1737,11597,30220,4479,Medium,0.16279461515785337,0.42421775201089323,0.06287462975700829,0.0
EMP01844,Mayank Rajput,51,35,Customer Support,60000,1333,3600,1981,1847,51239,11488,7909,3814,1998,1389,26598,12723,2278,Medium,0.5190967817482777,0.24830695368762076,0.044458322761958664,0.07443548859267354
EMP01845,Rohit Saxena,32,10,Marketing,71731,2173,4304,1750,1927,61577,17705,11324,4075,2684,5027,40815,340,806,Low,0.6628286535557107,0.005521542134238433,0.013089302824106403,0.06617730646182828
EMP01846,Amit Parmar,32,8,IT,96630,4663,5798,1220,1466,83483,21333,11936,0,6345,4627,44241,15554,5162,Medium,0.5299402273516763,0.1863133811674233,0.06183294802534648,0.0
EMP01847,Sakshi Narang,55,35,Customer Support,60000,1333,3600,1255,1922,51890,14886,8625,0,3991,3476,30978,7981,2940,Medium,0.5969936403931393,0.15380612834842938,0.05665831566775872,0.0
EMP01848,Sanya Lakhotia,48,22,Sales,78251,2825,4695,1786,1709,67236,16040,10598,2424,4445,3600,37107,12832,4256,Medium,0.5518918436551847,0.19085013980605628,0.06329942292819322,0.03605211493842584
EMP01849,Sonia Shukla,52,23,Customer Support,55548,1111,3333,875,2076,48153,0,8301,10833,9222,4929,33285,2268,1407,Low,0.691234191016136,0.047099869167030094,0.029219363279546447,0.224970406828235
EMP01850,Rishabh Joshi,40,11,Customer Support,43069,487,2584,963,1853,37182,0,4693,8201,1691,1276,15861,14001,1769,Medium,0.4265773761497499,0.3765531708891399,0.04757678446560164,0.22056371362487226
EMP01851,Neha Trivedi,42,24,IT,141206,11575,8472,2519,1100,117540,0,16514,0,7384,5605,29503,34280,10729,High,0.25100391356134083,0.29164539731155353,0.09127956440360728,0.0
EMP01852,Krishna Sandhu,51,36,IT,150000,13333,9000,2959,1917,122791,7681,18238,0,19552,12083,57554,7796,7667,Medium,0.4687151338453144,0.06348999519508759,0.06243942959988924,0.0
EMP01853,Sakshi Sahu,31,5,Customer Support,40043,335,2403,720,1602,34983,10528,6460,2080,4869,3373,27310,1215,1166,Low,0.7806648943772689,0.034731155132492926,0.033330474802046706,0.059457450761798585
EMP01854,Bhavna Swain,39,12,IT,108122,6218,6487,2942,1436,91039,0,13386,0,11911,6750,32047,12301,6134,Medium,0.35201397203396345,0.13511791649732532,0.0673777172420611,0.0
EMP01855,Trisha Chatterjee,52,31,HR,70000,2000,4200,1569,1556,60675,17721,8949,0,1584,3118,31372,1451,1249,Medium,0.51704985578904,0.023914297486608983,0.020585084466419448,0.0
EMP01856,Sneha Bhardwaj,49,26,IT,136406,10615,8184,3843,708,113056,29328,20282,0,8102,7241,64953,23170,3881,Medium,0.574520591565242,0.2049426832720068,0.03432812057741296,0.0
EMP01857,Harsh Seth,22,2,IT,85816,3582,5149,2095,1542,73448,0,6916,0,5513,1818,14247,38246,4123,Medium,0.1939739679773445,0.5207221435573467,0.05613495261954036,0.0
EMP01858,Sanya Rawat,32,12,Cyber Security,130341,9551,7820,3585,1804,107581,21634,11211,10048,9000,4348,56241,13703,16506,Medium,0.5227781857391175,0.1273737927700988,0.15342857939599,0.09339939208596314
EMP01859,Vikram Saini,28,4,Operations,53813,1024,3229,1003,2019,46538,16967,6420,2007,7445,3622,36461,2468,1482,Low,0.7834672740556105,0.05303193089518243,0.03184494391679917,0.04312604753104989
EMP01860,Ishaan Bedi,53,36,Customer Support,60000,1333,3600,1851,1759,51457,0,6721,3207,1118,992,12038,21219,3919,Medium,0.23394290378374177,0.4123637211652448,0.07616067784752317,0.062323882076296716
EMP01861,Aditya Thomas,49,22,IT,128948,9342,7737,3897,2018,105954,0,16768,33413,5516,4677,60374,23288,3946,Low,0.569813315212262,0.21979349529040904,0.037242576967363196,0.31535383279536405
EMP01862,Anurag Porwal,27,2,Product Management,129099,9365,7746,2822,1883,107283,0,15737,0,6486,5003,27226,21735,34692,High,0.25377739250393816,0.2025950057325019,0.3233690333044378,0.0
EMP01863,Tushar Das,27,2,Finance,73787,2379,4427,1355,958,64668,15728,7649,5325,6297,2921,37920,10867,3705,Medium,0.5863796622750046,0.1680429269499598,0.05729263314158471,0.08234366301725737
EMP01864,Sanya Verma,51,29,Operations,95000,4500,5700,1368,1883,81549,0,8274,22657,5573,1872,38376,29078,2789,Medium,0.47058823529411764,0.35657089602570236,0.03420029675409876,0.27783295932506835
EMP01865,Anurag Tushar Sahu,25,3,Finance,80026,3003,4802,1259,1184,69778,0,9503,0,4834,4744,19081,527,1443,Medium,0.27345295078678095,0.007552523718077331,0.020679870446272463,0.0
EMP01866,Kavya Menon,58,34,Marketing,90000,4000,5400,2083,1799,76718,18941,12280,0,2798,5898,39917,564,1409,Medium,0.520308141505253,0.007351599363904168,0.018365963659115202,0.0
EMP01867,Ritika Ahuja,51,33,Sales,85000,3500,5100,1657,1369,73374,6596,12594,0,4612,5148,28950,19483,4626,High,0.3945539291847248,0.2655300242592744,0.06304685583449178,0.0
EMP01868,Siddharth Khurana,35,11,HR,50572,862,3034,895,1230,44551,9914,7230,6278,3125,2665,29212,7239,1734,Medium,0.6556979641309959,0.16248793517541693,0.03892168525959013,0.14091715113016542
EMP01869,Hemant Joshi,50,16,HR,58580,1262,3515,1039,1340,51424,0,8256,10289,3558,2981,25084,10659,3156,Medium,0.4877878033602987,0.20727675793403857,0.06137212196639701,0.20008167392657125
EMP01870,Kartik Tushar Behera,59,22,IT,137459,10825,8248,3425,1474,113487,0,14936,23432,4263,5399,48030,45815,4328,Medium,0.4232202807370007,0.4037026267325773,0.03813652665062959,0.20647298809555278
EMP01871,Ankit Pawar,26,6,Product Management,138937,11121,8336,2243,2047,115190,6345,14797,8410,10351,6141,46044,22864,22111,High,0.3997221981074746,0.19848945220939318,0.19195242642590502,0.0730098098793298
EMP01872,Aarav Jadhav,31,9,IT,103743,5561,6225,2261,1745,87951,21650,9985,0,9138,4154,44927,18183,4434,Medium,0.5108185239508363,0.2067401166558652,0.05041443531057066,0.0
EMP01873,Manish Mehta,22,0,Data Science,93477,4348,5609,2085,1774,79661,0,9027,0,7478,3701,20206,14245,26762,High,0.2536498412020939,0.17882025081281933,0.3359485821167196,0.0
EMP01874,Vivek Shukla,44,28,Sales,85000,3500,5100,1238,926,74236,0,11660,15191,3364,4204,34419,3025,101,Low,0.4636429764534727,0.04074842394525567,0.0013605258904035777,0.2046311762487203
EMP01875,Bhavna Tiwari,42,24,Cyber Security,168224,17056,10093,3549,1923,135603,26600,20207,4887,5656,4326,61676,42957,5502,High,0.4548276955524583,0.31678502687993626,0.040574323576912014,0.03603902568527245
EMP01876,Pallavi Gill,28,3,Sales,50359,851,3022,780,2130,43576,12547,6651,9506,6726,3861,39291,523,465,Low,0.9016660547090142,0.01200201946025335,0.010671011565999634,0.21814760418579035
EMP01877,Diya Kohli,31,6,Marketing,61814,1424,3709,2107,1882,52692,14002,5814,0,9220,4522,33558,3981,1582,Medium,0.63687087223867,0.07555226599863357,0.030023532984134214,0.0
EMP01878,Bhavna Chatterjee,32,9,IT,101252,5188,6075,3704,1946,84339,17832,12140,0,5215,3616,38803,12568,16240,Medium,0.46008370979025126,0.14901765494018188,0.19255623139947117,0.0
EMP01879,Krishna Sandhu,35,11,IT,106096,5914,6366,2478,1302,90036,6854,13929,8985,5349,6750,41867,22258,6447,Medium,0.4650028877337954,0.24721222622062286,0.07160469145675064,0.09979341596694656
EMP01880,Kartik Thomas,28,4,Customer Support,42720,469,2563,978,1508,37202,10903,4855,6182,2887,3020,27847,232,84,Low,0.748535024998656,0.006236223858932316,0.0022579431213375625,0.166173861620343
EMP01881,Garima Mishra,59,24,Operations,95000,4500,5700,2089,1788,80923,0,13574,18278,2438,3792,38082,2683,1861,Low,0.4705955043683502,0.03315497448191491,0.022997170149401284,0.2258690359971825
EMP01882,Sonia Jadhav,22,1,Operations,50792,873,3048,1001,1335,44535,0,6351,12335,8100,4238,31024,1761,1879,Low,0.6966206354552599,0.03954193331087908,0.04219153474795105,0.2769731671718873
EMP01883,Kunal Lakhotia,43,16,IT,119297,7895,7158,2511,1131,100602,19037,15551,0,3283,3669,41540,38966,4522,High,0.4129142561778096,0.38732828373193373,0.0449494045844019,0.0
EMP01884,Ashish Porwal,22,2,Finance,74745,2474,4485,1523,2127,64136,0,6298,0,5407,3326,15031,9833,23298,High,0.23436135711612824,0.15331483098415866,0.3632593239366346,0.0
EMP01885,Nisha Rawat,57,38,Marketing,90000,4000,5400,2105,2001,76494,21901,11778,0,5213,3414,42306,15300,4687,Medium,0.5530629853321829,0.20001568750490234,0.06127277956441028,0.0
EMP01886,Shreya Chopra,39,11,Operations,70599,2060,4236,1641,2307,60355,0,9941,16890,2667,2312,31810,18846,1681,Medium,0.5270482975726949,0.3122525060061304,0.027851876397978627,0.2798442548256151
EMP01887,Sonia Swain,41,26,Data Science,170000,17500,10200,2874,2331,137095,0,21589,43572,9560,6865,81586,23280,6763,Low,0.5951055837193188,0.16980925635508223,0.04933075604507823,0.3178234071264452
EMP01888,Kunal Bedi,36,9,IT,102068,5310,6124,2215,1008,87411,0,10364,20317,8886,5806,45373,17828,4393,Medium,0.5190765464300832,0.20395602384139297,0.05025683266408118,0.2324307009415291
EMP01889,Pooja Arora,56,24,Operations,90489,4049,5429,1423,983,78605,0,8755,0,4487,5325,18567,1352,2741,Medium,0.2362063481966796,0.0171999236689778,0.0348705553081865,0.0
EMP01890,Varun Anurag Seth,26,5,Sales,53338,1000,3200,779,1013,47346,0,6821,6439,2897,2435,18592,7095,8987,Medium,0.39268364803784905,0.1498542643517932,0.18981540151227136,0.1359988172179276
EMP01891,Rohan Sabharwal,39,14,Sales,67558,1756,4053,1707,1244,58798,0,9951,0,3851,3989,17791,15612,5549,High,0.30257831899044185,0.2655192353481411,0.0943739582979013,0.0
EMP01892,Lakshay Sabharwal,35,10,IT,98694,4869,5922,1236,1611,85056,20293,7593,0,7332,3313,38531,13894,13244,High,0.4530074303987961,0.16335120391271632,0.155709179834462,0.0
EMP01893,Simran Mishra,47,22,Data Science,147736,12881,8864,2391,1721,121879,0,16465,29892,4601,4104,55062,46140,4095,Medium,0.45177594171268226,0.3785721904511852,0.0335988972669615,0.24525964276044274
EMP01894,Aditya Sanya Wadhwa,59,32,Operations,95000,4500,5700,1601,1864,81335,0,10283,19656,8896,5181,44016,14322,4038,Medium,0.54116923833528,0.17608655560336878,0.04964652363681072,0.241667178951251
EMP01895,Aisha Suri,45,28,Operations,95000,4500,5700,1597,1517,81686,16036,11371,9601,2693,3362,43063,23541,3173,Medium,0.5271772396738731,0.28818891854173295,0.03884386553387361,0.11753544058957471
EMP01896,Sonia Nitin Kohli,60,25,Operations,93128,4313,5588,2147,1826,79254,0,13628,23183,3124,5928,45863,2095,444,Low,0.5786837257425492,0.026433997022232317,0.0056022408963585435,0.2925152042799102
EMP01897,Pooja Bohra,34,11,Finance,97724,4772,5863,2003,1193,83893,0,10888,6962,5192,3974,27016,32299,4385,Medium,0.32202925154661294,0.3850023243894008,0.05226896165353486,0.0829866615808232
EMP01898,Divya Sabharwal,38,12,Operations,73999,2400,4440,2128,1727,63304,15522,8895,0,5242,3785,33444,14472,3816,Medium,0.5283078478453178,0.2286111462150891,0.06028055099203842,0.0
EMP01899,Manish Arora,59,33,Cyber Security,180000,20000,10800,3861,1420,143919,33683,24458,15609,10546,6614,90910,24197,6238,Medium,0.6316747614977869,0.16812929495063195,0.04334382534620168,0.10845684030600546
EMP01900,Dev Nair,34,11,IT,107661,6149,6460,2542,1220,91290,18016,14101,0,2411,2411,36939,27482,5578,High,0.4046335852776865,0.30104063971957495,0.06110198269251835,0.0
EMP01901,Tarun Kunal Jindal,41,16,Sales,69495,1950,4170,1828,1922,59625,16452,9515,0,7407,4764,38138,2482,3346,Medium,0.6396310272536687,0.04162683438155136,0.056117400419287214,0.0
EMP01902,Yuvraj Porwal,56,27,Operations,95000,4500,5700,1339,1829,81632,22105,13363,0,5391,4006,44865,17826,3893,Medium,0.5496006468051744,0.21837024696197568,0.04768963151705213,0.0
EMP01903,Ishaan Porwal,44,15,Marketing,77916,2792,4675,1453,2487,66509,0,10246,16855,1449,2550,31100,22156,3001,Medium,0.4676058879249425,0.333127847359004,0.04512171285089236,0.2534243485844021
EMP01904,Yash Verma,31,10,Marketing,72449,2245,4347,2089,2086,61682,18314,10955,0,3442,3402,36113,10982,2487,Medium,0.5854706397328232,0.1780422165299439,0.04031970428974417,0.0
EMP01905,Nitin Tushar Saxena,60,23,Operations,88421,3842,5305,1951,1680,75643,0,10447,19721,3170,4616,37954,2623,1527,Low,0.5017516491942414,0.034676044049019736,0.020186930714011873,0.26071150007271
EMP01906,Shreya Kulkarni,23,2,IT,80947,3095,4857,1696,1619,69680,8305,7425,9127,7376,3840,36073,14547,3441,Medium,0.517695177956372,0.20876865671641792,0.04938289322617681,0.1309845005740528
EMP01907,Sumit Sandhu,29,7,Customer Support,41259,396,2476,1006,1638,35743,7620,2891,1480,3090,1191,16272,6411,6832,High,0.4552499790168704,0.17936379151162465,0.19114232157345495,0.04140670900595921
EMP01908,Hemant Tayal,42,21,Finance,110834,6625,6650,2328,1700,93531,22536,17152,0,6102,6199,51989,17950,5051,Medium,0.5558477937796025,0.19191498006008703,0.05400348547540388,0.0
EMP01909,Avantika Bhatia,49,15,Customer Support,51271,897,3076,1105,1232,44961,12367,6603,3800,1179,1911,25860,1901,166,Medium,0.5751651431240409,0.04228108805409132,0.003692088699094771,0.08451769311180801
EMP01910,Monika Karan Banerjee,52,25,Operations,90221,4022,5413,1672,933,78181,0,14317,18220,4920,5804,43261,17102,4087,Medium,0.5533441629040304,0.21874880085954387,0.052276128471111905,0.2330489505122728
EMP01911,Rajat Jain,48,28,Cyber Security,180000,20000,10800,3293,1685,144222,0,22749,40779,7383,5967,76878,24829,8703,Medium,0.5330532096351458,0.1721582005519269,0.06034446894371178,0.2827515912967508
EMP01912,Tushar Verma,28,5,Finance,87343,3734,5241,2011,1358,74999,23245,13800,0,8902,6288,52235,2858,2121,Medium,0.6964759530127068,0.038107174762330165,0.02828037707169429,0.0
EMP01913,Ayaan Chatterjee,35,9,Marketing,67579,1758,4055,2054,1279,58433,13958,8250,0,2524,2868,27600,6199,11526,Medium,0.472335837625999,0.10608731367549158,0.19725155306077047,0.0
EMP01914,Nikhil Lokesh Porwal,55,29,Cyber Security,180000,20000,10800,3389,1342,144469,0,23253,0,8532,5835,37620,48595,12441,High,0.2604018855256145,0.3363697402210855,0.08611536038873392,0.0
EMP01915,Aakash Kohli,57,25,Sales,84871,3487,5092,1573,2304,72415,20176,10076,0,9951,4462,44665,5797,3862,Medium,0.6167921010840296,0.08005247531588759,0.05333149209417938,0.0
EMP01916,Vivaan Pillai,54,37,Cyber Security,180000,20000,10800,2713,1276,145211,0,18552,5661,5340,4441,33994,69704,8725,High,0.2341007223970636,0.48001873136332646,0.06008497978803259,0.03898464992321518
EMP01917,Diya Chauhan,56,32,Customer Support,60000,1333,3600,2114,1690,51263,0,7800,16439,6955,4195,35389,1941,2712,Low,0.6903419620388974,0.03786356631488598,0.05290365370735228,0.3206796324834676
EMP01918,Parth Kulkarni,32,9,Operations,63993,1533,3840,2018,1609,54993,2998,7949,1753,1253,2285,16238,19978,3099,Medium,0.2952739439565036,0.3632825996035859,0.05635262669794337,0.03187678431800411
EMP01919,Akash Ananya Pandey,22,2,Cyber Security,98813,4881,5929,1331,1939,84733,0,10972,0,8358,3794,23124,30127,7250,High,0.2729042993874878,0.3555521461532107,0.08556288577059705,0.0
EMP01920,Pallavi Saxena,48,15,Marketing,76352,2635,4581,1855,1589,65692,0,10151,16436,9188,5477,41252,5956,2616,Low,0.6279607867015771,0.09066553004932107,0.03982220057236802,0.250197893198563
EMP01921,Jyoti Sandhu,37,18,Data Science,139187,11171,8351,2757,1595,115313,24772,17095,5415,3130,2574,52986,43292,4623,Medium,0.4594971945921102,0.3754303504375049,0.04009088307476173,0.04695914597660281
EMP01922,Diya Tiwari,50,19,Finance,113227,6984,6794,2276,1360,95813,25595,10502,5171,9787,5998,57053,18156,4302,Medium,0.5954619936751798,0.18949411875215263,0.04489996138311085,0.05396971183451098
EMP01923,Pallavi Reddy,56,24,Customer Support,60000,1333,3600,1938,1247,51882,0,5860,0,3072,1804,10736,21314,3286,Medium,0.20693111291006513,0.41081685362938974,0.06333603176438841,0.0
EMP01924,Karan Verma,22,3,Finance,76552,2655,4593,1829,1264,66211,0,8204,14562,6150,2554,31470,15683,4373,Medium,0.4752986663847397,0.23686396520215675,0.06604642733080605,0.2199332437208319
EMP01925,Atharv Jain,59,31,Data Science,170000,17500,10200,2946,1921,137433,33119,20484,0,5570,5924,65097,47513,4702,High,0.473663530593089,0.34571754964237117,0.03421303471509754,0.0
EMP01926,Sonali Lodha,42,22,Data Science,159222,15178,9553,2304,1112,131075,0,21834,0,9808,5867,37509,37560,13909,High,0.2861644096891093,0.28655349990463475,0.10611481975967957,0.0
EMP01927,Trisha Narang,50,21,Finance,113850,7078,6831,2971,1331,95639,0,15404,27292,3331,3350,49377,30967,2848,Medium,0.5162851974612868,0.32379050387394265,0.029778646786352846,0.2853647570551762
EMP01928,Varun Rajat More,57,28,Cyber Security,180000,20000,10800,3319,1729,144152,0,23136,42746,8315,7912,82109,17225,18252,Medium,0.5696001442921361,0.11949192519007715,0.12661634940895722,0.29653421388534323
EMP01929,Rajat More,28,4,Sales,54962,1081,3298,927,1118,48538,0,7356,0,5138,3273,15767,6497,4976,Medium,0.3248382710453665,0.13385388767563558,0.10251761506448556,0.0
EMP01930,Sai Tayal,40,12,Data Science,128918,9338,7735,3940,1806,106099,0,18288,26085,8690,7208,60271,19375,6451,Medium,0.568063789479637,0.18261246571598225,0.06080170406884137,0.24585528610071725
EMP01931,Parth Kohli,25,3,Sales,48556,761,2913,926,1752,42204,0,4774,0,6411,3177,14362,4293,3721,Medium,0.3402994976779452,0.1017202160932613,0.08816699838877831,0.0
EMP01932,Tarun Behera,30,7,Customer Support,38467,257,2308,1001,1698,33203,7841,5789,4881,1681,2169,22361,677,350,Low,0.6734632412733789,0.020389723820136735,0.010541216155166701,0.14700478872391048
EMP01933,Jyoti Simran Bose,41,18,Sales,75089,2509,4505,1485,1632,64958,0,10296,22627,8605,6219,47747,3062,2093,Low,0.7350441823947782,0.04713815080513563,0.03222081960651498,0.34833276886603654
EMP01934,Mansi Solanki,27,4,IT,88781,3878,5327,2120,1173,76283,15127,10069,3329,3047,2509,34081,24578,2751,High,0.4467705779793663,0.3221949844657394,0.03606308089613675,0.043640129517716925
EMP01935,Rashmi Pandey,43,19,HR,58850,1276,3531,933,1311,51799,0,7376,14245,7965,3228,32814,3077,3101,Low,0.6334871329562347,0.05940269117164424,0.05986602057954787,0.2750053089827989
EMP01936,Riya Divya Shetty,23,2,Sales,45294,598,2718,754,1432,39792,11416,4531,0,3066,3059,22072,1226,251,Low,0.5546843586650583,0.030810213108162444,0.006307800562927222,0.0
EMP01937,Pallavi Thomas,47,28,Data Science,166770,16692,10006,2571,1916,135585,0,19853,37352,7477,7450,72132,24510,9496,Medium,0.5320057528487665,0.18077220931518972,0.07003724600803923,0.27548770144189993
EMP01938,Aditi Das,30,4,Marketing,53186,993,3191,906,1556,46540,10720,7853,0,1958,3458,23989,1465,303,Medium,0.5154490760636012,0.03147829823807478,0.006510528577567684,0.0
EMP01939,Aman Megha Tiwari,30,2,Sales,46557,661,2793,1058,1472,40573,0,5157,8427,3714,2556,19854,3269,1790,Low,0.4893402016119094,0.08057082296108249,0.04411800951371602,0.20769970177211447
EMP01940,Atharv Khandelwal,49,24,HR,68285,1828,4097,1392,1078,59890,0,8956,14110,6576,3975,33617,9769,3174,Low,0.5613124060778093,0.16311571213892134,0.05299716146268158,0.23559859742861913
EMP01941,Avantika Dubey,48,28,IT,150000,13333,9000,3924,1487,122256,31168,19093,5304,9651,6979,72195,24754,4009,Medium,0.5905231645072635,0.20247677005627535,0.032791846616934954,0.04338437377306635
EMP01942,Parth Vivek Daga,33,10,IT,100081,5012,6005,2329,1677,85058,18578,14207,6350,4804,4175,48114,13283,5485,Medium,0.5656610783230266,0.15616402925062897,0.06448540995555974,0.07465494133414846
EMP01943,Megha Somani,25,1,Marketing,53775,1022,3226,788,1575,47164,10582,4363,0,3863,1177,19985,15221,2045,Medium,0.42373420405393947,0.3227249597150369,0.0433593418709185,0.0
EMP01944,Sonali Pooja Pawar,38,10,Finance,94012,4401,5641,2025,1999,79946,0,12017,27558,4072,3036,46683,7017,14377,Medium,0.5839316538663598,0.08777174592850173,0.17983388787431517,0.34470767768243565
EMP01945,Tarun Jyoti Kumawat,38,8,HR,48760,771,2926,1057,1605,42401,0,6025,10165,6474,3505,26169,1679,2368,Low,0.6171788401216952,0.03959812268578571,0.05584773944010755,0.23973491191245488
EMP01946,Vivek Bohra,44,27,Sales,83693,3369,5022,1437,1916,71949,21817,12883,0,10542,6418,51660,2802,1778,Low,0.7180085894175041,0.03894425217862653,0.02471194874146965,0.0
EMP01947,Namrata Rohit Trivedi,59,27,Operations,95000,4500,5700,2178,2143,80479,13707,9171,0,2945,3238,29061,27860,3972,Medium,0.3611004112874166,0.3461772636339915,0.04935448999117782,0.0
EMP01948,Vaishnavi Gill,31,5,Operations,58055,1236,3483,1180,1572,50584,0,5624,0,4763,2302,12689,18858,3292,Medium,0.250850071168749,0.3728056302388107,0.06507986715166851,0.0
EMP01949,Dev Ishita Trivedi,37,17,Sales,71164,2116,4270,2194,2175,60409,21939,10556,0,10107,5412,48014,2136,1771,Low,0.7948153420847887,0.03535896968994686,0.02931682365210482,0.0
EMP01950,Vaishnavi Kapoor,50,23,Data Science,159953,15324,9597,3492,1794,129746,0,18527,42524,6415,5813,73279,26086,6503,Low,0.564788124489387,0.2010543677647095,0.05012100565720716,0.32774806159727465
EMP01951,Priya Kulkarni,22,1,Customer Support,38264,247,2296,928,1973,32820,9161,3574,2595,3779,1458,20567,5024,1731,Medium,0.6266605728214504,0.1530773918342474,0.05274223034734918,0.07906764168190128
EMP01952,Shruti Parmar,40,11,Sales,64286,1548,3857,1691,1293,55897,0,10189,7142,4111,3406,24848,11243,4043,Medium,0.4445319069001914,0.2011378070379448,0.07232946311966652,0.12777072114782548
EMP01953,Krishna Srivastava,22,0,IT,80000,3000,4800,1825,1792,68583,15162,7808,0,6100,3152,32222,9909,15824,Medium,0.46982488371753933,0.14448186868465945,0.23072773136199934,0.0
EMP01954,Parth Rupal Gill,44,17,HR,63106,1489,3786,1453,775,55603,0,6910,13133,11944,5562,37549,1966,3145,Low,0.6753052892829523,0.0353578044350125,0.05656169631135011,0.23619229178281748
EMP01955,Kunal Bhardwaj,40,9,Operations,61971,1432,3718,1763,1412,53646,10952,6581,0,2704,2742,22979,10667,9897,High,0.4283450769861686,0.19884054729150355,0.18448719382619394,0.0
EMP01956,Komal Solanki,47,15,HR,59083,1287,3545,1153,1148,51950,14659,7266,0,1758,3730,27413,2041,810,Medium,0.5276804619826756,0.03928777670837343,0.015591915303176131,0.0
EMP01957,Krishna Ahuja,28,7,IT,97242,4724,5835,1853,1941,82889,14875,7304,0,5084,2776,30039,34122,3995,High,0.36240031849823257,0.41165896560460374,0.04819698633111752,0.0
EMP01958,Aditya Mohanty,53,24,Operations,95000,4500,5700,2058,2020,80722,0,10003,14591,2291,2054,28939,28631,3964,Medium,0.3585020192760338,0.3546864547459181,0.049106811030450184,0.1807561755159684
EMP01959,Mohit Agarwal,38,17,Operations,80427,3043,4826,1224,1838,69496,20827,11620,4557,3578,3576,44158,353,101,Low,0.6354034764590768,0.0050794290318867275,0.001453321054449177,0.06557211925866237
EMP01960,Avantika Kohli,34,5,Data Science,99127,4913,5948,1597,1712,84957,0,13460,28771,4065,3511,49807,22058,2665,Medium,0.5862612851207081,0.25963722824487684,0.031368810103934934,0.3386536718575279
EMP01961,Rohan Reddy,54,35,Operations,95000,4500,5700,1509,996,82295,0,13020,16681,4348,4260,38309,16093,5759,Medium,0.4655082325779209,0.19555258521173827,0.06997995017923325,0.20269761224861776
EMP01962,Prateek Ashish Sandhu,51,35,Customer Support,60000,1333,3600,1695,1168,52204,12921,8473,0,2543,3744,27681,247,574,Medium,0.5302467243889357,0.004731438203969045,0.010995326028656808,0.0
EMP01963,Ravi Shinde,37,13,Operations,74402,2440,4464,1677,1546,64275,21919,10726,8243,10381,5649,56918,1368,652,Low,0.8855387008945935,0.021283547257876314,0.010143912874367951,0.12824581874756905
EMP01964,Rashmi Rajput,36,10,Product Management,155960,14525,9358,2404,1465,128208,0,23416,44777,14640,11461,94294,5324,4767,Low,0.7354767253213528,0.04152626981155622,0.037181767128416324,0.3492527767378011
EMP01965,Rashmi Mittal,36,10,Data Science,119654,7948,7179,3669,1270,99588,0,15080,28574,4772,5508,53934,12590,15151,Medium,0.5415712736474274,0.12642085391814276,0.15213680363095955,0.286922119130819
EMP01966,Kavya Ahuja,59,22,HR,66553,1661,3993,1912,1996,56991,12167,7296,5037,1840,1439,27779,15775,3112,High,0.4874278394834272,0.27679809092663754,0.05460511308803145,0.08838237616465758
EMP01967,Tushar Nisha Bose,35,11,Data Science,125027,8754,7502,3488,1779,103504,23344,10985,13836,9734,4493,62392,18196,4093,Medium,0.6027979594991498,0.17579996908332046,0.039544365435152266,0.1336759931983305
EMP01968,Shubham Khurana,34,7,Finance,87203,3720,5232,1936,2369,73946,0,9247,17691,7168,3340,37446,13541,4538,Medium,0.5063965596516377,0.18312011467827874,0.061369107186325156,0.23924214967679117
EMP01969,Varun Nagpal,35,8,IT,97896,4790,5874,2133,1863,83236,23750,11060,14877,7911,5241,62839,9739,1736,Low,0.7549497813446105,0.11700466144456725,0.02085636022874718,0.17873275986352058
EMP01970,Nikhil Jadhav,55,32,Customer Support,60000,1333,3600,1273,1395,52399,0,7562,15771,3771,2022,29126,8226,3469,Medium,0.5558503024866887,0.15698772877344988,0.06620355350292945,0.3009790263172961
EMP01971,Garima Bose,50,19,Marketing,82610,3261,4957,1519,2168,70705,16157,9266,0,3726,3299,32448,15032,3894,Medium,0.4589208683968602,0.21260165476274662,0.0550738985927445,0.0
EMP01972,Vidhi Chatterjee,38,13,IT,108354,6253,6501,3558,1390,90652,27145,15159,13097,12872,5663,73936,3312,1733,Low,0.8156025239376958,0.03653532189030578,0.01911706305431761,0.14447557693156246
EMP01973,Payal Tayal,51,29,Sales,85000,3500,5100,1718,1780,72902,0,12684,19007,4107,4047,39845,13999,3059,Medium,0.546555650050753,0.19202491015335657,0.04196044004279718,0.2607198705110971
EMP01974,Muskan Sharma,43,18,Operations,79765,2976,4786,1488,2154,68361,4338,9340,0,2628,2330,18636,26453,4808,High,0.27261157677623205,0.38696040139845816,0.07033249952458273,0.0
EMP01975,Amit Sahu,24,3,Cyber Security,104993,5749,6300,3733,1083,88128,22887,10675,0,9263,4737,47562,19850,3600,Medium,0.539692265795207,0.22524055918663763,0.04084967320261438,0.0
EMP01976,Vivaan Ishita Roy,33,11,IT,110451,6568,6627,3979,2059,91218,28321,9708,24356,16357,7344,86086,998,738,Low,0.9437391742857769,0.01094082308316341,0.008090508452279155,0.2670087044223728
EMP01977,Rajat Verma,31,5,Customer Support,39689,318,2381,732,2446,33812,8735,6261,0,1880,1693,18569,6132,2258,Medium,0.5491837217555897,0.1813557316928901,0.06678102448834733,0.0
EMP01978,Nikita Jindal,57,23,HR,65389,1603,3923,1834,1655,56374,0,7377,12425,2076,2275,24153,18627,2800,Medium,0.4284421896619009,0.330418277929542,0.04966828679887891,0.22040302267002518
EMP01979,Tarun Soni,56,37,Sales,85000,3500,5100,1824,1280,73296,0,12978,0,2868,3669,19515,3522,1627,Medium,0.2662491814014407,0.04805173542894565,0.022197664265444225,0.0
EMP01980,Arjun Kohli,49,16,Sales,74496,2450,4470,1574,1021,64981,0,8640,0,5056,4928,18624,4334,625,Medium,0.2866068543112602,0.06669641895323249,0.009618196088087286,0.0
EMP01981,Shruti Lakhotia,49,22,Sales,77330,2733,4640,1810,1455,66692,13703,10882,0,3922,2741,31248,13892,4921,Medium,0.4685419540574582,0.20830084567864213,0.07378696095483717,0.0
EMP01982,Atharv Pradhan,39,17,Data Science,141412,11616,8485,3797,1776,115738,0,14727,21931,4523,2390,43571,42677,4484,Medium,0.3764623546285576,0.3687380117161174,0.03874267742660146,0.18948832708358535
EMP01983,Rakesh Lakhotia,58,37,Cyber Security,180000,20000,10800,3604,1416,144180,0,20441,43164,7929,6005,77539,19324,19052,Medium,0.537793036482175,0.134026910805937,0.13214038008045498,0.29937578027465667
EMP01984,Vivek Bhardwaj,57,25,IT,137801,10894,8268,2800,2053,113786,0,11344,37819,9201,3767,62131,15711,19993,Medium,0.546033782714921,0.13807498286256656,0.17570702898423357,0.3323695357952648
EMP01985,Neha Narang,25,2,Operations,51127,890,3068,972,1684,44513,10589,4399,6541,3977,2771,28277,5913,2358,Medium,0.6352526228292859,0.13283759800507716,0.05297328870217689,0.14694583604789613
EMP01986,Anjali Mittal,48,18,Cyber Security,156404,14614,9384,2229,1429,128748,33740,19726,0,7128,8622,69216,28213,7807,Medium,0.5376083511976885,0.21913350110292976,0.060637835150837295,0.0
EMP01987,Priya Gill,33,12,Finance,94644,4464,5679,1721,1759,81021,6468,11462,0,4659,3874,26463,16295,17677,High,0.3266190246973007,0.20112069710322014,0.21817800323372952,0.0
EMP01988,Mohit Nagpal,36,8,IT,98223,4822,5893,1548,1649,84311,20418,13636,4448,4167,2877,45546,11818,12783,Medium,0.5402142069243634,0.140171507869673,0.15161722669639785,0.0527570542396603
EMP01989,Vivek Srivastava,43,25,Marketing,90000,4000,5400,1864,1757,76979,24096,13564,0,9911,6399,53970,2865,3172,Low,0.7011003000818405,0.03721794255576196,0.04120604320658881,0.0
EMP01990,Ishaan Soni,37,18,IT,125287,8793,7517,3672,1749,103556,0,11396,7342,6281,4595,29614,45038,7145,Medium,0.28597087566147783,0.4349144424272857,0.06899648499362664,0.07089883734404573
EMP01991,Siddharth Saurabh Deshmukh,59,38,Finance,130000,9500,7800,3374,2095,107231,23581,15242,14823,6334,4384,64364,11087,17398,Medium,0.6002368718001324,0.10339360819166099,0.16224785742928818,0.13823427926625695
EMP01992,Namrata Arora,52,36,Finance,130000,9500,7800,2587,1504,108609,30626,14562,5003,11582,5104,66877,17235,4582,Medium,0.6157592833006473,0.15868850647736377,0.04218803229934904,0.046064322477879366
EMP01993,Shruti Mukherjee,53,31,IT,150000,13333,9000,3472,1967,122228,0,19008,23881,2747,4641,50277,42466,5041,Medium,0.4113378276663285,0.3474326668193867,0.041242595804561966,0.19538076381843766
EMP01994,Ravi Reddy,37,13,Sales,63206,1494,3792,1535,1399,54986,13874,9249,0,3145,2587,28855,10648,2600,Medium,0.5247699414396392,0.19364929254719382,0.04728476339431855,0.0
EMP01995,Ashish Reddy,51,30,Operations,95000,4500,5700,1726,1641,81433,18018,13193,28369,1665,5880,67125,4,452,Low,0.8242972750604791,4.912013557157418e-05,0.005550575319587882,0.34837228150749694
EMP01996,Rishabh Tayal,40,12,Data Science,122060,8309,7324,2626,1727,102074,22127,16395,3935,2549,3202,48208,34712,3042,High,0.4722848129788193,0.3400670102082803,0.029801908419382017,0.038550463389305796
EMP01997,Amit Manish Pillai,36,13,Operations,75793,2579,4548,1574,1394,65698,0,8890,14571,3439,3121,30021,11830,10762,Medium,0.45695454960577186,0.18006636427288503,0.16381016164875642,0.22178757344211392
EMP01998,Shubham Singh,45,27,Operations,95000,4500,5700,1431,929,82440,18482,12639,7020,4949,4781,47871,14271,4658,Medium,0.5806768558951965,0.17310771470160116,0.05650169820475497,0.0851528384279476
EMP01999,Rohit Parmar,36,11,Finance,94526,4453,5672,1264,2086,81051,20158,12456,0,4108,4032,40754,16277,5312,Medium,0.5028192125945392,0.20082417243463993,0.06553898162885097,0.0
EMP02000,Jyoti Malhotra,34,5,HR,47221,694,2833,1044,1374,41276,10199,5343,0,2856,1915,20313,8353,2642,Medium,0.492126175016959,0.2023694156410505,0.06400814032367477,0.0
EMP02001,Anurag Swain,24,3,Finance,81645,3164,4899,1929,1164,70489,0,7387,0,6193,4205,17785,24981,6522,High,0.25230887088765624,0.3543957213182199,0.09252507483437132,0.0
EMP02002,Nitin Preeti Swain,37,14,Marketing,73736,2374,4424,2065,930,63943,3844,8670,0,4485,4098,21097,15771,4067,Medium,0.32993447288991756,0.24664154012167086,0.06360352188668032,0.0
EMP02003,Ashish Saurabh Goel,30,7,Cyber Security,118476,7771,7109,2549,914,100133,0,12872,12492,15972,6099,47435,10481,4902,Medium,0.4737199524632239,0.10467078785215664,0.048954889996304915,0.12475407707748694
EMP02004,Sonali Rathore,59,37,Sales,85000,3500,5100,1530,1530,73340,0,13119,16627,5378,4776,39900,13138,4872,Medium,0.5440414507772021,0.17913826015816744,0.0664303245159531,0.22671120807199346
EMP02005,Aakash Chaudhary,56,36,HR,70000,2000,4200,1765,1648,60387,15910,6896,0,7036,4042,33884,10605,3132,Medium,0.5611141470846375,0.17561726861741767,0.05186546773312137,0.0
EMP02006,Simran Yadav,53,28,HR,70000,2000,4200,1758,2054,59988,0,8540,0,6320,3998,18858,5138,4175,Medium,0.3143628725745149,0.08565046342601854,0.06959725278389012,0.0
EMP02007,Deepak Srivastava,33,7,Customer Support,41815,424,2509,956,1607,36319,7616,4186,0,2495,1699,15996,2005,780,Medium,0.4404306285966023,0.055205264462127264,0.021476362234643023,0.0
EMP02008,Ravi Nagpal,39,12,IT,104809,5721,6289,2715,1998,88086,17515,9812,0,6428,2760,36515,28669,5517,Medium,0.4145380650727698,0.3254660218422905,0.0626319732988216,0.0
EMP02009,Anjali Manish Somani,34,8,Sales,61403,1403,3684,2038,1558,52720,14323,7673,0,4169,2178,28343,9418,2292,Medium,0.537613808801214,0.17864188163884673,0.04347496206373293,0.0
EMP02010,Pankaj Joshi,57,37,Finance,130000,9500,7800,3856,1573,107271,20233,13789,0,2140,3203,39365,45000,4588,Medium,0.36696777320990764,0.41949828005705175,0.04277018019781675,0.0
EMP02011,Lokesh Menon,41,21,Marketing,86247,3625,5175,1960,1517,73970,0,11158,23011,4848,4328,43345,11359,4517,Medium,0.5859808030282547,0.15356225496823037,0.061065296741922404,0.3110855752332026
EMP02012,Bhavna Tayal,33,10,Operations,72524,2252,4351,1923,1013,62985,16209,6569,5490,5684,3204,37156,10671,3251,Medium,0.5899182345002778,0.1694212907835199,0.05161546399936493,0.08716361038342463
EMP02013,Jyoti Arora,23,2,Customer Support,35000,83,2100,827,1465,30525,0,4468,3755,4870,2860,15953,1949,2497,Medium,0.5226208026208026,0.06384930384930385,0.0818018018018018,0.12301392301392301
EMP02014,Rupal Bagri,36,12,Operations,72743,2274,4365,1689,1117,63298,0,9612,20468,3646,2774,36500,13039,2916,Low,0.5766374924958134,0.20599387026446334,0.04606780624980252,0.3233593478466934
EMP02015,Ishaan Shukla,45,18,Marketing,79790,2979,4787,1482,1703,68839,23171,10752,3489,12404,4915,54731,2398,1943,Low,0.7950580339633057,0.03483490463254841,0.028225279274829675,0.05068347884193553
EMP02016,Akash Chopra,24,0,Marketing,51072,887,3064,968,1759,44394,0,5297,6732,7451,2495,21975,3103,2066,Medium,0.49499932423300447,0.06989683290534757,0.04653782042618372,0.15164211379916204
EMP02017,Rupal Saxena,25,0,HR,40331,350,2420,1169,1042,35350,0,4305,0,3186,1628,9119,10985,3310,High,0.257963224893918,0.31074964639321073,0.09363507779349363,0.0
EMP02018,Shivam Verma,26,2,Operations,54150,1041,3249,962,1762,47136,0,8036,5031,5649,3222,21938,6062,2549,Medium,0.4654192124915139,0.12860658520027154,0.054077562797012896,0.1067337067209776
EMP02019,Divya Malhotra,23,2,IT,87393,3739,5244,1359,1279,75772,15743,8992,11555,7382,3340,47012,13308,3270,Medium,0.6204402681729398,0.17563215963680515,0.043155783138890354,0.15249696457794437
EMP02020,Hemant Verma,28,7,Operations,66528,1660,3992,1391,1958,57527,15776,7975,17399,2272,3344,46766,1064,156,Low,0.812940010777548,0.018495662906113652,0.0027117701253324524,0.30244928468371374
EMP02021,Kavya Das,33,9,Customer Support,47275,697,2836,919,1660,41163,0,3994,0,3269,1855,9118,9173,12727,High,0.22150960814323542,0.22284575954133568,0.3091854335203945,0.0
EMP02022,Sonia Palak Joshi,28,7,Operations,64433,1555,3866,1317,1141,56554,5373,8504,0,2839,2539,19255,21152,3377,Medium,0.3404710542136719,0.3740142165010433,0.05971284082469852,0.0
EMP02023,Rohit Purohit,38,17,IT,119733,7960,7184,3881,1527,99181,32912,16473,0,16690,9560,75635,4293,3617,Low,0.7625956584426453,0.04328450005545417,0.03646867847672437,0.0
EMP02024,Sneha Yadav,32,7,Marketing,60465,1357,3628,1704,2153,51623,11768,5678,0,4128,1962,23536,12399,2703,Medium,0.4559208104914476,0.24018363907560583,0.0523603820002712,0.0
EMP02025,Deepak Saxena,44,16,Marketing,74001,2400,4440,1665,1098,64398,0,10895,13387,6707,5855,36844,6546,3339,Low,0.5721295692412808,0.10164911953787385,0.051849436317898075,0.20787912668095282
EMP02026,Lakshay Joshi,30,5,Sales,53758,1021,3225,1186,1342,46984,4564,7397,0,2484,2674,17119,14691,3001,Medium,0.3643580793461604,0.31268091265111525,0.06387280776434531,0.0
EMP02027,Aditya Bose,52,28,Marketing,90000,4000,5400,1423,2024,77153,17448,12867,2391,3339,3347,39392,21446,3951,Medium,0.5105699065493241,0.27796715617020723,0.05120993350874237,0.030990369784713492
EMP02028,Nandini Shukla,35,5,HR,48719,769,2923,1089,1595,42343,3041,5659,4607,1932,1554,16793,5919,8111,Medium,0.39659447842618617,0.13978697777672816,0.19155468436341308,0.10880192711900433
EMP02029,Varun Behera,25,2,IT,90843,4084,5451,2191,1663,77454,0,9706,5721,6163,3913,25503,20236,4803,High,0.32926640328453016,0.2612647506907326,0.062011000077465336,0.07386319621969169
EMP02030,Prachi Karan Wadhwa,50,22,Cyber Security,170380,17595,10223,3098,1007,138457,14926,17675,0,5576,3065,41242,64522,6063,High,0.29786865236138294,0.4660074969123988,0.043789768664639565,0.0
EMP02031,Vihaan Suri,30,3,Sales,51634,915,3098,718,2359,44544,0,7642,0,2818,2240,12700,12117,4527,High,0.28511135057471265,0.2720231681034483,0.10162984913793104,0.0
EMP02032,Sakshi Daga,37,12,Sales,68054,1805,4083,1201,1267,59698,18339,10062,0,6803,4356,39560,2447,3300,Low,0.6626687661228182,0.04098964789440182,0.055278233776675935,0.0
EMP02033,Mayank Kulkarni,54,26,Operations,95000,4500,5700,1901,2107,80792,0,11502,0,2740,3162,17404,38016,4811,Medium,0.2154173680562432,0.4705416377859194,0.05954797504703436,0.0
EMP02034,Simran Daga,25,2,Data Science,98243,4824,5895,1934,1149,84441,0,10620,0,4560,4576,19756,4193,2593,Medium,0.23396217477291836,0.04965597280941723,0.03070783150365344,0.0
EMP02035,Aditya Shukla,24,1,Marketing,51055,886,3063,882,2335,43889,0,5143,0,8552,4014,17709,5071,4006,Medium,0.40349518102485815,0.1155414796418237,0.09127571828932078,0.0
EMP02036,Muskan Jain,50,19,Finance,109612,6442,6577,2802,1949,91842,22817,12927,0,5487,4074,45305,21671,5336,Medium,0.49329282898891574,0.23595958276169943,0.058099780057054504,0.0
EMP02037,Deepak Ahuja,25,2,HR,41791,423,2507,1085,1845,35931,8048,4061,0,3618,2046,17773,8524,1596,Medium,0.4946425092538477,0.23723247335170186,0.04441846873173583,0.0
EMP02038,Ankit Nair,27,4,IT,89641,3964,5378,1952,1706,76641,0,8511,0,7052,4556,20119,25766,5011,High,0.26250962278675904,0.3361908117065278,0.06538275857569709,0.0
EMP02039,Kavya Malhotra,45,28,HR,70000,2000,4200,1456,1595,60749,0,9371,16377,4436,3588,33772,10968,3920,Low,0.5559268465324532,0.18054618183015358,0.0645278111573853,0.26958468452155593
EMP02040,Dev Sahu,55,25,Product Management,215926,29778,12956,3439,1848,167905,18571,27846,0,9174,7334,62925,50790,12452,High,0.37476549239153095,0.302492480867157,0.07416098388969954,0.0
EMP02041,Dev Sabharwal,28,6,IT,95444,4544,5727,2166,1384,81623,0,13768,0,9425,5612,28805,6703,7046,Medium,0.35290298077747695,0.08212146086274702,0.0863237077784448,0.0
EMP02042,Rahul D'Souza,38,13,Cyber Security,141996,11733,8520,3266,1816,116661,0,15652,0,5281,6261,27194,18508,31222,High,0.23310275070503425,0.15864770574570766,0.2676301420354703,0.0
EMP02043,Rashmi Suri,44,28,Marketing,90000,4000,5400,1657,1682,77261,0,12928,0,12246,7764,32938,6984,3957,Medium,0.426321171095378,0.09039489522527537,0.051216008076519846,0.0
EMP02044,Sai Maheshwari,35,8,Product Management,143647,12063,8619,2373,1718,118874,26163,12974,0,12136,7096,58369,29896,5401,High,0.491015697292932,0.25149317765028517,0.0454346619109309,0.0
EMP02045,Nitin Kapoor,37,14,Cyber Security,135757,10485,8145,3595,2008,111524,36819,17153,0,19318,10040,83330,4116,4570,Low,0.7471934292170295,0.03690685413005272,0.04097772676733259,0.0
EMP02046,Bhavna D'Souza,59,26,Finance,130000,9500,7800,2875,1550,108275,0,15233,24288,4821,4263,48605,20861,21437,Medium,0.44890325559916877,0.1926668205957054,0.19798660817363195,0.22431770953590394
EMP02047,Rajat Naidu,40,13,IT,114799,7220,6888,3288,1870,95533,0,14480,32025,5775,4792,57072,14493,4482,Low,0.5974061319125329,0.15170674007934432,0.04691572545612511,0.3352244774057132
EMP02048,Ravi Mohanty,38,8,Data Science,115805,7371,6948,2705,1877,96904,0,14653,18251,3474,3082,39460,32533,5942,Medium,0.407207132832494,0.3357240155205152,0.06131841822834971,0.18834103855362008
EMP02049,Garima Wadhwa,53,34,Finance,130000,9500,7800,3949,1238,107513,11952,14350,0,3194,3084,32580,45562,7063,High,0.30303312157599543,0.4237813101671426,0.06569438114460577,0.0
EMP02050,Rohit Narang,50,16,Operations,79312,2931,4759,1996,901,68725,17953,11056,5061,3775,3304,41149,10296,4142,Medium,0.5987486358675882,0.1498144779919971,0.06026918879592579,0.07364132411786103
EMP02051,Vikram Wadhwa,38,16,Marketing,80149,3015,4809,1941,1435,68949,0,11179,18127,9272,6863,45441,2716,2809,Low,0.6590523430361571,0.03939143424850251,0.04074025729162134,0.26290446561951586
EMP02052,Dhruv Iyer,56,24,Finance,119149,7872,7149,3716,1732,98680,8355,12157,5079,2626,2209,30426,43558,3994,Medium,0.3083299554114309,0.44140656668017836,0.040474260235103365,0.05146939602756384
EMP02053,Sonali Iyer,49,21,Operations,88662,3866,5320,1876,2152,75448,0,12642,0,4244,3585,20471,21815,6863,High,0.271325946347153,0.28913953981550206,0.09096331248011875,0.0
EMP02054,Kavya Shinde,38,15,Finance,108749,6312,6525,2409,1214,92289,0,13334,22426,10419,8997,55176,9259,4450,Low,0.5978610668660403,0.1003261493785825,0.04821809749807669,0.24299754033525123
EMP02055,Rajat Bajaj,25,0,Operations,50000,833,3000,822,1453,43892,0,4848,7355,8003,3148,23354,2611,1911,Medium,0.5320787387223184,0.05948692244600383,0.04353868586530575,0.16757040007290622
EMP02056,Muskan Sharma,27,5,IT,88853,3885,5331,1683,1556,76398,0,9484,16918,4567,2615,33584,23941,3489,Medium,0.439592659493704,0.31337207780308385,0.04566873478363308,0.22144558758082672
EMP02057,Gaurav Rajput,22,1,Customer Support,39790,323,2387,1194,801,35085,0,3892,0,1792,2174,7858,1820,455,Medium,0.22397035770272197,0.051874020236568334,0.012968505059142084,0.0
EMP02058,Amit Wadhwa,50,22,IT,128786,9318,7727,3291,1757,106693,0,15957,25932,6523,5687,54099,16716,20628,Medium,0.5070529463038812,0.15667382115040349,0.19333976924446777,0.24305249641494756
EMP02059,Prateek Pawar,54,38,Marketing,90000,4000,5400,2072,1817,76711,0,10375,0,1829,1698,13902,36586,5109,High,0.18122563908696276,0.4769329040163731,0.06660061790356012,0.0
EMP02060,Charu Gupta,23,3,Operations,59191,1293,3551,850,902,52595,0,4434,0,3453,1077,8964,27069,3285,High,0.17043445194410115,0.5146686947428463,0.06245840859397281,0.0
EMP02061,Jyoti Trivedi,32,5,Sales,49034,785,2942,748,1120,43439,10819,7292,0,3159,1759,23029,9864,2406,Medium,0.5301457215865927,0.22707705057667074,0.05538801537788623,0.0
EMP02062,Vikram George,45,24,Finance,119203,7880,7152,3740,1879,98552,0,13063,0,3211,5333,21607,42629,6589,Medium,0.21924466271612955,0.43255337283870443,0.06685810536569527,0.0
EMP02063,Sonia Rishabh Srivastava,23,0,Operations,50000,833,3000,913,1793,43461,0,5463,5973,7191,3587,22214,4186,1928,Medium,0.511124916591887,0.09631623754630589,0.04436161155978924,0.13743356112376615
EMP02064,Nandini Sai Lakhotia,60,25,Sales,82145,3214,4929,1267,1712,71023,5384,12363,0,8825,5759,32331,9099,5889,Medium,0.4552187319600693,0.12811342804443632,0.08291680159948185,0.0
EMP02065,Vivaan Reddy,26,5,Operations,60478,1357,3629,1421,1228,52843,13914,5543,3191,4432,2147,29227,11278,2362,Medium,0.5530912325189713,0.21342467308820467,0.04469844634104801,0.06038642771984937
EMP02066,Sanya Agarwal,43,18,Operations,79573,2957,4774,2188,1540,68114,0,12108,23480,1498,5254,42340,2563,575,Low,0.6216049563966292,0.03762809407757583,0.00844173004081393,0.34471621105793226
EMP02067,Rupal Khanna,38,14,Cyber Security,144328,12199,8660,3599,1528,118342,32968,20167,0,10032,6212,69379,17729,6685,Medium,0.5862584712105592,0.14981156309678728,0.056488820537087425,0.0
EMP02068,Aisha Mundra,28,7,IT,93590,4359,5615,2033,2216,79367,19961,12125,0,7832,4799,44717,17201,3543,Medium,0.5634205652223216,0.2167273551980042,0.04464071969458339,0.0
EMP02069,Rajat Sahu,24,2,Marketing,51147,891,3069,1105,1426,44656,0,7308,0,3130,2961,13399,13492,3005,High,0.3000492654962379,0.30213185238265855,0.06729218917950555,0.0
EMP02070,Shivam Roy,35,6,IT,96403,4640,5784,1904,1747,82328,20663,10790,2562,7983,4959,46957,13004,3967,Medium,0.5703648819356719,0.15795355164707026,0.04818530755028666,0.031119424740064135
EMP02071,Kavya Kulkarni,42,15,Marketing,78265,2826,4696,1276,874,68593,0,9642,0,2843,2783,15268,33936,4199,Medium,0.22258831076057323,0.4947443616695581,0.06121615908328838,0.0
EMP02072,Abhishek Arora,59,31,Marketing,90000,4000,5400,1594,1578,77428,0,12864,24198,12847,5889,55798,2362,3683,Low,0.7206436947874154,0.030505760190112103,0.047566771710492325,0.31252260164281653
EMP02073,Karan Mayank Khanna,25,1,Sales,45306,599,2718,756,1335,39898,10627,5397,0,3491,2504,22019,8439,1540,Medium,0.5518822998646549,0.21151436162213644,0.03859842598626498,0.0
EMP02074,Rupal Ishaan Bohra,58,31,Sales,85000,3500,5100,1412,974,74014,0,13391,19170,2221,3964,38746,2564,1306,Low,0.5234955548950199,0.034642094738833194,0.017645310346691166,0.25900505309806254
EMP02075,Amit Bajaj,34,11,Sales,59624,1315,3577,789,1314,52629,14315,5778,0,3448,3412,26953,35,936,Medium,0.5121320944726292,0.0006650325865967433,0.017784871458701477,0.0
EMP02076,Sai Pawar,39,10,Sales,60087,1338,3605,2175,1445,51524,15164,7416,3962,1919,3923,32384,1748,645,Medium,0.6285226302305722,0.03392593742721838,0.012518438009471314,0.07689620371089201
EMP02077,Monika Mehta,58,38,Marketing,90000,4000,5400,1519,1838,77243,16988,11860,7545,4312,4148,44853,15836,3592,Medium,0.5806739769299484,0.20501534119596598,0.04650259570446513,0.09767875406185673
EMP02078,Nandini Kapoor,32,5,Operations,57169,1192,3430,896,1313,50338,10196,5362,0,2791,1399,19748,21161,2228,Medium,0.39230799793396637,0.42037824307680083,0.044260797012197546,0.0
EMP02079,Krishna Ayush Chaudhary,30,7,Finance,81062,3106,4864,1424,851,70817,0,8112,3771,4860,5069,21812,3317,2203,Medium,0.30800514000875495,0.04683903582473135,0.031108349690046177,0.05324992586525834
EMP02080,Riya Payal Pillai,30,7,IT,91296,4130,5478,1958,1999,77731,18807,12445,0,2414,3174,36840,24011,3848,High,0.4739421852285446,0.3088986376091907,0.04950405886969163,0.0
EMP02081,Vivaan Naidu,26,2,Data Science,100811,5122,6049,3475,1368,84797,21505,15274,0,6642,5023,48444,14265,4007,Medium,0.5712937957710769,0.16822529098906802,0.04725403021333302,0.0
EMP02082,Sai Yadav,33,7,IT,101272,5191,6076,3868,1596,84541,0,12767,0,6626,3970,23363,26477,8010,High,0.2763511195751174,0.3131853183662365,0.09474692752628902,0.0
EMP02083,Ishaan Pawar,36,11,IT,112155,6823,6729,3560,1627,93416,5403,14895,0,5349,5305,30952,19912,18023,High,0.3313351031943136,0.2131540635437184,0.1929326881904599,0.0
EMP02084,Manish Komal Mathew,30,3,Sales,50372,852,3022,905,1521,44072,11244,6072,7845,3285,3206,31652,1057,253,Low,0.7181884189508078,0.02398348157560356,0.005740606280631694,0.1780041749863859
EMP02085,Sakshi Kohli,39,15,Sales,66320,1649,3979,1565,1299,57828,18858,8792,8867,9656,5290,51463,1212,603,Low,0.8899322127689009,0.020958705125544718,0.010427474579788338,0.15333402503977311
EMP02086,Yuvraj Patel,60,28,Finance,130000,9500,7800,3809,1449,107442,24235,16057,0,3119,3603,47014,33697,5126,High,0.43757562219616164,0.3136296792688148,0.047709461849183746,0.0
EMP02087,Harsh Menon,55,31,Finance,130000,9500,7800,3515,2033,107152,0,16126,34215,7767,5090,63198,20444,5015,Low,0.5897976705987755,0.19079438554576675,0.04680267283858444,0.31931275197849784
EMP02088,Palak Kartik Bhatia,51,22,Marketing,88170,3817,5290,1846,1808,75409,4319,8806,2831,5928,2829,24713,26448,4082,High,0.32771950297709823,0.3507273667599358,0.05413146971846862,0.0375419379649644
EMP02089,Mansi Malhotra,57,33,Finance,130000,9500,7800,3814,1681,107205,0,10372,36120,9039,6317,61848,14237,17109,Medium,0.5769133902336645,0.13280164171447228,0.1595914369665594,0.33692458374143
EMP02090,Arjun Rishabh Shukla,54,26,Operations,93092,4309,5586,1499,2186,79512,19671,12856,3493,2806,1775,40601,22656,3983,High,0.5106273266928263,0.28493812254754,0.050093067713049604,0.04393047590300835
EMP02091,Krishna Pradhan,50,17,Finance,101717,5258,6103,3704,1866,84786,0,10710,25759,3273,4508,44250,10468,15806,Medium,0.5219022008350436,0.12346377939754205,0.18642228669827565,0.3038119500860991
EMP02092,Tarun Bagri,43,23,Sales,78537,2854,4712,1794,1346,67831,17285,8715,8762,4482,2796,42040,8824,8185,Medium,0.6197756188173549,0.13008801285547905,0.12066754138963011,0.12917397650042017
EMP02093,Aakash Iyer,37,10,IT,108048,6207,6483,2455,2068,90835,0,13236,17595,4780,5256,40867,19516,5110,Medium,0.4499036714922662,0.21485110364947432,0.05625584851654098,0.19370286783728738
EMP02094,Vaishnavi Singh,40,11,IT,105401,5810,6324,2493,1644,89130,0,13764,23417,4708,4460,46349,11107,13189,Medium,0.5200157073936946,0.12461572983282845,0.14797486817008865,0.2627285986760911
EMP02095,Preeti Bose,47,26,Sales,85000,3500,5100,1981,1429,72990,17326,10333,7112,6520,5094,46385,9968,2846,Medium,0.6354980134264968,0.13656665296615975,0.03899164269077956,0.09743800520619263
EMP02096,Anurag Porwal,40,16,Operations,75616,2562,4537,1763,2276,64478,19385,8168,9953,4181,3669,45356,893,226,Low,0.7034337293340364,0.013849685163931884,0.0035050714972548777,0.15436272837246812
EMP02097,Karan Goel,59,37,IT,150000,13333,9000,3454,1679,122534,0,20665,35565,9326,5077,70633,11023,22468,Medium,0.5764359279873341,0.08995870533892635,0.18336135276739518,0.2902459725463953
EMP02098,Abhishek Kumawat,53,36,Operations,95000,4500,5700,1538,1368,81894,0,15414,0,2519,5953,23886,4476,2629,Medium,0.29166971939336217,0.054656018755952815,0.03210247392971402,0.0
EMP02099,Pallavi Bedi,47,15,Cyber Security,138925,11118,8336,2264,1928,115279,0,14712,35654,2410,3754,56530,33332,4269,Medium,0.490375523729387,0.28914199463909296,0.03703189652928981,0.30928443168313396
EMP02100,Ishita Kapoor,51,27,Operations,94684,4468,5681,1981,1030,81524,0,10973,0,4036,2612,17621,38213,4815,Medium,0.21614493891369413,0.4687331338010893,0.05906236200382709,0.0
EMP02101,Saurabh Gill,53,27,IT,150000,13333,9000,3966,2060,121641,0,19181,26052,19017,7808,72058,8761,5684,Low,0.5923825026101397,0.07202341315839232,0.04672766583635452,0.21417120872074383
EMP02102,Parth Das,58,27,Operations,95000,4500,5700,1755,2079,80966,0,9340,28321,1495,1909,41065,23216,3861,Medium,0.5071882024553517,0.286737642961243,0.04768668329916261,0.3497888002371366
EMP02103,Nandini Mishra,39,15,Operations,73777,2378,4427,1663,1596,63713,16441,7320,8785,6036,3695,42277,10684,2369,Medium,0.6635537488424654,0.16768948252318994,0.037182364666551566,0.13788394833079592
EMP02104,Vidhi More,42,19,IT,121749,8262,7305,3692,1908,100582,0,12359,21078,4435,2107,39979,42327,4256,Medium,0.39747668568928834,0.4208208228112386,0.04231373406772584,0.20956035871229445
EMP02105,Preeti More,54,25,Sales,83609,3361,5017,1803,1331,72097,0,9665,15147,1590,3307,29709,1281,1704,Low,0.41206985034051347,0.01776772958652926,0.023634825304797703,0.21009195944352746
EMP02106,Prateek Chopra,38,10,Finance,94907,4491,5694,1383,977,82362,0,13584,26938,4417,5257,50196,13992,4376,Medium,0.6094558170029868,0.16988416988416988,0.05313129841431728,0.3270683082003837
EMP02107,Garima Bagri,38,13,IT,113603,7040,6816,3064,1698,94985,34276,14954,11646,15830,9833,86539,2049,1169,Low,0.9110806969521503,0.021571827130599568,0.012307206401010686,0.12260883297362742
EMP02108,Ravi Vaishnavi Thomas,58,34,Finance,130000,9500,7800,2634,1142,108924,0,15889,27006,19280,10455,72630,7850,5510,Low,0.6667951966508758,0.07206859828871506,0.05058572949946752,0.24793433953949542
EMP02109,Aisha Nagpal,49,24,Marketing,90000,4000,5400,1669,2004,76927,0,12552,24632,4756,3673,45613,14439,2764,Low,0.5929387601232338,0.18769742743120102,0.03593016756145437,0.32019966981683934
EMP02110,Dev Solanki,58,33,Marketing,90000,4000,5400,1401,1499,77700,15872,7563,0,6990,2927,33352,10074,14387,High,0.4292406692406692,0.12965250965250966,0.18516087516087515,0.0
EMP02111,Komal Reddy,33,9,IT,106441,5966,6386,2592,1549,89948,19058,12851,4168,4149,3690,43916,22520,4798,Medium,0.48823764841908657,0.25036687864099255,0.05334193089340508,0.046337884110819585
EMP02112,Neha Sumit Kulkarni,54,28,Data Science,168549,17137,10113,2379,1855,137065,0,25681,34912,7473,8598,76664,26873,5245,Low,0.5593258672892424,0.19606026337868895,0.03826651588662314,0.2547112683763178
EMP02113,Manish Kohli,46,18,Customer Support,56427,1155,3386,883,1611,49392,12770,7697,0,3538,3676,27681,9844,1955,Medium,0.5604348882410107,0.199303530936184,0.039581308713961774,0.0
EMP02114,Kavya Aisha Narang,58,30,Finance,130000,9500,7800,3143,1800,107757,0,18093,0,14644,7317,40054,16331,8204,Medium,0.37170671046892545,0.15155395937154895,0.07613426505934649,0.0
EMP02115,Hemant Rajput,34,6,Customer Support,38979,282,2339,811,2223,33324,0,3047,0,2008,649,5704,15316,2124,Medium,0.17116792701956549,0.4596086904333213,0.06373784659704718,0.0
EMP02116,Harsh Mathew,37,14,HR,57129,1190,3428,1010,1666,49835,0,8552,8974,3540,2940,24006,10788,3741,Medium,0.4817096418179994,0.21647436540583928,0.07506772348750877,0.18007424500852814
EMP02117,Vihaan Tushar Maheshwari,49,22,Product Management,189093,22273,11346,2333,1741,151400,0,25453,0,19616,10544,55613,23438,7338,Medium,0.3673249669749009,0.15480845442536328,0.04846763540290621,0.0
EMP02118,Karan Naidu,31,10,Finance,87410,3741,5245,1466,1741,75217,0,12377,4524,2675,3571,23147,31000,3753,Medium,0.30773628302112555,0.4121408724091628,0.04989563529521252,0.060145977638033955
EMP02119,Shruti Joshi,50,21,Operations,82253,3225,4935,1564,1831,70698,0,10220,18820,4382,3048,36470,16809,2872,Medium,0.5158561769781324,0.23775778664177205,0.04062349712863164,0.2662027214348355
EMP02120,Ravi Srivastava,54,28,Operations,95000,4500,5700,1887,1303,81610,0,12860,20126,13147,6653,52786,3495,4338,Low,0.6468079892170078,0.04282563411346649,0.05315525058203652,0.2466119348119103
EMP02121,Dhruv Srivastava,39,11,HR,52554,961,3153,749,1112,46579,3446,8670,4636,1430,2789,20971,122,848,Medium,0.45022435002898303,0.00261920607999313,0.018205629146181755,0.09952983103973893
EMP02122,Dhruv Solanki,30,6,Cyber Security,110888,6633,6653,3697,1979,91926,19304,13943,0,6127,2961,42335,16591,17852,High,0.4605334725757675,0.18048212692818136,0.19419968235319715,0.0
EMP02123,Rohit Saini,38,10,Customer Support,43950,531,2637,996,1838,37948,9504,5020,2615,1852,2073,21064,4605,6608,Medium,0.5550753662907136,0.12135026878886898,0.1741330241382945,0.06891008748814166
EMP02124,Sneha Pawar,34,10,Data Science,122658,8399,7359,2302,2228,102370,23277,14930,0,6412,6825,51444,24777,5547,Medium,0.5025300380970987,0.2420337989645404,0.054185796620103546,0.0
EMP02125,Vidhi Rathore,40,8,HR,48952,781,2937,885,1548,42801,10034,5389,0,2776,1401,19600,7076,8444,High,0.45793322585920887,0.16532324011121236,0.19728511016097755,0.0
EMP02126,Jyoti Bansal,44,15,IT,117166,7575,7030,3897,1622,97042,0,8040,20566,6479,2606,37691,41073,3646,Medium,0.388398837616702,0.4232497269223635,0.037571360854063186,0.2119288555470827
EMP02127,Megha Daga,52,31,Finance,130000,9500,7800,2600,1974,108126,0,13034,0,2786,3053,18873,48194,6377,High,0.17454636257699352,0.4457207332186523,0.058977489225533176,0.0
EMP02128,Vihaan Parmar,24,0,HR,43577,512,2615,1139,2303,37008,0,4908,0,2934,1915,9757,11516,3751,High,0.2636456982274103,0.3111759619541721,0.10135646346735841,0.0
EMP02129,Vaishnavi Porwal,34,8,Cyber Security,125790,8868,7547,2286,1549,105540,32968,14213,0,14918,9261,71360,6828,4291,Medium,0.6761417472048512,0.06469584991472427,0.04065757058935001,0.0
EMP02130,Preeti Rohan Das,46,22,Product Management,197403,24351,11844,3314,1356,156538,0,23150,40941,14917,12918,91926,14193,8421,Low,0.5872439918741775,0.09066808059384941,0.0537952446051438,0.2615403288658345
EMP02131,Sumit Solanki,44,22,Sales,78798,2880,4728,1875,1054,68261,15570,10468,0,3950,3146,33134,12382,3768,Medium,0.48540162025168104,0.18139201007896164,0.05519989452249454,0.0
EMP02132,Neha Bohra,31,5,Data Science,100168,5025,6010,2220,980,85933,21503,13269,4039,5758,5064,49633,17825,4308,Medium,0.5775778804417395,0.2074290435571899,0.05013207964344315,0.0470017339089756
EMP02133,Riya Chauhan,23,3,Operations,56234,1145,3374,927,1402,49386,4862,5455,3002,3765,1433,18517,18875,2456,Medium,0.3749443162029725,0.3821933341432795,0.049730692908921556,0.060786457700562915
EMP02134,Nikhil Bohra,23,0,IT,85796,3580,5148,1572,1725,73771,15051,6828,5159,7119,3494,37651,12483,9521,Medium,0.510376706293801,0.16921283431158585,0.1290615553537298,0.0699326293529978
EMP02135,Divya Porwal,34,7,IT,97840,4784,5870,1255,1358,84573,18244,10298,0,2151,3465,34158,26275,3747,Medium,0.40388776559895,0.3106783488820309,0.04430492000993225,0.0
EMP02136,Reema Behera,26,2,Product Management,128882,9332,7733,2869,1158,107790,23301,16235,0,4558,2824,46918,30717,5068,Medium,0.4352722887095278,0.28497077650988034,0.04701734854810279,0.0
EMP02137,Yuvraj Pawar,44,16,HR,58355,1251,3501,760,2148,50695,11560,8394,4953,3282,2439,30628,8221,2192,Medium,0.6041621461682611,0.16216589407239373,0.0432389782029786,0.09770194299240556
EMP02138,Ayaan Mohanty,32,10,Operations,67886,1789,4073,1276,2156,58592,17567,8171,0,4972,2945,33655,2397,1054,Medium,0.5743958219552158,0.0409100218459858,0.017988803932277444,0.0
EMP02139,Ravi Mathew,54,33,Sales,85000,3500,5100,1531,2195,72674,0,13844,18813,5602,4476,42735,14625,3621,Medium,0.5880369870930456,0.2012411591490767,0.04982524699342268,0.2588683710818174
EMP02140,Ashish Jadhav,22,2,Sales,45000,583,2700,917,1950,38850,9968,4506,3134,2776,1964,22348,837,613,Medium,0.5752380952380952,0.021544401544401546,0.01577863577863578,0.08066924066924067
EMP02141,Dev Reddy,33,10,IT,107467,6120,6448,2200,1178,91521,28151,11184,0,12148,7820,59303,6708,3228,Medium,0.6479715038078693,0.07329465368603927,0.03527059363424788,0.0
EMP02142,Hemant Dev Bhatia,30,5,Finance,80252,3025,4815,1804,1464,69144,14807,8299,0,4310,3733,31149,21377,3984,Medium,0.45049461992363765,0.3091663774152493,0.05761888233252343,0.0
EMP02143,Payal Bajaj,36,13,Sales,68577,1858,4115,1898,1835,58871,0,9040,12029,2262,2119,25450,21253,1922,Medium,0.43230113298568057,0.36100966520018346,0.032647653343751595,0.2043281072174755
EMP02144,Sakshi Bagri,24,0,Sales,45000,583,2700,1092,856,39769,0,3956,0,7340,3805,15101,2666,3673,Medium,0.37971787070331164,0.06703713948049989,0.09235836958434962,0.0
EMP02145,Hemant Sahu,40,18,Product Management,183308,20827,10998,3466,1717,146300,48826,21659,0,26193,10851,107529,8154,3576,Low,0.7349897470950103,0.055734791524265206,0.024442925495557075,0.0
EMP02146,Aisha Shukla,23,2,Operations,56219,1144,3373,864,1102,49736,15824,5401,0,9653,4047,34925,2756,1758,Low,0.7022076564259289,0.05541257841402606,0.03534663020749557,0.0
EMP02147,Aarav Deshmukh,50,27,HR,70000,2000,4200,1873,1900,60027,12495,8453,3427,2417,2032,28824,17972,2780,High,0.48018391723724324,0.29939860396155066,0.046312492711613105,0.057090975727589255
EMP02148,Ankit George,59,33,Sales,85000,3500,5100,1797,1263,73340,0,11621,16341,7314,6825,42101,7111,3969,Low,0.5740523588764658,0.0969593673302427,0.054117807472047995,0.22281156258521953
EMP02149,Vivaan Tiwari,53,35,IT,150000,13333,9000,3547,1213,122907,0,16666,26417,5977,4729,53789,15842,24998,Medium,0.43763984150617946,0.12889420456117226,0.20338955470396317,0.21493486945414012
EMP02150,Aisha Narang,35,12,Finance,94985,4498,5699,1448,2219,81121,0,10525,23735,4914,3774,42948,8322,13316,Medium,0.5294313433019809,0.10258749275773228,0.16414985022373985,0.29258761603037436
EMP02151,Ankit Trivedi,52,32,Operations,95000,4500,5700,1482,892,82426,0,12260,20669,4393,4234,41556,18960,4637,Medium,0.504161308325043,0.23002450683036907,0.05625652100065513,0.25075825589013173
EMP02152,Mohit Dubey,26,3,Marketing,55081,1087,3305,792,1702,48195,10922,5671,8081,4424,2397,31495,6485,1893,Medium,0.6534910260400456,0.13455752671438945,0.03927793339558045,0.16767299512397552
EMP02153,Yash Bagri,29,2,Operations,58078,1237,3485,708,1748,50900,14071,6186,0,3810,4039,28106,1942,819,Medium,0.5521807465618861,0.0381532416502947,0.016090373280943024,0.0
EMP02154,Deepak Joshi,39,11,Data Science,126812,9022,7609,3375,1043,105763,20598,14871,0,2273,4125,41867,36225,4582,High,0.39585677410814746,0.342511086107618,0.04332327940773238,0.0
EMP02155,Lokesh Parmar,53,35,Sales,85000,3500,5100,1208,1805,73387,18445,12367,0,4792,3792,39396,15143,3464,Medium,0.5368253232861406,0.20634444792674453,0.047201820485917124,0.0
EMP02156,Rupal Rajput,58,26,IT,144759,12285,8686,3948,1195,118645,35842,22539,0,6534,5655,70570,20889,6367,Medium,0.5947996122887605,0.17606304521893043,0.05366429263770071,0.0
EMP02157,Ishita Swain,55,31,Sales,85000,3500,5100,1797,1254,73349,0,11263,23015,4689,3467,42434,11320,4579,Low,0.5785218612387354,0.15433066572141407,0.06242757229137411,0.31377387558112585
EMP02158,Saloni Rawat,59,22,Customer Support,58592,1263,3516,832,1714,51267,0,7865,16962,2293,3297,30417,1662,286,Low,0.5933056352039323,0.03241851483410381,0.005578637330056371,0.3308561062671894
EMP02159,Ananya Soni,42,28,IT,141824,11698,8509,2368,1729,117520,25116,16030,0,5574,5086,51806,19207,23139,Medium,0.44082709326072156,0.1634360108917631,0.19689414567733152,0.0
EMP02160,Aakash Saini,50,26,IT,138063,10946,8284,2536,1178,115119,0,13923,25214,4864,3563,47564,35753,6184,Medium,0.4131724563277999,0.3105742753151087,0.05371832625370269,0.2190255301036319
EMP02161,Vivek Bhavna Thomas,26,6,HR,45604,614,2736,820,1942,39492,11580,6064,1186,4984,3178,26992,3064,1378,Low,0.6834801985212194,0.07758533373847867,0.03489314291502076,0.030031398764306695
EMP02162,Ankit Bansal,33,11,Customer Support,45020,584,2701,1150,1822,38763,8486,5970,1400,925,1956,18737,12498,1266,High,0.483373319918479,0.322420865258107,0.032660010835074686,0.03611691561540645
EMP02163,Garima Banerjee,29,5,Operations,59109,1289,3547,701,1328,52244,11223,7186,5160,2080,1894,27543,12839,2486,Medium,0.5271992956128934,0.24575070821529746,0.047584411607074495,0.09876732256335656
EMP02164,Yash Somani,25,1,Data Science,93311,4331,5599,2086,1594,79701,0,6808,0,5323,3052,15183,42129,3741,High,0.19049949185079235,0.5285880980163361,0.04693793051530094,0.0
EMP02165,Khushi Shreya Ahuja,38,15,Sales,64478,1557,3869,1285,1900,55867,17744,7887,9226,8018,4415,47290,1907,786,Low,0.8464746630390033,0.034134641201424815,0.01406912846582061,0.1651422127552938
EMP02166,Mohit Khandelwal,40,18,Sales,76469,2647,4588,2034,1114,66086,0,10243,18370,3103,3029,34745,10285,8660,Medium,0.5257543201283177,0.15563054202100293,0.13104137033562327,0.27797112852949185
EMP02167,Shivam Somani,28,6,IT,88627,3863,5318,1677,1144,76625,0,10008,0,1705,3708,15421,30839,5727,Medium,0.20125285481239805,0.40246655791190866,0.07474061990212072,0.0
EMP02168,Nikita Pillai,52,31,Data Science,170000,17500,10200,3956,1424,136920,0,19053,44686,10364,5758,79861,25040,5052,Medium,0.5832676015191353,0.18288051416885773,0.036897458369851005,0.3263657610283377
EMP02169,Neha Chopra,32,8,Finance,82353,3235,4941,1810,1269,71098,12343,5616,8268,4011,2193,32431,21613,3791,Medium,0.45614503924161015,0.30398886044614476,0.05332076851669527,0.11629019100396636
EMP02170,Trisha Tomar,31,7,Finance,90872,4087,5452,1888,1765,77680,17978,9227,0,6423,3737,37365,16257,5408,Medium,0.48101184346035014,0.2092816683831102,0.06961894953656025,0.0
EMP02171,Rakesh Deshmukh,40,10,Operations,71826,2183,4310,1634,1284,62415,13950,8999,4384,2846,3050,33229,485,205,Medium,0.5323880477449331,0.007770567972442521,0.0032844668749499317,0.07023952575502683
EMP02172,Yuvraj Purohit,24,2,Sales,45867,627,2752,1009,1209,40270,0,5954,0,3494,2556,12004,11123,3858,High,0.2980879066302458,0.2762105785944872,0.095803327539111,0.0
EMP02173,Deepak Atharv Jain,54,37,Customer Support,60000,1333,3600,2066,2054,50947,0,8894,0,3198,3457,15549,13744,3450,High,0.30519952107091686,0.2697705458613854,0.06771743184093273,0.0
EMP02174,Charu Joshi,35,12,Sales,65149,1591,3909,1227,1626,56796,14342,9805,2445,1537,3443,31572,941,744,Medium,0.5558842171983942,0.016568068173815058,0.013099514050285232,0.04304880625396155
EMP02175,Pankaj Khurana,58,37,Data Science,170000,17500,10200,3527,1220,137553,0,20266,0,10332,7533,38131,35718,13969,High,0.2772095119699316,0.259667182831345,0.10155358298255945,0.0
EMP02176,Varun Arora,49,27,HR,70000,2000,4200,1541,1985,60274,0,11162,11959,2887,4823,30831,2659,910,Low,0.5115140856754156,0.04411520722036035,0.015097720410127087,0.19841059163154925
EMP02177,Ishaan Mundra,32,9,HR,52979,982,3179,779,1359,46680,9631,7234,0,2569,2457,21891,10110,2669,Medium,0.46895886889460153,0.21658097686375322,0.057176520994001716,0.0
EMP02178,Aakash Trivedi,53,33,HR,70000,2000,4200,1451,1284,61065,0,5894,0,4450,2234,12578,31129,4047,Medium,0.20597723737001555,0.5097682797019569,0.06627364283959715,0.0
EMP02179,Vivek Shinde,40,9,Sales,56698,1168,3402,898,1317,49913,0,7033,9760,1202,1383,19378,15474,2633,Medium,0.3882355298218901,0.3100194338148378,0.05275178811131369,0.19554024001763068
EMP02180,Dhruv Shetty,51,25,Sales,85000,3500,5100,2018,2050,72332,25743,12111,9333,10209,4747,62143,1085,1793,Low,0.8591356522700879,0.015000276502792679,0.02478847536360117,0.12903002820328485
EMP02181,Vihaan Sharma,60,36,HR,70000,2000,4200,1725,1535,60540,0,9070,11862,4178,3185,28295,12464,3865,Medium,0.46737694086554343,0.2058804096465147,0.0638420878757846,0.19593657086223984
EMP02182,Siddharth Nikhil Chopra,23,0,IT,80000,3000,4800,1773,1220,69207,0,10004,0,8016,5048,23068,21228,5147,High,0.33331888392792636,0.3067319779791062,0.07437108962966174,0.0
EMP02183,Charu Bhardwaj,39,17,IT,122965,8445,7378,3176,1145,102821,0,12398,0,10337,4415,27150,28522,7779,High,0.264051117962284,0.27739469563610547,0.07565575125703893,0.0
EMP02184,Simran Khanna,46,19,Operations,83785,3378,5027,1656,857,72867,0,10386,0,4994,3925,19305,21287,4958,High,0.26493474412285395,0.292134985658803,0.06804177474028024,0.0
EMP02185,Ankit Nisha Suri,32,9,Customer Support,42881,477,2573,1168,1974,36689,0,5965,6164,1083,1842,15054,13634,1311,Medium,0.41031371800812233,0.37161001935184934,0.035732780942516834,0.16800675951920194
EMP02186,Sneha Lodha,33,8,IT,101109,5166,6067,2455,1445,85976,0,10689,16850,15558,6200,49297,6008,5312,Low,0.5733809435191216,0.0698799665022797,0.06178468409788778,0.19598492602586767
EMP02187,Abhishek Dubey,51,30,Cyber Security,180000,20000,10800,3221,1291,144688,40278,23286,7172,19401,13341,103478,5201,4963,Low,0.715180249917063,0.035946312064580335,0.03430139334291717,0.04956872719230344
EMP02188,Ravi Soni,60,35,Customer Support,60000,1333,3600,1242,1234,52591,3576,7780,6848,1419,1480,21103,18307,2594,Medium,0.40126637637618606,0.3481013861687361,0.04932402882622502,0.13021239375558555
EMP02189,Swati Manish Naidu,29,3,Marketing,54562,1061,3274,957,1712,47558,9108,5548,0,3502,2032,20190,16017,2066,High,0.42453425291223346,0.33678876319441525,0.043441692249463815,0.0
EMP02190,Ravi Behera,40,10,Sales,60226,1345,3614,1905,1494,51868,0,6835,11984,1708,1613,22140,19925,2416,Medium,0.42685278013418676,0.38414822241073493,0.04657977944011722,0.23104804503740264
EMP02191,Manish Roy,40,13,Operations,69755,1976,4185,1339,1564,60691,0,8916,18780,4137,3776,35609,10342,2749,Low,0.5867262032261785,0.1704041785437709,0.0452950190308283,0.30943632499052576
EMP02192,Charu Chauhan,60,26,Sales,84599,3460,5076,1315,1777,72971,0,10000,13234,6102,5916,35252,435,147,Medium,0.48309602444806843,0.005961272286250702,0.0020144989105260994,0.181359718244234
EMP02193,Siddharth Gaurav Chaudhary,55,25,Sales,84245,3424,5055,1761,1427,72578,0,10047,15556,2669,3259,31531,23514,3277,Medium,0.4344429441428532,0.32398247402794234,0.04515142329631569,0.21433492242828406
EMP02194,Shivam Muskan Jain,30,2,Operations,51661,916,3100,731,1453,45461,8540,3654,0,2808,1300,16302,17183,2291,High,0.35859307978267085,0.377972327929434,0.050394843932161634,0.0
EMP02195,Ritika Dubey,34,5,Operations,55567,1112,3334,1146,1882,48093,10397,6590,0,3506,2548,23041,11974,3088,Medium,0.47909259143742333,0.24897594244484644,0.06420892853429813,0.0
EMP02196,Dev Chopra,39,10,HR,49643,815,2979,1043,1922,42884,0,6884,14077,983,1567,23511,12432,1134,Medium,0.5482464322357989,0.28989833037962875,0.0264434287846283,0.32825762522152785
EMP02197,Vihaan Bedi,56,32,Customer Support,60000,1333,3600,1452,1782,51833,0,9002,0,2234,3013,14249,2282,1611,Medium,0.2749020894025042,0.04402600659811317,0.031080585727239405,0.0
EMP02198,Lokesh Nagpal,33,7,Customer Support,44103,538,2646,1033,1533,38353,0,4530,2742,6556,3166,16994,4700,2285,Medium,0.4430944124318828,0.12254582431622037,0.0595781294813965,0.0714937553776758
EMP02199,Kartik Sabharwal,58,23,Marketing,86082,3608,5165,2199,1561,73549,0,13807,13344,12452,6640,46243,3254,3238,Low,0.6287373043821126,0.044242613767692285,0.04402507172089355,0.18143006703014317
EMP02200,Swati Sandhu,43,28,Sales,85000,3500,5100,1884,1309,73207,24957,12689,5856,11715,4764,59981,2205,1236,Low,0.819334216673269,0.030120070485062905,0.016883631346729138,0.07999235045828951
EMP02201,Ananya Srivastava,37,18,Data Science,151252,13584,9075,3494,1442,123657,30310,18901,9471,3144,9110,70936,4661,518,Medium,0.5736513096711063,0.037692973305190974,0.004189006687854307,0.0765908925495524
EMP02202,Pankaj Somani,59,24,Customer Support,59026,1285,3542,869,1893,51437,12354,7716,1940,3689,3113,28812,11086,2216,Medium,0.5601415323599743,0.21552578882905302,0.04308182825592472,0.037716040982172364
EMP02203,Siddharth Bagri,56,37,Sales,85000,3500,5100,1522,1816,73062,0,10180,23422,12538,6558,52698,4126,2666,Low,0.7212778188387945,0.05647258492786948,0.036489556814760064,0.3205770441542799
EMP02204,Rishabh Lokesh Bajaj,47,23,Finance,123417,8513,7405,2620,870,104009,27846,14712,0,5387,5566,53511,20653,6546,Medium,0.5144843234720072,0.19856935457508484,0.06293686123316251,0.0
EMP02205,Dhruv Rajput,22,1,Marketing,50657,866,3039,981,1149,44622,8392,5063,0,3150,1190,17795,16741,2476,High,0.39879431670476445,0.3751736811438304,0.05548832414504056,0.0
EMP02206,Tarun Mittal,54,31,Marketing,90000,4000,5400,1675,1769,77156,0,12832,22391,2328,4591,42142,2944,1323,Low,0.5461921302296646,0.03815646223236041,0.017147078645860334,0.29020426149618955
EMP02207,Rakesh Kulkarni,44,28,IT,143943,12122,8637,2951,1724,118509,29450,18257,0,7481,4912,60100,27691,7269,Medium,0.5071344792378638,0.2336615784455189,0.061337113636938966,0.0
EMP02208,Kunal Pradhan,46,21,HR,65491,1608,3929,2158,1732,56064,13636,7371,2763,4368,3295,31433,2132,730,Medium,0.5606628139269406,0.03802796803652968,0.013020833333333334,0.049282962328767124
EMP02209,Tarun Verma,38,9,Data Science,119554,7933,7173,3364,1669,99415,0,14885,19031,7317,4682,45915,25961,5475,Medium,0.4618518332243625,0.26113765528340793,0.05507217220741337,0.19142986470854498
EMP02210,Garima Jindal,57,25,Sales,85000,3500,5100,1283,1973,73144,0,13958,24049,1869,4429,44305,8,1222,Low,0.6057229574537898,0.00010937329104232747,0.01670677020671552,0.32878978453461666
EMP02211,Anjali More,26,5,Marketing,53437,1005,3206,1194,1986,46046,8973,5035,0,3193,1739,18940,14464,2032,High,0.41132780263215046,0.3141206619467489,0.04412978326021804,0.0
EMP02212,Rohan George,49,20,Operations,82117,3212,4927,1285,1861,70832,0,9728,24191,14328,6745,54992,2403,2173,Low,0.7763722611249153,0.03392534447707251,0.030678224531285294,0.34152642873277617
EMP02213,Sai Bansal,53,35,Sales,85000,3500,5100,1647,1893,72860,15360,10424,0,3799,3073,32656,14632,5723,Medium,0.4482020312928905,0.2008234971177601,0.07854790008234971,0.0
EMP02214,Manish Daga,36,13,IT,114452,7168,6867,3413,1973,95031,22968,15768,8694,4254,6950,58634,1778,1064,Low,0.6169986635939851,0.018709684208310973,0.011196346455367196,0.09148593616819775
EMP02215,Harsh Khanna,57,27,IT,148659,13065,8920,3164,1482,122028,25950,15531,7960,3731,4688,57860,40036,5839,Medium,0.4741534729734159,0.3280886353951552,0.04784967384534697,0.0652309306060904
EMP02216,Shreya Mehta,53,30,Cyber Security,180000,20000,10800,3724,1496,143980,34702,24659,0,10059,9706,79126,31885,6335,Medium,0.5495624392276706,0.22145436866231422,0.04399916655090985,0.0
EMP02217,Ankit Suri,46,20,HR,67497,1750,4050,1846,1222,58629,14062,10168,9002,2909,3646,39787,382,433,Low,0.6786232069453684,0.006515546913643418,0.007385423595831414,0.15354176260894778
EMP02218,Garima Joshi,29,6,Data Science,104208,5631,6252,2272,1729,88324,25199,14600,0,7109,5904,52812,17304,3116,Medium,0.5979348761378561,0.19591504007970653,0.03527919931162538,0.0
EMP02219,Lokesh Pawar,22,3,Finance,74617,2462,4477,2154,2020,63504,20611,7838,10501,11714,5791,56455,1360,1069,Low,0.8889991181657848,0.02141597379692618,0.01683358528596624,0.1653596623834719
EMP02220,Palak Bansal,27,2,Cyber Security,105490,5824,6329,3053,1430,88854,22090,14453,9886,5834,5515,57778,14518,3994,Medium,0.6502577261575169,0.163391631215252,0.04495014293110046,0.11126117000922862
EMP02221,Anurag Tomar,30,5,Marketing,60474,1357,3628,1820,1777,51892,0,5699,926,2611,1496,10732,21731,3097,Medium,0.20681415247051568,0.41877360672165265,0.0596816464965698,0.017844754490094813
EMP02222,Amit Chauhan,50,21,Finance,114066,7110,6844,2778,2073,95261,0,13682,33241,3623,4363,54909,27777,2741,Medium,0.5764058743872099,0.29158837299629436,0.028773579954021057,0.3489465783479073
EMP02223,Sonia Arora,32,12,IT,116472,7471,6988,3109,1131,97773,21629,15779,0,5727,5620,48755,20127,4531,Medium,0.4986550479171141,0.20585437697523856,0.04634203716772524,0.0
EMP02224,Preeti D'Souza,29,4,Marketing,57336,1200,3440,985,2516,49195,12230,6132,7704,4372,1854,32292,6037,2476,Medium,0.6564081715621506,0.1227157231425958,0.050330318121760344,0.15660128061794898
EMP02225,Bhavna Lakshay Naidu,33,9,IT,103219,5483,6193,2698,1767,87078,18117,10961,13949,7868,4410,55305,15059,2779,Medium,0.6351202370288707,0.1729369071407244,0.031913916258986194,0.16018971496818943
EMP02226,Komal Soni,52,31,Marketing,90000,4000,5400,1706,1469,77425,0,11368,26896,15748,6649,60661,3103,1688,Low,0.7834807878592186,0.04007749434937036,0.021801743622860834,0.34738133677752664
EMP02227,Krishna Lakhotia,36,10,Cyber Security,134315,10196,8059,2997,1918,111145,0,17686,25228,7330,7915,58159,21060,6992,Medium,0.5232714022223222,0.18948220792658238,0.06290881281209232,0.2269827702550722
EMP02228,Sonia Chaudhary,54,35,IT,150000,13333,9000,3147,1137,123383,27996,17943,0,6347,5983,58269,17694,25283,Medium,0.4722611705016088,0.14340711443229617,0.20491477756254914,0.0
EMP02229,Abhishek Mundra,53,22,IT,138201,10974,8292,3708,1586,113641,27247,22140,15286,8053,7758,80484,13694,4444,Low,0.7082303042035885,0.12050228350683292,0.03910560449133675,0.1345113119384729
EMP02230,Jyoti Pallavi Behera,43,28,Sales,85000,3500,5100,1755,2131,72514,16622,12732,8543,5713,3927,47537,10506,3109,Medium,0.6555561684640208,0.14488236754281933,0.042874479410872385,0.11781173290674904
EMP02231,Jyoti George,35,12,Finance,98508,4851,5910,1535,1708,84504,20025,11126,0,4302,3180,38633,11555,16887,High,0.4571736249171637,0.13673908927388054,0.19983669412098837,0.0
EMP02232,Reema Solanki,32,11,Finance,90032,4003,5402,1785,1661,77181,8020,10365,0,4447,3149,25981,22971,5621,High,0.33662429872637045,0.29762506316321374,0.07282880501677874,0.0
EMP02233,Ananya Mishra,49,15,Data Science,138788,11091,8327,3185,1251,114934,38948,20928,7062,18729,8549,94216,3946,2330,Low,0.8197400247098334,0.03433274748986375,0.02027250421981311,0.06144395914176832
EMP02234,Gaurav Fernandes,36,17,Marketing,77155,2716,4629,2038,2151,65621,17494,10257,3437,2448,4588,38224,2649,127,Medium,0.5824964569268984,0.04036817482208439,0.0019353560597979306,0.0523765258072873
EMP02235,Yash Rajput,46,20,Data Science,152068,13747,9124,3435,2128,123634,0,14968,22781,5799,3325,46873,52424,4633,Medium,0.37912710095928304,0.4240257534335215,0.037473510522995294,0.1842616108837375
EMP02236,Nikita Soni,40,10,Sales,58533,1260,3512,937,1592,51232,0,8738,15675,7497,5031,36941,3258,2164,Low,0.7210532479700187,0.06359306683322923,0.042239225484072454,0.305961118051218
EMP02237,Pooja Jain,36,17,HR,59995,1333,3600,995,1840,52227,0,6979,13715,1051,2814,24559,2696,175,Low,0.47023570184004443,0.05162080916001302,0.003350757271143278,0.26260363413560034
EMP02238,Ananya Narang,37,10,Cyber Security,122903,8435,7374,2422,1704,102968,0,11700,28692,8152,4766,53310,20094,5832,Medium,0.5177336648279077,0.19514800714785177,0.056638955792090745,0.2786496775697304
EMP02239,Rakesh Behera,38,15,Finance,100958,5144,6057,3854,1731,84172,0,13244,5254,6173,4858,29529,26281,4278,Medium,0.3508173739485815,0.31222972009694433,0.050824502209760966,0.06241980706173074
EMP02240,Vaishnavi Wadhwa,54,35,HR,70000,2000,4200,1860,1201,60739,0,6609,13241,5591,3006,28447,12626,4595,Medium,0.46834817827096265,0.20787303050758163,0.07565155830685391,0.21799832068358058
EMP02241,Dev Kumawat,42,18,Product Management,173189,18297,10391,3198,2058,139245,34623,13062,0,12724,5452,65861,17340,33064,High,0.47298646270961253,0.12452870839168373,0.23745197314086683,0.0
EMP02242,Jyoti Joshi,30,5,Operations,59296,1298,3558,1112,2181,51147,11103,5111,2951,4618,2801,26584,9028,3006,Medium,0.5197567794787573,0.17651084130056505,0.058771775470702094,0.057696443584178934
EMP02243,Ayaan Mathew,26,3,Marketing,50000,833,3000,906,1666,43595,15054,7767,1621,5333,3215,32990,2562,1077,Low,0.7567381580456475,0.05876820736322973,0.02470466796650992,0.03718316320678977
EMP02244,Aditi Mittal,41,26,Product Management,204315,26294,12259,3841,2464,159457,38102,22208,5415,10177,8573,84475,6840,1641,Medium,0.5297666455533466,0.04289557686398214,0.010291175677455364,0.033958998350652525
EMP02245,Pallavi Pawar,44,26,Sales,85000,3500,5100,2059,1768,72573,7955,10214,0,2362,2999,23530,2223,447,Medium,0.3242252628387968,0.030631226489190196,0.006159315447893845,0.0
EMP02246,Yash Jain,60,29,Operations,95000,4500,5700,2110,2470,80220,0,10638,0,1504,2919,15061,39780,3950,High,0.18774619795562203,0.49588631264023936,0.04923959112440788,0.0
EMP02247,Vihaan Seth,31,6,Sales,50709,869,3043,1080,1142,44575,0,7187,0,3124,2321,12632,14118,3657,High,0.2833875490745934,0.31672462142456537,0.08204150308468873,0.0
EMP02248,Prachi Shinde,22,1,Sales,45000,583,2700,1018,2112,38587,9808,5725,0,1131,2077,18741,447,832,Medium,0.48568170627413376,0.0115842122994791,0.021561665846010315,0.0
EMP02249,Aarav Mohanty,25,2,Finance,75106,2511,4506,1600,1839,64650,0,7476,0,5420,1509,14405,29089,3967,Medium,0.22281515854601702,0.44994586233565353,0.06136117556071152,0.0
EMP02250,Nandini Gupta,45,15,Product Management,180856,20214,10851,2963,2066,144762,38331,25903,5039,10494,8423,88190,21716,5758,Medium,0.6092068360481342,0.1500117434133267,0.039775631726558076,0.034808858678382446
EMP02251,Hemant Sanya Mishra,58,23,Marketing,90000,4000,5400,1949,1310,77341,0,9273,23969,8872,3815,45929,14177,2978,Medium,0.5938506096378376,0.18330510337337247,0.038504803403110896,0.3099132413596928
EMP02252,Komal More,59,23,IT,133435,10020,8006,3121,1203,111085,0,17650,21841,12123,9927,61541,6811,6555,Low,0.5539991898096053,0.06131340865103299,0.05900886708376468,0.19661520457307466
EMP02253,Vivek Srivastava,22,1,Cyber Security,95692,4569,5742,1470,1748,82163,0,8017,12718,6538,3952,31225,25884,3882,Medium,0.3800372430412716,0.31503231381522095,0.04724754451517106,0.15478986891909985
EMP02254,Megha Nair,44,26,Marketing,90000,4000,5400,2134,1359,77107,20177,13221,0,1757,4846,40001,2304,1585,Medium,0.5187726146783042,0.02988055559158053,0.020555850960353794,0.0
EMP02255,Akash Daga,39,17,Customer Support,52432,955,3146,877,1604,45850,14373,6831,3685,7891,4576,37356,1378,812,Low,0.8147437295528899,0.03005452562704471,0.017709923664122138,0.08037077426390403
EMP02256,Charu Arora,57,33,Cyber Security,180000,20000,10800,3602,1935,143663,16128,21227,9070,7079,8460,61964,26113,24825,High,0.4313149523537724,0.18176565991243396,0.17280023388067908,0.06313386188510611
EMP02257,Varun Shukla,57,25,Operations,95000,4500,5700,2066,1891,80843,0,7585,24342,4982,1642,38551,24310,3069,Medium,0.47686256076592903,0.3007063072869636,0.03796247046744925,0.30110213623937754
EMP02258,Manish Kohli,34,6,Marketing,62737,1470,3764,2118,1678,53707,18001,9133,0,8510,3677,39321,2778,2097,Low,0.7321391997318786,0.05172510101104139,0.03904518964008416,0.0
EMP02259,Ishaan Soni,29,5,Marketing,62218,1444,3733,1364,1847,53830,16309,6556,5466,5978,2921,37230,7507,1815,Medium,0.6916217722459596,0.13945755155117964,0.03371725803455322,0.1015418911387702
EMP02260,Priya Saxena,50,19,IT,125204,8781,7512,3059,1613,104239,0,13530,34680,6888,4193,59291,11206,14079,Medium,0.5687986262339432,0.10750294995155364,0.13506461113402854,0.332696975220407
EMP02261,Sumit Kapoor,24,2,Cyber Security,103986,5598,6239,2792,1105,88252,15430,8137,0,5881,1798,31246,37989,4122,Medium,0.3540542990527127,0.43046049947876536,0.04670715677831664,0.0
EMP02262,Gaurav Mathew,41,19,Finance,108586,6288,6515,2241,1613,91929,0,12491,17744,3935,2274,36444,33015,5383,Medium,0.3964363802499755,0.35913585484449956,0.058556059567709866,0.19301852516616083
EMP02263,Nandini Bansal,55,30,IT,149386,13211,8963,3237,653,123322,0,20237,0,12274,9457,41968,9339,11396,Medium,0.34031235302703494,0.07572858046415076,0.09240849159111919,0.0
EMP02264,Vivek Rawat,56,28,Sales,85000,3500,5100,1379,1978,73043,0,11008,24136,9607,6005,50756,3999,3397,Low,0.6948783593225908,0.05474857275851211,0.04650685212819846,0.33043549689908686
EMP02265,Aditya Behera,32,8,Sales,54687,1068,3281,1103,1520,47715,14064,4751,0,6019,3630,28464,2062,1863,Low,0.5965419679346118,0.0432149219323064,0.03904432568374725,0.0
EMP02266,Swati Bhardwaj,25,0,IT,84700,3470,5082,1387,1806,72955,0,7534,10571,5104,1993,25202,24336,4600,Medium,0.3454458227674594,0.3335754917414845,0.06305256665067507,0.14489753957919266
EMP02267,Yash Tiwari,44,18,Finance,113153,6973,6789,2732,1113,95546,11185,12484,4325,2796,2326,33116,39438,5310,Medium,0.34659745044271867,0.4127645322671802,0.0555753249743579,0.045266154522428985
EMP02268,Vidhi Joshi,48,15,Sales,71855,2186,4311,1923,1870,61565,13004,4955,0,3441,2562,23962,23374,3350,Medium,0.3892146511816779,0.37966376999918783,0.054414033947859985,0.0
EMP02269,Ravi Komal Suri,34,11,Finance,96984,4698,5819,1914,1285,83268,22263,9388,8588,7943,4713,52895,14791,2630,Medium,0.6352380266128644,0.17763126291012155,0.03158476245376375,0.10313685929768938
EMP02270,Ananya Ghosh,58,31,Finance,130000,9500,7800,3188,1649,107863,21155,12997,0,4536,3707,42395,44352,4585,Medium,0.3930448810064619,0.41118826659744306,0.042507625413719254,0.0
EMP02271,Yuvraj George,49,18,Sales,73390,2339,4403,1259,754,64635,16222,7817,0,5539,2828,32406,15037,3929,Medium,0.5013692271988861,0.23264485186044712,0.06078749903303164,0.0
EMP02272,Ashish Daga,54,28,Operations,95000,4500,5700,1495,2225,81080,0,10421,19584,2536,2328,34869,23437,5368,Medium,0.43005673408978784,0.28906018746916623,0.0662062160828811,0.2415392205229403
EMP02273,Reema Nagpal,43,26,Data Science,158193,14972,9492,3203,1623,128903,29496,18179,19502,8835,7524,83536,10814,14526,Medium,0.6480531872803581,0.08389253935129516,0.11268938659301955,0.15129205681791735
EMP02274,Atharv Bagri,48,16,IT,113214,6982,6793,3877,1060,94502,0,12303,30829,2974,3234,49340,23813,3530,Medium,0.5221053522676768,0.2519840849929102,0.037353706799856085,0.3262258999809528
EMP02275,Harsh Tiwari,44,19,IT,122156,8323,7329,3044,1278,102182,25576,14184,14488,3262,7011,64521,1859,895,Low,0.6314321504766006,0.018193028126284472,0.008758881211955139,0.14178622457967158
EMP02276,Rohit Mohit Sahu,27,7,IT,96191,4619,5771,1390,1594,82817,15444,7423,5533,6025,1913,36338,31386,3551,High,0.4387746477172561,0.37898016107803956,0.04287767004359008,0.06680995447794535
EMP02277,Gaurav Dubey,50,16,Sales,70840,2084,4250,1500,1228,61778,0,8937,15121,2848,2847,29753,18124,2480,Medium,0.4816115769367736,0.2933730454206999,0.04014374049014212,0.2447635080449351
EMP02278,Rohan Behera,22,3,Sales,50072,837,3004,987,2241,43003,3729,4233,0,7371,3874,19207,4620,2474,Medium,0.44664325744715483,0.10743436504429923,0.05753086993930656,0.0
EMP02279,Mohit Solanki,51,30,Finance,130000,9500,7800,3556,912,108232,23108,17414,0,5436,5515,51473,30772,4429,High,0.47558023505063196,0.2843151748096681,0.04092135412816912,0.0
EMP02280,Simran Sahu,30,6,Operations,64723,1569,3883,1643,2041,55587,0,7895,0,2631,3055,13581,17255,5849,High,0.24431971504128663,0.31041430550308524,0.1052224440966413,0.0
EMP02281,Mayank Menon,27,4,Marketing,57742,1220,3465,1075,1345,50637,0,4708,1658,4617,2049,13032,15026,4322,High,0.2573612180816399,0.2967395382822837,0.08535260777692201,0.03274285601437684
EMP02282,Aditi Naidu,59,32,Sales,85000,3500,5100,1506,1163,73731,23658,10460,0,12631,5839,52588,2258,2151,Low,0.7132413774396116,0.030624838941557826,0.029173617609960532,0.0
EMP02283,Vaishnavi Khushi Maheshwari,22,0,Sales,49580,812,2975,1073,1507,43213,0,3982,0,6950,2410,13342,3342,3295,Medium,0.308749681808715,0.07733783815055655,0.0762502024853632,0.0
EMP02284,Charu More,32,11,Customer Support,46196,643,2772,1111,1891,39779,0,7015,1871,2812,2553,14251,8985,2960,Medium,0.3582543553131049,0.22587294803790944,0.07441112144598909,0.04703486764373162
EMP02285,Rohan Shetty,38,8,Sales,56678,1167,3401,888,2234,48988,0,7972,10365,3543,3284,25164,9884,3284,Medium,0.5136768188127705,0.20176369723197518,0.06703682534498244,0.21158242834979996
EMP02286,Ravi Rawat,57,25,IT,147016,12737,8821,3796,1346,120316,0,21348,21970,7751,5827,56896,30443,5281,Medium,0.4728880614382127,0.25302536653479174,0.04389274909405233,0.18260248013564281
EMP02287,Neha Nagpal,42,24,IT,136903,10714,8214,2312,1265,114398,27370,18557,0,3843,6021,55791,2700,2149,Medium,0.4876920925191,0.02360181122047588,0.018785293449186176,0.0
EMP02288,Hemant Rathore,30,2,Marketing,50000,833,3000,1173,1828,43166,4465,7277,7442,2351,2788,24323,7603,2355,Medium,0.5634758837974332,0.17613399434740304,0.05455682713246537,0.17240420701478015
EMP02289,Megha Narang,54,29,Sales,85000,3500,5100,1642,1498,73260,22042,11586,0,13715,6850,54193,2243,1810,Low,0.7397351897351897,0.030616980616980618,0.024706524706524707,0.0
EMP02290,Rahul Trivedi,34,11,HR,55550,1111,3333,800,1427,48879,10348,5121,5420,4523,2799,28211,9788,2280,Medium,0.5771599255303914,0.20024959594099714,0.04664579880930461,0.1108860655905399
EMP02291,Palak Jadhav,58,28,Marketing,90000,4000,5400,1762,1544,77294,26015,11881,0,9069,5747,52712,5010,3497,Low,0.6819675524620281,0.06481745025487101,0.045242839030196394,0.0
EMP02292,Anjali Fernandes,24,1,Cyber Security,102673,5401,6160,2884,1479,86749,0,9013,7091,6549,4100,26753,24422,7489,High,0.30839548582692594,0.2815248590761853,0.08632952541239669,0.08174157627177259
EMP02293,Dhruv Goel,47,18,Operations,88947,3895,5337,1275,1437,77003,0,12317,0,4948,5275,22540,22973,5686,Medium,0.2927158682129268,0.2983390257522434,0.07384127891121126,0.0
EMP02294,Dhruv Sabharwal,33,11,Sales,62785,1473,3767,1907,1275,54363,0,9729,0,9509,5373,24611,2980,4393,Medium,0.4527160016923275,0.054816695178706104,0.08080863822820668,0.0
EMP02295,Karan Sahu,48,25,Operations,92859,4286,5572,1489,2073,79439,0,11334,14861,4400,3793,34388,22178,5660,Medium,0.432885610342527,0.2791827691687962,0.07124963808708569,0.18707435894208135
EMP02296,Ankit Fernandes,48,23,Operations,90003,4000,5400,1273,822,78508,0,14048,16667,6141,5854,42710,14955,4375,Medium,0.544020991491313,0.19049014113211393,0.05572680491160137,0.21229683599123655
EMP02297,Atharv Shinde,57,38,Finance,130000,9500,7800,3999,1691,107010,0,20306,20687,5859,6153,53005,19100,8178,Medium,0.49532753948229136,0.17848799177646948,0.07642276422764227,0.19331838145967667
EMP02298,Prachi Khanna,55,33,Sales,85000,3500,5100,1903,821,73676,0,7963,16050,6745,4057,34815,15696,3719,Medium,0.4725419403876432,0.21304088169824636,0.05047776752266681,0.2178457028068842
EMP02299,Nandini Mohanty,29,3,Sales,49997,833,3000,977,1577,43610,10853,6299,2693,3076,1958,24879,8222,1979,Medium,0.570488420087136,0.18853473973859206,0.0453795001146526,0.06175189176794313
EMP02300,Mayank Tayal,48,20,IT,129892,9484,7794,3141,887,108586,0,16638,35132,7543,7019,66332,18683,3826,Low,0.6108706463079955,0.1720571712743816,0.0352347448105649,0.3235407879468808
EMP02301,Mohit Swain,54,36,IT,150000,13333,9000,3754,1423,122490,46198,21984,0,21609,8491,98282,5907,2632,Low,0.8023675402073639,0.0482243448444771,0.02148746836476447,0.0
EMP02302,Anjali Somani,23,2,Product Management,124277,8642,7457,2779,1712,103687,0,13218,27771,15995,10287,67271,5082,6035,Low,0.6487891442514491,0.04901289457694793,0.058204017861448396,0.2678349262684811
EMP02303,Simran Chaudhary,48,16,Marketing,79228,2923,4754,1479,2118,67954,0,11016,14919,7478,4023,37436,5295,4991,Low,0.5509020808193779,0.07792035788916031,0.07344674338523119,0.21954557494775878
EMP02304,Neha Jadhav,40,9,IT,102145,5322,6129,2885,1294,86515,0,9935,27375,7975,5021,50306,13071,5319,Low,0.5814714211408426,0.15108362711668497,0.06148066809223834,0.3164191180720106
EMP02305,Rishabh Suri,48,19,Operations,86166,3617,5170,2025,1288,74066,26751,14042,0,12155,7809,60757,2372,2033,Low,0.8203089136715902,0.032025490778494856,0.02744849188561553,0.0
EMP02306,Ritika Mehta,29,2,Sales,47209,694,2833,748,1035,41899,0,7469,0,5952,3005,16426,4810,2268,Medium,0.3920379961335593,0.11479987589202606,0.0541301701711258,0.0
EMP02307,Ayush Narang,39,8,Sales,55056,1086,3303,904,1857,47906,0,7720,0,3246,2349,13315,14538,4555,High,0.2779401327599883,0.3034692940341502,0.0950820356531541,0.0
EMP02308,Manish Mukherjee,56,24,Operations,93821,4382,5629,1965,982,80863,0,11483,11540,1609,6146,30778,824,232,Low,0.38061907176335286,0.010190074570569977,0.0028690501218109643,0.1427105103693902
EMP02309,Vikram D'Souza,29,7,IT,96514,4651,5791,2050,1611,82411,0,13471,0,4543,4162,22176,24811,6377,High,0.26909029134460205,0.3010641783257089,0.07738044678501656,0.0
EMP02310,Parth Bose,23,0,Sales,45000,583,2700,841,912,39964,0,4589,0,6066,2770,13425,4207,3298,Medium,0.33592733460114105,0.10526974276849164,0.0825242718446602,0.0
EMP02311,Kunal Tayal,46,26,Customer Support,60000,1333,3600,2075,2072,50920,0,5720,13762,3371,3541,26394,2171,572,Low,0.5183424980361351,0.04263550667714061,0.011233307148468185,0.270267085624509
EMP02312,Rishabh Saini,60,26,Data Science,160567,15447,9634,3100,1850,130536,0,21561,44912,15470,12171,94114,6827,4167,Low,0.7209811852668996,0.052299748728320154,0.03192222835079978,0.34405834405834407
EMP02313,Dev Nair,39,17,Marketing,79071,2907,4744,1269,1199,68952,23986,11735,0,8382,6653,50756,3986,2539,Low,0.7361062768302588,0.05780833043276482,0.03682271725258151,0.0
EMP02314,Reema Trisha Porwal,54,30,Marketing,90000,4000,5400,1997,2164,76439,15280,10061,0,3066,1731,30138,27117,3635,Medium,0.39427517366789205,0.3547534635460956,0.04755425895158231,0.0
EMP02315,Anjali Nair,48,22,IT,137498,10833,8250,2279,1368,114768,29106,18063,0,4119,6620,57908,3353,497,Medium,0.5045657326083925,0.02921546075561132,0.004330475393838003,0.0
EMP02316,Ayush Kohli,45,26,Operations,89948,3995,5397,1928,1469,77159,18218,10977,6679,4869,4858,45601,14317,3477,Medium,0.5910004017677782,0.18555191228502182,0.04506279241566117,0.08656151583094648
EMP02317,Rakesh Somani,34,5,Operations,58939,1280,3536,1147,2299,50677,11585,6760,7008,5101,2447,32901,7728,1789,Medium,0.6492294334708053,0.1524952147917201,0.03530201077411844,0.138287586084417
EMP02318,Prachi Ahuja,48,20,Sales,80622,3062,4837,2052,1284,69387,21134,9868,0,9606,5788,46396,4361,3001,Medium,0.6686555118393935,0.06285038984247769,0.04325017654603888,0.0
EMP02319,Sneha Ahuja,25,1,Marketing,50000,833,3000,798,2014,43355,4841,5279,0,6986,3324,20430,5420,2476,Medium,0.47122592549878906,0.1250144158689886,0.05710990658516896,0.0
EMP02320,Sai Shetty,50,25,Customer Support,58263,1246,3496,1006,1714,50801,3811,7853,0,2000,4008,17672,1803,138,Medium,0.34786716796913447,0.035491427334107595,0.0027164819590165547,0.0
EMP02321,Saurabh Seth,38,9,Marketing,68095,1810,4086,1236,1896,59067,0,8433,19093,1933,3312,32771,2505,1034,Low,0.5548106387661469,0.042409467215196305,0.017505544551102984,0.3232430968222527
EMP02322,Simran Suri,56,34,HR,70000,2000,4200,2108,2131,59561,18788,8649,2088,6951,4835,41311,3622,2250,Low,0.6935914440657477,0.0608116049092527,0.03777639730696261,0.0350564967008613
EMP02323,Monika Dubey,41,18,Sales,73365,2336,4402,2158,1252,63217,20659,10726,0,10872,4207,46464,2707,1633,Low,0.7349921698277362,0.04282076023854343,0.02583165920559343,0.0
EMP02324,Sumit Bajaj,54,22,Data Science,157743,14882,9465,3845,1554,127997,0,20535,43892,7164,6111,77702,21279,6680,Low,0.6070611029946015,0.16624608389259124,0.05218872317319937,0.34291428705360283
EMP02325,Neha Ghosh,34,5,Operations,57052,1186,3423,1055,2362,49026,0,7527,13798,6231,3059,30615,1951,2822,Low,0.6244645698200955,0.03979521070452413,0.057561294007261454,0.2814424998980133
EMP02326,Anurag Divya Chopra,32,10,HR,49929,830,2996,772,1591,43740,10123,5506,1874,2195,1836,21534,7277,8460,High,0.492318244170096,0.1663694558756287,0.1934156378600823,0.04284407864654778
EMP02327,Shivam Khurana,46,25,Data Science,159385,15210,9563,3088,818,130706,28775,15715,0,3622,4132,52244,41075,6456,Medium,0.39970621088549874,0.3142548926598626,0.049393294875522166,0.0
EMP02328,Preeti Chaudhary,23,3,Data Science,102550,5382,6153,3444,1235,86336,20961,10456,4213,8902,4180,48712,17857,3513,Medium,0.5642142327650111,0.20683144922164567,0.0406898628613788,0.04879772053372869
EMP02329,Parth Porwal,40,16,Cyber Security,149233,13180,8954,3691,1770,121638,26505,16041,0,6783,5025,54354,16478,21214,Medium,0.4468504908005722,0.13546753481642249,0.1744027359871093,0.0
EMP02330,Saurabh Rawat,30,5,Sales,53370,1002,3202,1015,1971,46180,0,6447,0,3860,2621,12928,14035,3638,Medium,0.2799480294499783,0.3039194456474664,0.07877869207449112,0.0
EMP02331,Lokesh Banerjee,38,18,IT,127679,9152,7661,2815,1438,106613,0,16411,28921,8813,8155,62300,21852,3771,Low,0.5843565043662593,0.2049656233292375,0.035370920994625424,0.271270858150507
EMP02332,Preeti Chatterjee,48,15,Operations,77298,2730,4638,1648,1442,66840,7279,10966,0,4288,3060,25593,14868,4509,Medium,0.3828994614003591,0.22244165170556554,0.06745960502692998,0.0
EMP02333,Divya Parmar,48,20,IT,133370,10007,8002,2676,840,111845,21864,12199,14364,5994,4951,59372,33917,4010,Medium,0.5308417899772006,0.30325003352854396,0.0358531896821494,0.12842773481156958
EMP02334,Avantika Patel,38,14,Operations,69326,1933,4160,2019,2331,58883,18458,9928,0,1615,3592,33593,197,168,Medium,0.5705042202333441,0.0033456175806259873,0.0028531155002292684,0.0
EMP02335,Mansi Lakhotia,46,20,Finance,118036,7705,7082,3195,1518,98536,0,12584,31106,8585,3998,56273,16151,4128,Medium,0.5710907688560526,0.163909637086953,0.04189331817812779,0.3156815783064058
EMP02336,Ayaan Bhatia,39,17,Sales,73069,2307,4384,2197,1793,62388,19102,10511,0,9611,4370,43594,4682,2408,Medium,0.6987561710585369,0.07504648329807014,0.03859716612169007,0.0
EMP02337,Swati Solanki,26,6,Operations,64237,1545,3854,1468,1692,55678,11478,8104,0,1283,2626,23491,19011,2392,Medium,0.4219081145156076,0.34144545421890155,0.0429613132655627,0.0
EMP02338,Komal Saxena,31,12,IT,110501,6575,6630,2812,1634,92850,18812,13118,0,5653,4543,42126,19263,4891,Medium,0.45369951534733444,0.20746365105008077,0.05267635971997846,0.0
EMP02339,Yuvraj Bajaj,48,17,Customer Support,55633,1115,3338,1158,2294,47728,0,8080,0,2404,2834,13318,15576,4326,High,0.27903955749245724,0.3263493127723768,0.09063861884009386,0.0
EMP02340,Gaurav Tayal,33,12,Cyber Security,128545,9282,7713,2388,1283,107879,0,8759,16017,8421,3792,36989,19597,20846,Medium,0.34287488760555807,0.18165722707848608,0.19323501330194012,0.14847189907210856
EMP02341,Preeti Khanna,40,9,Marketing,60600,1363,3636,1201,2192,52208,10546,6927,0,1140,1494,20107,20931,2194,Medium,0.3851325467361324,0.4009155684952498,0.042024210848912044,0.0
EMP02342,Pooja Mittal,49,22,Customer Support,58625,1265,3518,739,1455,51648,12868,8017,0,3363,3557,27805,9190,3293,Medium,0.5383557930607187,0.17793525402726146,0.06375851920693928,0.0
EMP02343,Ishaan Kumawat,57,32,Sales,85000,3500,5100,1816,2422,72162,17391,9582,0,5314,4567,36854,15016,4098,Medium,0.5107120090906572,0.20808735899781047,0.0567888916604307,0.0
EMP02344,Karan Nikita Maheshwari,35,5,HR,48062,736,2884,710,2072,41660,4213,7318,0,2410,2829,16770,9659,3370,Medium,0.40254440710513684,0.23185309649543928,0.08089294287085934,0.0
EMP02345,Neha Seth,43,19,Marketing,83685,3368,5021,1305,1539,72452,0,11614,13552,2109,4041,31316,1216,1200,Medium,0.4322309943134765,0.016783525644564676,0.016562689780820407,0.18704797659139843
EMP02346,Ritika Daga,58,30,Customer Support,60000,1333,3600,2026,928,52113,10877,7046,0,2130,1784,21837,15347,2519,Medium,0.41903171953255425,0.29449465584403123,0.04833726709266402,0.0
EMP02347,Ravi Aarav Shukla,26,6,IT,93396,4340,5604,1999,1964,79489,6279,11728,0,3069,2908,23984,33232,4185,Medium,0.3017272830202921,0.4180704248386569,0.052648794172778624,0.0
EMP02348,Lakshay Lakhotia,22,0,Sales,46375,652,2782,1064,1745,40132,0,5085,0,7523,3732,16340,4062,3327,Medium,0.407156383933021,0.10121598724210107,0.08290142529652147,0.0
EMP02349,Ayush Krishna Dubey,22,0,Sales,45000,583,2700,1083,1815,38819,12073,5232,1989,5778,3317,28389,2351,820,Low,0.7313171385146449,0.06056312630412942,0.02112367655014297,0.05123779592467606
EMP02350,Sneha Bedi,56,27,Cyber Security,180000,20000,10800,3774,1303,144123,0,20512,43770,8009,8082,80373,29760,5720,Medium,0.5576694906434088,0.20649028954434753,0.039688321780701204,0.3036989238358902
EMP02351,Shubham Mansi Kohli,34,6,HR,46068,637,2764,707,1162,40798,9829,5940,0,1253,1004,18026,15806,1343,High,0.44183538408745526,0.38742095200745136,0.032918280307858226,0.0
EMP02352,Aman Mukherjee,42,21,Operations,89714,3971,5383,2154,1910,76296,0,12110,25855,13274,7437,58676,2052,2740,Low,0.7690573555625458,0.026895250078641082,0.035912760826255635,0.33887752962147427
EMP02353,Aisha Maheshwari,50,19,Data Science,141973,11728,8518,2692,1340,117695,11529,13781,14447,11927,4475,56159,19048,24396,High,0.4771570584986618,0.1618420493648838,0.20728153277539402,0.12274947958706826
EMP02354,Rishabh Iyer,43,15,IT,117165,7575,7030,3303,1198,98059,0,17320,0,11601,10131,39052,7341,8947,Medium,0.3982500331433117,0.07486309262790769,0.09124098756870863,0.0
EMP02355,Shruti Trivedi,53,29,Sales,85000,3500,5100,1287,1036,74077,0,12613,17364,3317,3157,36451,23901,2124,Medium,0.49206906327200073,0.32265075529516585,0.02867286742173684,0.23440474101272998
EMP02356,Amit Narang,53,32,HR,70000,2000,4200,1953,1530,60317,4175,9451,0,3621,2623,19870,15358,5122,High,0.32942619825256564,0.2546214168476549,0.08491801647959946,0.0
EMP02357,Bhavna Goel,37,16,Finance,105245,5787,6315,2562,1359,89222,4872,15422,0,15638,6186,42118,10652,5421,Medium,0.47205846091771086,0.11938759498778329,0.06075855730649391,0.0
EMP02358,Pankaj Bajaj,45,18,Finance,114159,7124,6850,2369,2118,95698,23666,17080,0,6439,6510,53695,19283,4784,Medium,0.5610880060189346,0.20149846391774123,0.04999059541474221,0.0
EMP02359,Vikram Nair,22,3,Marketing,55920,1129,3355,705,1882,48849,0,6255,0,7182,3248,16685,3300,4274,Medium,0.3415627750823968,0.06755511883559541,0.08749411451616206,0.0
EMP02360,Aditya Mohanty,45,23,Operations,87493,3749,5250,1907,1125,75462,7098,10934,9931,4346,4181,36490,15509,4446,Medium,0.48355463677082505,0.20552065940473352,0.058917070843603404,0.13160266094193104
EMP02361,Sumit Lakhotia,49,18,Data Science,145446,12423,8727,2772,1380,120144,0,21106,18908,8531,6116,54661,23026,9764,Medium,0.4549623784791583,0.19165334931415634,0.08126914369423359,0.15737781329071782
EMP02362,Shruti Rajput,57,36,Finance,130000,9500,7800,3672,2096,106932,0,15343,0,5063,4869,25275,55577,5061,High,0.2363651666479632,0.5197415179740396,0.04732914375490966,0.0
EMP02363,Avantika Deshmukh,32,12,Operations,66907,1691,4014,1708,1275,58219,5609,7664,0,3396,2288,18957,13782,4547,Medium,0.32561534894106736,0.23672684175269243,0.07810165066387262,0.0
EMP02364,Sakshi Mittal,53,29,HR,70000,2000,4200,1308,1903,60589,12444,8572,1056,2488,2245,26805,18031,2548,High,0.4424070375810791,0.297595273069369,0.042053838155440754,0.017428906237105746
EMP02365,Vivaan Vidhi Mehta,57,22,Data Science,164460,16225,9868,3368,1464,133535,0,15405,45353,5868,4584,71210,16656,22108,Medium,0.5332684314973603,0.12473134384243831,0.16555959111843338,0.33963380387164416
EMP02366,Khushi Kulkarni,55,31,HR,70000,2000,4200,1962,1546,60292,0,9507,21079,4702,2571,37859,9586,2880,Medium,0.6279274198898693,0.15899290121409143,0.047767531347442445,0.3496152059974789
EMP02367,Bhavna Sahu,29,6,Data Science,110786,6618,6647,2656,1617,93248,0,11470,0,9205,5320,25995,24250,8072,High,0.2787727350720659,0.2600591969800961,0.08656485929993137,0.0
EMP02368,Khushi Ghosh,29,5,Marketing,60586,1363,3635,2090,1872,51626,0,8863,17422,7954,3752,37991,2585,1594,Low,0.7358888931933522,0.0500716693139116,0.030875915236508737,0.3374656180994073
EMP02369,Sneha George,42,24,Customer Support,59762,1321,3586,1105,1303,52447,0,8975,22838,2420,2754,36987,1393,398,Low,0.7052262283829389,0.026560146433542434,0.007588613266726409,0.43544912006406467
EMP02370,Tushar Mathew,27,7,Marketing,61075,1387,3664,1659,1357,53008,10306,7560,0,1245,2483,21594,21958,2306,High,0.4073724720796861,0.4142393600965892,0.04350286749169937,0.0
EMP02371,Aarav Bohra,30,2,Data Science,101436,5215,6086,3347,2023,84765,19498,7625,0,5339,3829,36291,32678,3159,Medium,0.42813661298885153,0.3855128885742936,0.03726774022296939,0.0
EMP02372,Sakshi Palak Tayal,54,38,Sales,85000,3500,5100,1270,1885,73245,17219,12133,2486,3180,3720,38738,2933,5,Medium,0.5288825175779917,0.040043688989009486,6.82640453273261e-05,0.03394088333674654
EMP02373,Anurag Garima George,56,31,Sales,85000,3500,5100,1500,1829,73071,0,11022,0,3291,3532,17845,30381,4764,High,0.2442145310725185,0.41577369955249005,0.06519686332471158,0.0
EMP02374,Vivaan Fernandes,47,22,IT,132908,9936,7974,3208,1176,110614,24590,8942,0,7834,4763,46129,17393,18905,High,0.41702677780389463,0.15724049397002188,0.1709096497730848,0.0
EMP02375,Trisha Behera,43,26,Sales,85000,3500,5100,2029,2031,72340,4147,9421,0,1389,1394,16351,38283,3337,High,0.22602985899917058,0.5292092894664087,0.04612938899640586,0.0
EMP02376,Riya Sabharwal,52,29,Cyber Security,180000,20000,10800,3910,2004,143286,42478,21483,19874,14461,10892,109188,13477,4371,Low,0.7620283907709058,0.09405664196083358,0.030505422720991583,0.1387016177435339
EMP02377,Rajat Agarwal,44,25,HR,68079,1808,4085,1724,2009,58453,13033,6007,0,5909,2244,27193,15548,2494,Medium,0.4652113663969343,0.26599148033462783,0.04266675790806289,0.0
EMP02378,Rashmi Pawar,51,22,Operations,94806,4481,5688,1998,2186,80453,0,8614,18230,5803,4746,37393,1865,1588,Low,0.4647806794028812,0.023181236249735872,0.01973823225982872,0.2265919232346836
EMP02379,Vivek Kohli,26,7,Operations,65520,1609,3931,1471,1034,57475,0,4954,17294,3876,1801,27925,15356,3413,Medium,0.48586341887777296,0.26717703349282296,0.059382340147890386,0.3008960417572858
EMP02380,Rashmi Mohit Mohanty,25,0,Cyber Security,95000,4500,5700,1970,1527,81303,17656,7104,6900,5610,4099,41369,26826,2280,High,0.5088250126071608,0.3299509243201358,0.028043245636692374,0.08486771705841113
EMP02381,Trisha Ishita Tomar,31,8,Operations,65697,1618,3942,2092,1840,56205,20073,8569,0,8520,3756,40918,2700,2195,Low,0.728013521928654,0.04803843074459568,0.03905346499421759,0.0
EMP02382,Shubham Vivek Mukherjee,23,3,IT,93471,4347,5608,1837,1569,80110,0,8319,0,13081,6318,27718,11603,4466,Medium,0.345999251029834,0.1448383472725003,0.0557483460242167,0.0
EMP02383,Garima Seth,31,7,Data Science,106929,6039,6416,2940,1511,90023,28352,13211,10389,15102,5528,72582,2457,2891,Low,0.806260622285416,0.02729302511580374,0.03211401530719927,0.11540384124057185
EMP02384,Priya Bagri,38,9,Cyber Security,127485,9123,7649,3327,2058,105328,23473,15374,6414,4426,4501,54188,11854,19104,Medium,0.5144690870423819,0.11254367309737202,0.18137627221631475,0.06089548837915844
EMP02385,Payal Bohra,40,18,Operations,83675,3368,5020,2194,1494,71599,4582,13759,0,4329,4247,26917,16165,5248,Medium,0.37594100476263637,0.2257713096551628,0.07329711308817162,0.0
EMP02386,Saloni Chatterjee,30,6,Operations,56931,1180,3416,842,1549,49944,8805,6378,0,1909,1002,18094,20329,1938,High,0.3622857600512574,0.4070358801858081,0.038803459875060065,0.0
EMP02387,Gaurav Vikram Lodha,44,18,IT,131627,9744,7898,3301,1672,109012,0,14518,31707,10415,5784,62424,22750,4205,Medium,0.5726342054085789,0.20869262099585367,0.03857373500165119,0.2908578872050783
EMP02388,Priya Agarwal,29,7,Finance,84583,3458,5075,2010,1177,72863,15360,9650,0,1943,3217,30170,26025,3293,High,0.41406475165721973,0.3571771681100147,0.04519440593991463,0.0
EMP02389,Harsh Mohit Shinde,40,16,Data Science,146484,12630,8789,3589,1383,120093,0,18331,25202,5373,5052,53958,44359,4560,Medium,0.4493017911118883,0.36937206997909955,0.03797057280607529,0.20985402979357665
EMP02390,Shruti Garima Nair,24,1,Finance,73619,2362,4417,1985,1480,63375,10923,6609,0,3900,2813,24245,19653,3535,Medium,0.38256410256410256,0.31010650887573965,0.05577909270216962,0.0
EMP02391,Abhishek Tiwari,23,0,Operations,50000,833,3000,1132,2192,42843,3141,4500,0,3015,2061,12717,16080,3216,High,0.2968279532245641,0.37532385687276804,0.0750647713745536,0.0
EMP02392,Rashmi Menon,41,15,Sales,64680,1567,3881,1692,1481,56059,13112,8302,6330,4375,3495,35614,8288,2524,Medium,0.6352949570987709,0.14784423553755865,0.045023992579246865,0.11291674842576571
EMP02393,Rohit Mehta,25,2,IT,83121,3312,4987,1626,1358,71838,0,7662,0,6947,2356,16965,14613,19110,High,0.23615635179153094,0.20341601937693143,0.26601520086862107,0.0
EMP02394,Tanvi Bhatia,47,19,Operations,86666,3667,5200,1552,1140,75107,18764,10824,2761,4805,4347,41501,13988,4750,Medium,0.5525583500872089,0.1862409628929394,0.06324310650139135,0.0367608878000719
EMP02395,Ashish Mittal,49,25,Sales,85000,3500,5100,2028,2006,72366,0,13446,20180,2592,5842,42060,1505,64,Low,0.5812121714617362,0.020797059392532406,0.0008843932233369261,0.27886023823342454
EMP02396,Monika Patel,27,7,Sales,54740,1070,3284,1117,1196,48073,0,8170,0,4900,3337,16407,7737,4621,Medium,0.3412934495454829,0.16094273292700684,0.0961246437709317,0.0
EMP02397,Nikhil Lakhotia,49,21,Data Science,156990,14731,9419,3154,1045,128641,32076,24897,16726,10493,8255,92447,15911,4857,Low,0.7186433563171928,0.12368529473496008,0.03775623634766521,0.13002075543566982
EMP02398,Ashish Iyer,46,20,Marketing,84114,3411,5047,1599,2095,71962,16803,12800,0,5059,4062,38724,11923,3447,Medium,0.5381173397070677,0.16568466690753453,0.04790028070370473,0.0
EMP02399,Gaurav Banerjee,28,2,Operations,51610,914,3097,820,1588,45191,0,6775,12939,1657,3107,24478,1009,644,Low,0.5416565245292204,0.02232745458166449,0.014250625124471688,0.2863180721825142
EMP02400,Lokesh Solanki,50,24,IT,138147,10963,8289,3513,1720,113662,0,14030,0,4460,2488,20978,47207,10816,High,0.18456476218965,0.41532790202530306,0.09515933205468846,0.0
EMP02401,Hemant Parmar,24,0,HR,40000,333,2400,1059,1196,35012,0,4314,5470,3435,1541,14760,7235,2404,Medium,0.42156974751513765,0.20664343653604478,0.06866217296926767,0.15623214897749343
EMP02402,Tushar Nikhil Somani,58,22,Sales,77338,2734,4640,1312,1137,67515,0,12872,21675,3636,3687,41870,9803,3166,Low,0.6201584833000074,0.145197363548841,0.04689328297415389,0.3210397689402355
EMP02403,Rohit Suri,59,30,Finance,130000,9500,7800,3275,1796,107629,0,15319,28705,5151,5066,54241,31075,4570,Medium,0.5039626866365013,0.2887232994824815,0.04246067509686051,0.26670321195960195
EMP02404,Garima Lodha,57,34,Product Management,220000,31000,13200,3425,1303,171072,0,26658,11277,10159,11470,59564,48131,10044,Medium,0.3481808829031051,0.28134937336326227,0.058712121212121215,0.0659196127946128
EMP02405,Sneha Aakash More,29,3,Marketing,58504,1259,3510,715,1631,51389,12369,4386,3234,2941,2681,25611,16025,2323,Medium,0.49837513864834887,0.31183716359532193,0.04520422658545603,0.06293175582323066
EMP02406,Pankaj Chatterjee,43,19,Cyber Security,165006,16335,9900,3561,1459,133751,0,11663,0,14391,7193,33247,24090,41152,High,0.2485738424385612,0.1801108029098848,0.3076762042900614,0.0
EMP02407,Komal Goel,59,22,Finance,117638,7646,7058,3529,1467,97938,0,17421,0,8311,6584,32316,30785,8626,High,0.3299638546835753,0.3143315158569707,0.08807612979640181,0.0
EMP02408,Lakshay George,51,34,Finance,130000,9500,7800,3519,873,108308,9061,18680,18641,6892,6471,59745,17743,5027,Medium,0.5516213022122096,0.16381984710270708,0.046413930642242494,0.1721110167300661
EMP02409,Neha Deshmukh,45,27,IT,146231,12580,8774,2287,2207,120383,0,11723,0,6986,5398,24107,8740,2828,Medium,0.20025252735020727,0.07260161318458587,0.023491689025859134,0.0
EMP02410,Shruti Naidu,22,0,HR,40000,333,2400,958,998,35311,7122,3112,0,2744,734,13712,13700,1965,High,0.38832091982668293,0.3879810823822605,0.05564838152417094,0.0
EMP02411,Komal Malhotra,57,26,Data Science,170000,17500,10200,2540,968,138792,27395,20869,23929,6854,6056,85103,29208,3949,Medium,0.6131693469364229,0.2104444060176379,0.028452648567640786,0.17240907256902416
EMP02412,Parth Dubey,54,29,Finance,130000,9500,7800,3143,1089,108468,0,17347,22303,7001,7497,54148,26105,5888,Medium,0.49920713943282813,0.24067005937234945,0.0542832909245123,0.20561824685621566
EMP02413,Sneha Jain,38,13,Customer Support,48541,760,2912,807,1415,42647,4261,7507,0,1069,2162,14999,2747,1036,Medium,0.35170117476024104,0.06441250263793467,0.02429244729992731,0.0
EMP02414,Avantika Ayush Jindal,43,20,HR,66879,1688,4013,1302,1859,58017,0,9683,16115,2900,3727,32425,9979,3431,Low,0.5588879121636762,0.17200130996087354,0.05913783890928521,0.2777634141717083
EMP02415,Neha Pawar,43,25,Finance,130000,9500,7800,2971,1265,108464,18871,12949,0,4081,3448,39349,38267,6577,High,0.3627839651866057,0.3528083050597433,0.060637630919014605,0.0
EMP02416,Divya Dubey,44,28,Operations,93506,4351,5610,1389,1104,81052,19465,14200,0,4075,4805,42545,13224,11911,Medium,0.5249099343631249,0.16315451808715392,0.1469550412081133,0.0
EMP02417,Priya Lodha,27,6,Sales,54422,1054,3265,735,1161,48207,18215,8609,0,7057,4161,38042,1978,922,Low,0.7891385068558509,0.04103138548343602,0.019125853091874624,0.0
EMP02418,Sakshi Narang,29,7,Operations,58335,1250,3500,739,741,52105,3815,7864,3088,3547,3173,21487,13173,3315,Medium,0.41237885039823435,0.2528164283657998,0.0636215334420881,0.05926494578255446
EMP02419,Kavya Behera,44,16,IT,121850,8278,7311,2571,1988,101702,23860,17799,10245,6880,6848,65632,12745,5302,Low,0.6453363748992154,0.12531710290849737,0.052132701421800945,0.1007354820947474
EMP02420,Sanya Parmar,49,20,HR,62052,1436,3723,2185,2123,52585,0,8414,12527,2746,2578,26265,11510,3229,Medium,0.4994770371779024,0.2188837120851954,0.06140534372920034,0.23822382808785775
EMP02421,Namrata D'Souza,26,2,Finance,78137,2814,4688,1897,2288,66450,14967,7787,3502,6596,4048,36900,12718,3409,Medium,0.5553047404063205,0.1913920240782543,0.05130173062452972,0.0527012791572611
EMP02422,Rohan Wadhwa,41,19,Product Management,179391,19848,10763,3149,1161,144470,30619,21519,0,10169,5788,68095,31351,8022,Medium,0.4713435315290372,0.21700699107081056,0.05552709905170624,0.0
EMP02423,Harsh Chaudhary,47,16,Customer Support,49405,804,2964,887,1739,43011,0,6527,10764,1448,1664,20403,14321,1293,Medium,0.47436702238962125,0.33296133547232104,0.030062077143056427,0.25026156099602426
EMP02424,Aditi Soni,57,22,Data Science,153764,14086,9226,3009,1688,125755,0,16714,39379,6671,4145,66909,20001,19555,Medium,0.5320583674605384,0.15904735398194902,0.1555007753170848,0.313140630591229
EMP02425,Divya Trivedi,58,24,Sales,82370,3237,4942,1653,1597,70941,0,10740,13902,3629,3618,31889,16366,4542,Medium,0.44951438519332965,0.23069874966521475,0.06402503488814648,0.1959656616061234
EMP02426,Garima Tomar,48,17,IT,127504,9126,7650,2562,1910,106256,0,17852,0,14620,10089,42561,14578,7823,Medium,0.4005514982683331,0.13719695828941425,0.0736240776991417,0.0
EMP02427,Ayaan Jain,50,20,Data Science,147014,12736,8821,2699,1669,121089,25598,16010,0,7908,6232,55748,32280,5941,High,0.46038863976083705,0.26658077942670266,0.049063085829431245,0.0
EMP02428,Gaurav Joshi,25,2,Operations,56545,1161,3393,819,1212,49960,11992,4305,6494,3833,2493,29117,5540,8631,Medium,0.5828062449959968,0.11088871096877502,0.1727582065652522,0.1299839871897518
EMP02429,Rupal Roy,47,28,Sales,85000,3500,5100,1618,1100,73682,0,10153,17368,15903,6677,50101,3807,2700,Low,0.6799625417333949,0.0516679786107869,0.03664395646155099,0.23571564289785837
EMP02430,Vivek Gill,23,0,IT,80000,3000,4800,1365,1403,69432,21772,8052,9961,13799,4884,58468,1134,1602,Low,0.8420901025463763,0.016332526788800553,0.023072934669892846,0.14346410876829127
EMP02431,Karan Kapoor,39,16,IT,116831,7525,7010,3745,1578,96973,0,13447,7608,4473,4195,29723,44099,5526,High,0.30650799707134974,0.4547554473925732,0.05698493395068731,0.07845482763243378
EMP02432,Kunal Behera,44,20,IT,128164,9225,7690,3270,1925,106054,35519,17304,0,15535,9734,78092,6262,3546,Low,0.7363418635789315,0.059045391970128425,0.03343579685820431,0.0
EMP02433,Tanvi Mohanty,57,35,Operations,95000,4500,5700,1847,1489,81464,0,10142,25006,4036,4472,43656,12485,14005,Medium,0.5358931552587646,0.15325788078169497,0.17191642934302268,0.30695767455563194
EMP02434,Anjali Bohra,36,18,HR,66918,1692,4015,1342,1164,58705,0,8934,13499,4627,4187,31247,11433,3387,Medium,0.5322715271271612,0.19475342815773783,0.05769525594072055,0.22994634187888596
EMP02435,Neha Khurana,36,17,Customer Support,51179,892,3071,1176,1750,44290,0,5385,14613,1959,2113,24070,5629,7684,Medium,0.5434635357868594,0.12709415217882142,0.17349288778505306,0.3299390381575977
EMP02436,Vaishnavi D'Souza,53,25,Cyber Security,180000,20000,10800,3148,1859,144193,0,17461,40455,15270,6499,79685,28692,7458,Medium,0.5526273813569313,0.19898330709535136,0.05172234435790919,0.28056146969686463
EMP02437,Lokesh Rupal Jindal,26,5,Sales,53189,993,3191,1053,860,47092,0,7746,10916,7806,3904,30372,3704,1544,Low,0.6449503100314279,0.07865454854327698,0.03278688524590164,0.23180157988618025
EMP02438,Aman George,30,5,Operations,56584,1163,3395,921,1805,49300,13646,9323,2572,3304,2537,31382,6454,2847,Medium,0.636551724137931,0.13091277890466532,0.057748478701825555,0.052170385395537526
EMP02439,Avantika Das,29,2,Customer Support,36282,147,2177,859,1129,31970,7531,4471,0,779,1580,14361,18,749,Medium,0.44920237722865186,0.0005630278385986863,0.023428213950578668,0.0
EMP02440,Karan Maheshwari,57,38,Data Science,170000,17500,10200,2356,853,139091,0,15463,38280,15138,8350,77231,26928,5577,Medium,0.555255192643665,0.19359987346413499,0.04009605222480247,0.27521550639509385
EMP02441,Rajat Jyoti Fernandes,59,30,Operations,95000,4500,5700,1529,1601,81670,14850,11448,10301,3216,2527,42342,21782,2971,Medium,0.5184523080690584,0.2667074813272928,0.03637810701604016,0.12612954573282723
EMP02442,Bhavna Mohit Menon,39,10,Marketing,64122,1539,3847,1844,1728,55164,18568,9936,0,6622,5404,40530,3162,1951,Low,0.7347182945399173,0.057319991298673045,0.03536726850844754,0.0
EMP02443,Aisha Jadhav,55,36,Product Management,220000,31000,13200,3746,1833,170221,42739,26197,0,11127,10758,90821,24447,25522,Medium,0.5335475646365607,0.1436191774222922,0.14993449691871155,0.0
EMP02444,Rishabh Sharma,24,1,Sales,46225,645,2774,802,1656,40348,10064,6913,4411,2034,2642,26064,377,317,Low,0.645979974224249,0.009343709725389115,0.007856647169624269,0.10932388222464558
EMP02445,Shreya Bohra,27,4,Data Science,103214,5482,6193,2236,1291,88012,0,13434,26061,4214,4940,48649,17285,4496,Low,0.5527541698859246,0.196393673589965,0.051083943098668365,0.29610734899786395
EMP02446,Yuvraj Arora,57,26,Sales,85000,3500,5100,1350,1116,73934,22299,13489,0,12541,6890,55219,4412,2456,Low,0.746868828955555,0.05967484513214489,0.03321881678253578,0.0
EMP02447,Yash Chauhan,31,8,IT,93966,4397,5638,2120,1311,80500,19573,13455,8622,6500,3744,51894,12889,2695,Medium,0.6446459627329193,0.16011180124223603,0.033478260869565214,0.1071055900621118
EMP02448,Anurag Iyer,54,31,HR,70000,2000,4200,1246,1950,60604,0,7027,18664,5004,3820,34515,12479,2151,Low,0.5695168635733615,0.20591050095703253,0.03549270675202957,0.3079664708600092
EMP02449,Vidhi Goel,38,13,Sales,64289,1548,3857,1228,1531,56125,6699,9923,0,3169,2609,22400,13540,4406,Medium,0.39910913140311804,0.24124721603563473,0.0785033407572383,0.0
EMP02450,Avantika Gill,53,30,Sales,85000,3500,5100,2059,1147,73194,0,12538,21239,11578,4828,50183,5583,2592,Low,0.6856163073475968,0.07627674399540946,0.03541273874907779,0.29017405798289475
EMP02451,Riya Gill,49,26,Sales,85000,3500,5100,1652,1503,73245,0,11661,15953,4409,4927,36950,15914,3133,Medium,0.5044712949689398,0.2172708034678135,0.04277425080210253,0.21780326302136666
EMP02452,Krishna Seth,59,31,Operations,95000,4500,5700,2051,1242,81507,4759,13146,0,4727,4299,26931,12182,21544,High,0.3304133387316427,0.14945955562098961,0.2643208558774093,0.0
EMP02453,Saurabh Anjali Lakhotia,58,33,IT,150000,13333,9000,3981,1869,121817,32461,10444,17518,10121,5282,75826,12369,15428,Medium,0.6224582775803049,0.10153755222998433,0.12664898987826,0.14380587274354154
EMP02454,Vikram Purohit,48,22,Marketing,90000,4000,5400,1777,1126,77697,0,14217,17090,6231,5812,43350,17092,3581,Medium,0.5579365998687208,0.2199827535168668,0.0460892955969986,0.21995701249726501
EMP02455,Namrata Sharma,30,3,Marketing,51154,891,3069,814,1907,44473,15529,6518,0,6917,3138,32102,2679,1192,Low,0.7218312234389405,0.06023879657320172,0.026802779214354776,0.0
EMP02456,Akash Rajput,34,10,Cyber Security,121682,8252,7301,3656,1140,101333,0,14440,20106,10234,5711,50491,20578,7105,Medium,0.498268086408179,0.20307303642446192,0.07011536222158625,0.19841512636554726
EMP02457,Mansi Dubey,58,36,Data Science,170000,17500,10200,3275,1760,137265,35762,25669,4386,8121,7085,81023,23303,6456,Medium,0.5902670017848687,0.1697665100353331,0.04703311113539504,0.031952792044585294
EMP02458,Kunal Khushi Mohanty,24,1,Sales,49253,796,2955,901,1822,42779,15239,5964,4595,6070,3675,35543,812,710,Low,0.8308515860585801,0.018981275859650763,0.01659692839944833,0.10741251548657052
EMP02459,Nikita Dubey,38,18,IT,128720,9308,7723,2230,2061,107398,0,13650,21728,6364,4757,46499,21097,22309,Medium,0.4329596454310136,0.19643755004748692,0.20772267639993297,0.20231289223263002
EMP02460,Pankaj Tiwari,45,17,IT,130593,9589,7836,2501,1004,109663,0,16967,22698,5772,5649,51086,18697,19455,Medium,0.465845362610908,0.17049506214493493,0.1774071473514312,0.20697956466629583
EMP02461,Rashmi Pradhan,51,36,HR,70000,2000,4200,1560,1657,60583,0,8721,14829,3256,2191,28997,9381,13121,Medium,0.4786326197118003,0.15484541868180843,0.2165789082745985,0.2447716356073486
EMP02462,Dev Parmar,53,25,HR,70000,2000,4200,1295,2227,60278,0,9893,20274,2076,2434,34677,2002,28,Low,0.5752845150801288,0.033212780782374995,0.00046451441653671323,0.3363416171737616
EMP02463,Nikhil Das,52,37,Sales,85000,3500,5100,1408,1116,73876,0,10249,22505,7448,4727,44929,5608,2684,Low,0.6081677405381991,0.07591098597650116,0.03633114949374628,0.3046320861984948
EMP02464,Mansi Kohli,40,13,Cyber Security,132963,9944,7978,3187,2074,109780,0,13477,32391,6218,5919,58005,10944,18879,Medium,0.5283749316815449,0.0996902896702496,0.1719712151575879,0.29505374385133903
EMP02465,Priya Ghosh,48,21,Sales,78560,2856,4714,2088,1041,67861,21376,11296,0,8049,7218,47939,3800,3060,Low,0.7064293187545129,0.05599681702303237,0.04509217370802081,0.0
EMP02466,Sonia Mathew,56,37,Sales,85000,3500,5100,1712,897,73791,8669,13410,8632,4085,3533,38329,17217,3049,Medium,0.5194264883251345,0.23332113672399074,0.04131940209510645,0.11697903538371889
EMP02467,Akash Sahu,42,27,Operations,94864,4486,5692,2016,1944,80726,18964,11395,5825,3745,2494,42423,24492,2152,Medium,0.5255184203354557,0.3033966751728068,0.026658077942670267,0.0721576691524416
EMP02468,Tanvi Dev Porwal,58,24,Sales,85000,3500,5100,1606,2033,72761,0,11780,20478,3820,3850,39928,12556,5053,Medium,0.5487555146300903,0.17256497299377413,0.06944654416514341,0.28144198128118086
EMP02469,Parth Tayal,44,16,Data Science,143518,12037,8611,2430,1586,118854,23774,14548,9542,6741,4172,58777,17617,20606,High,0.494531105389806,0.1482238713042893,0.1733723728271661,0.08028337287764821
EMP02470,Shivam Parmar,27,6,Cyber Security,116940,7541,7016,3498,1747,97138,20115,10122,14647,8766,4286,57936,8808,17408,Medium,0.5964298214910746,0.09067512199139369,0.1792089604480224,0.15078548045049311
EMP02471,Payal Sabharwal,43,22,Operations,84705,3470,5082,1544,1282,73327,0,11302,0,5131,4166,20599,21347,5695,High,0.2809197157936367,0.2911205967788127,0.07766579840986267,0.0
EMP02472,Harsh Khanna,50,24,Finance,122522,8378,7351,2504,1817,102472,0,17095,21956,2253,6383,47687,2215,1269,Low,0.46536614880162386,0.021615660863455382,0.01238387071590288,0.2142634085408697
EMP02473,Ishita Khandelwal,41,15,Sales,66886,1689,4013,1373,1996,57815,14304,9022,0,1097,3630,28053,1771,1278,Medium,0.4852200985903312,0.030632188878318777,0.02210499005448413,0.0
EMP02474,Rishabh Banerjee,23,2,Marketing,55190,1093,3311,992,1856,47938,0,4265,0,3959,2351,10575,19294,3591,Medium,0.22059743835787893,0.40247820100963744,0.07490925779131379,0.0
EMP02475,Rajat More,41,23,Sales,82660,3266,4960,1558,1806,71070,4861,11550,0,10456,6340,33207,4243,3902,Medium,0.4672435626846771,0.05970170254678486,0.0549036161530885,0.0
EMP02476,Manish Mayank Mundra,24,2,Finance,75851,2585,4551,2196,1223,65296,0,7969,0,11372,4857,24198,9582,5012,Medium,0.3705893163440333,0.14674712080372457,0.0767581475128645,0.0
EMP02477,Yuvraj Suri,52,38,Operations,95000,4500,5700,1614,1021,82165,0,12576,21421,6124,3530,43651,17180,5321,Medium,0.531260268970973,0.20909146230146655,0.06475993427858577,0.2607071137345585
EMP02478,Vaishnavi Atharv Menon,51,31,Operations,95000,4500,5700,2013,2078,80709,0,14902,27481,2302,3986,48671,1494,558,Low,0.6030430311365523,0.01851094673456492,0.00691372709363268,0.34049486426544745
EMP02479,Hemant Shinde,27,2,Marketing,50674,867,3040,1167,1603,43997,10021,6340,5502,3308,1982,27153,6009,1978,Low,0.6171557151623974,0.13657749392004,0.04495761074618724,0.12505398095324682
EMP02480,Rishabh Suri,49,26,Marketing,90000,4000,5400,1611,2237,76752,0,10968,20538,1933,3270,36709,21837,2893,Medium,0.47828069626850117,0.2845137585991245,0.037692828851365434,0.2675891181988743
EMP02481,Rohit Daga,59,29,Sales,85000,3500,5100,1368,961,74071,5045,11745,0,5219,2932,24941,17352,5249,Medium,0.33671747377516165,0.23426172186145724,0.07086444087429629,0.0
EMP02482,Abhishek More,24,0,Data Science,93963,4396,5638,1774,1913,80242,27083,11162,6315,16965,7221,68746,2491,1212,Low,0.8567333815208993,0.031043593130779392,0.015104309463871788,0.07869943421151018
EMP02483,Ankit Rohan Bedi,31,9,Customer Support,44179,542,2651,759,1642,38585,14494,4282,0,8286,3737,30799,1839,818,Low,0.7982117403135933,0.04766100816379422,0.0211999481663859,0.0
EMP02484,Nikhil Reema Bagri,34,8,Sales,60240,1345,3614,1245,1827,52209,0,7024,0,3648,2263,12935,14436,5572,High,0.2477542186213105,0.2765040510256852,0.10672489417533375,0.0
EMP02485,Manish Kulkarni,22,3,Sales,50916,879,3055,759,1664,44559,0,5302,0,9378,4693,19373,3355,2944,Medium,0.43477187549092217,0.07529343118113063,0.06606970533450032,0.0
EMP02486,Ritika Tayal,57,35,Marketing,90000,4000,5400,1824,1593,77183,8247,6408,0,6667,4167,25489,12009,18730,High,0.33024111527149763,0.1555912571421168,0.2426700180091471,0.0
EMP02487,Aditya Payal Jain,44,25,Sales,85000,3500,5100,2028,1487,72885,21947,10383,0,9695,5244,47269,5368,2142,Medium,0.6485422240515881,0.07365027097482335,0.029388763119983535,0.0
EMP02488,Payal Swain,40,12,Finance,92294,4229,5538,1989,1121,79417,25110,13244,22477,12086,4879,77796,232,157,Low,0.9795887530377627,0.002921288892806326,0.0019769067076318672,0.2830250450155508
EMP02489,Aarav Khandelwal,31,6,Operations,63037,1485,3782,1682,1019,55069,0,4996,4245,3869,2620,15730,23739,3608,High,0.28564164956690696,0.4310773756559952,0.06551780493562621,0.07708511140569105
EMP02490,Avantika Kulkarni,42,27,Cyber Security,172786,18196,10367,3219,1225,139779,0,20043,0,10637,6742,37422,43753,11677,High,0.2677226192775739,0.3130155459689939,0.08353901515964487,0.0
EMP02491,Nikita Khurana,37,13,Marketing,74260,2426,4456,1882,1392,64104,15336,8721,0,4369,3733,32159,13321,3035,Medium,0.5016691626107576,0.2078029452140272,0.047344939473355795,0.0
EMP02492,Ankit Shetty,45,20,Data Science,148680,13069,8921,2679,1211,122800,0,19748,27023,9396,8073,64240,28361,5230,Medium,0.5231270358306189,0.23095276872964168,0.04258957654723127,0.220057003257329
EMP02493,Dhruv Saini,22,0,Cyber Security,95000,4500,5700,1454,1568,81778,14958,6969,0,5934,3499,31360,26428,5832,Medium,0.3834772188119054,0.32316760008804324,0.07131502360047935,0.0
EMP02494,Atharv Mohanty,35,5,Finance,85385,3538,5123,2116,1653,72955,0,11156,0,5033,3438,19627,20998,6552,High,0.26902885340278254,0.28782125968062505,0.08980878623809198,0.0
EMP02495,Vikram Mishra,45,20,Sales,75379,2538,4523,1650,1786,64882,20545,12220,0,9539,5035,47339,1982,1883,Low,0.7296168428840049,0.030547763632440432,0.029021916710335688,0.0
EMP02496,Aditi Varun Somani,48,28,HR,70000,2000,4200,1292,1132,61376,0,7630,16760,1369,1761,27520,21984,2649,Medium,0.4483837330552659,0.35818561001042754,0.0431601929092805,0.27307090719499477
EMP02497,Sakshi Naidu,36,18,Finance,104513,5677,6271,2303,1932,88330,22248,14554,4201,2464,3157,46624,26122,3760,High,0.5278387863692969,0.2957319144118646,0.042567644062040076,0.04756028529378467
EMP02498,Sonali Pawar,35,5,Operations,60386,1353,3623,1346,1781,52283,19245,9156,7716,9546,4638,50301,263,177,Low,0.962090928217585,0.005030315781420347,0.0033854216475718685,0.1475814318229635
EMP02499,Hemant Bose,37,15,Marketing,81152,3115,4869,1992,1364,69812,5775,8537,7772,3393,2217,27694,14297,13060,High,0.3966939781126454,0.20479287228556695,0.18707385549762218,0.11132756546152524
EMP02500,Vikram Behera,28,2,Sales,47650,716,2859,905,1415,41755,0,5446,0,6354,3191,14991,6305,3731,Medium,0.3590228715123937,0.15099988025386182,0.08935456831517184,0.0
EMP02501,Komal Nair,33,11,Sales,64320,1549,3859,2094,951,55867,11626,6382,0,3192,2064,23264,866,530,Medium,0.4164175631410314,0.015501100828754005,0.009486816904433745,0.0
EMP02502,Nikita Jain,57,26,Marketing,90000,4000,5400,1658,941,78001,0,9851,0,2779,2225,14855,35868,5324,High,0.19044627632979064,0.4598402584582249,0.06825553518544634,0.0
EMP02503,Shubham Khandelwal,30,2,Customer Support,35351,101,2121,960,1326,30843,8638,4157,5383,1222,1911,21311,267,457,Low,0.6909509451091009,0.008656745452776967,0.014816976299322375,0.17452906656291542
EMP02504,Pallavi Khurana,26,6,Marketing,54832,1075,3290,989,2222,47256,5413,4303,4022,3492,1496,18726,7242,12356,High,0.3962671406805485,0.1532503809040122,0.26146944303368885,0.085110885390215
EMP02505,Vidhi Reddy,22,3,Data Science,97673,4767,5860,2154,929,83963,0,9439,0,9084,5494,24017,26645,5894,Medium,0.28604266164858333,0.31734216261924897,0.07019758703238331,0.0
EMP02506,Ashish Rathore,34,6,Cyber Security,114029,7104,6842,2217,1510,96356,0,14547,0,6787,5386,26720,27812,7534,High,0.27730499398065506,0.2886379675370501,0.07818921499439578,0.0
EMP02507,Divya Thomas,33,7,IT,97374,4737,5842,1298,1777,83720,0,12813,25461,9608,7525,55407,4321,4652,Low,0.6618131868131868,0.05161251791686574,0.0555661729574773,0.3041208791208791
EMP02508,Komal Prachi Yadav,47,22,HR,64692,1568,3882,1396,1246,56600,0,6822,12653,1692,2613,23780,22956,2464,Medium,0.42014134275618376,0.40558303886925795,0.04353356890459364,0.22355123674911662
EMP02509,Shubham Nagpal,33,8,HR,49137,790,2948,764,2327,42308,12572,8209,1610,1385,3416,27192,1181,235,Medium,0.6427153257067222,0.027914342441145882,0.005554505058145032,0.03805426869622766
EMP02510,Anurag Bohra,50,22,Cyber Security,161555,15644,9693,2721,1356,132141,0,24917,40145,15820,9572,90454,4685,6227,Low,0.6845263771274623,0.035454552334249025,0.04712390552515873,0.30380426968162794
EMP02511,Ravi Verma,32,5,IT,89165,3916,5350,1336,1502,77061,17287,12834,0,4412,2976,37509,14166,4054,Medium,0.48674426752832173,0.18382839568653406,0.052607674439729565,0.0
EMP02512,Parth Ghosh,56,28,Finance,130000,9500,7800,3984,1800,106916,0,17379,25081,16977,10217,69654,7693,5607,Low,0.6514834075348872,0.0719536832653672,0.05244303939541322,0.23458603015451382
EMP02513,Gaurav Wadhwa,40,13,Marketing,72380,2238,4343,1394,2202,62203,18571,9192,3103,7621,3949,42436,4389,1822,Low,0.6822178994582255,0.07055929778306512,0.029291191743163515,0.04988505377554137
EMP02514,Namrata Nair,27,2,Finance,73922,2392,4435,2012,1081,64002,0,7977,18870,3021,3137,33005,18156,2752,Medium,0.5156870097809444,0.2836786350426549,0.04299865629199087,0.29483453642073687
EMP02515,Varun Shinde,53,34,Finance,130000,9500,7800,3672,1686,107342,0,14038,22319,3978,2866,43201,40623,4293,Medium,0.4024612919453709,0.37844459764118427,0.039993665107786326,0.207924204877867
EMP02516,Vivek Patel,56,26,IT,150000,13333,9000,3021,1955,122691,0,20351,27782,20676,10424,79233,5846,7226,Low,0.6457930899576986,0.047648156751513966,0.05889592553651042,0.22643877709041413
EMP02517,Shreya Mohanty,38,9,Finance,89207,3921,5352,1721,1737,76476,0,11992,0,5759,4583,22334,24141,6474,High,0.29203933260107745,0.3156676604424918,0.08465400910089439,0.0
EMP02518,Rohan Wadhwa,36,9,Marketing,66795,1680,4008,1658,1627,57822,0,10898,10440,6481,3915,31734,2989,3735,Low,0.5488222475874235,0.051693127183424996,0.06459479091003424,0.1805541143509391
EMP02519,Yash Tomar,38,9,Sales,61871,1427,3712,1284,1213,54235,0,7595,0,1131,2333,11059,22255,3273,High,0.20390891490734767,0.4103438738821794,0.06034848345164562,0.0
EMP02520,Rupal Sahu,59,31,Marketing,90000,4000,5400,2066,1499,77035,16506,7635,1116,4570,3357,33184,29399,3391,Medium,0.430765236580775,0.38163172583890437,0.044018952424222754,0.01448692152917505
EMP02521,Arjun Monika Banerjee,54,28,Sales,85000,3500,5100,1899,1033,73468,0,10939,0,1955,1491,14385,38496,4918,High,0.19579953176893342,0.5239832307943595,0.06694070888005663,0.0
EMP02522,Diya Pradhan,44,19,Sales,79583,2958,4775,2122,1361,68367,15168,9720,5225,4513,3829,38455,12080,3900,Medium,0.5624789737738968,0.17669343396667983,0.05704506560182544,0.07642576096654818
EMP02523,Hemant Somani,60,22,Product Management,203678,26103,12221,2754,1271,161329,38860,27209,22957,8075,9491,106592,22595,7926,Medium,0.6607119612716871,0.14005541471155217,0.04912941876538006,0.14229927663346328
EMP02524,Rohan Mishra,40,9,Product Management,149839,13301,8990,2917,2035,122596,0,16868,9585,13532,7366,47351,10299,12689,Medium,0.3862360925315671,0.08400763483311038,0.10350256125811609,0.07818362752455219
EMP02525,Hemant Tushar Pillai,55,37,IT,150000,13333,9000,3238,1762,122667,0,18263,30669,15596,10658,75186,6739,5072,Low,0.612927682261733,0.054937350713720884,0.04134771372903878,0.25001834234146103
EMP02526,Karan Pawar,44,21,Marketing,87263,3726,5236,2140,2130,74031,4412,11538,0,5181,4090,25221,17385,6729,Medium,0.3406816063540949,0.23483405600356608,0.09089435506747173,0.0
EMP02527,Rakesh Malhotra,26,6,Sales,53426,1005,3206,1173,1506,46536,11683,7159,0,3862,2251,24955,8825,2168,Medium,0.536251504211793,0.1896381296200791,0.046587588103833594,0.0
EMP02528,Ishaan Roy,35,12,IT,111880,6782,6713,2243,1803,94339,0,15458,22073,3191,6808,47530,3507,454,Low,0.5038213252207464,0.03717444535133932,0.00481243176204963,0.23397534423727195
EMP02529,Nandini Yadav,34,6,Data Science,109799,6470,6588,2631,1650,92460,9474,12804,0,7900,3777,33955,26117,6303,High,0.3672398875189271,0.2824680943110534,0.068170019467878,0.0
EMP02530,Rahul Dubey,53,23,Customer Support,57708,1219,3462,1126,1695,50206,0,5854,10145,3163,2367,21529,8398,11713,Medium,0.42881328924829704,0.16727084412221646,0.23329880890730192,0.20206748197426602
EMP02531,Vivaan Daga,26,3,Data Science,97934,4793,5876,1930,1544,83791,0,11699,0,1803,2152,15654,36186,5222,High,0.18682197372032797,0.43186022365170484,0.06232172906398062,0.0
EMP02532,Shubham Chatterjee,49,26,Finance,130000,9500,7800,2659,1889,108152,0,12058,0,11476,6176,29710,24480,30582,High,0.27470596937643316,0.22634810267031585,0.28276869590946074,0.0
EMP02533,Divya Joshi,34,11,IT,106989,6048,6419,3440,1794,89288,0,11886,4455,6473,4778,27592,27715,5611,High,0.309022489024281,0.3104000537586238,0.06284159125526387,0.04989472269509901
EMP02534,Sai Kumawat,33,7,Customer Support,44851,576,2691,1166,2290,38128,4326,3517,0,3393,1923,13159,9020,2404,Medium,0.34512694083088546,0.23657154846831724,0.06305077633235417,0.0
EMP02535,Trisha Yadav,32,8,IT,106329,5949,6380,3873,1907,88220,18882,11883,0,3431,2778,36974,35260,2798,Medium,0.4191113126275221,0.3996826116526865,0.031716164135116756,0.0
EMP02536,Vikram Bansal,30,4,Sales,52902,978,3174,834,1186,46730,10882,7884,3535,1821,2102,26224,599,239,Medium,0.5611812540124117,0.012818317997004065,0.005114487481275412,0.07564733575861331
EMP02537,Garima Dubey,59,36,Marketing,90000,4000,5400,2121,972,77507,7602,9578,3784,1849,3378,26191,28670,5425,High,0.33791786548311764,0.36990207336111575,0.06999367799037506,0.0488213967770653
EMP02538,Megha Soni,51,35,Operations,95000,4500,5700,1848,1479,81473,0,10812,19748,5250,4334,40144,14825,4223,Medium,0.49272765210560554,0.18196212242092472,0.051833122629582805,0.2423870484700453
EMP02539,Arjun Bose,41,16,IT,117653,7648,7059,3501,895,98550,22997,9271,7329,7653,4479,51729,28222,4622,Medium,0.5249010654490106,0.2863723997970573,0.04690005073566717,0.07436834094368341
EMP02540,Diya Agarwal,23,2,Cyber Security,96229,4623,5774,1858,1913,82061,14489,8320,0,4770,3348,30927,34666,3835,High,0.3768781759910311,0.4224418420443329,0.04673352749783698,0.0
EMP02541,Harsh Rawat,57,36,Finance,130000,9500,7800,3987,1117,107596,25689,16335,4389,4706,2268,53387,28644,5945,Medium,0.4961801553961114,0.26621807502137623,0.05525298338228187,0.040791479237146364
EMP02542,Arjun Pawar,43,27,Operations,94406,4441,5664,1959,2173,80169,0,13894,27995,3929,4357,50175,1141,450,Low,0.6258653594282079,0.014232433983210467,0.005613142237024286,0.3491998153899886
EMP02543,Avantika Suri,43,28,Cyber Security,180000,20000,10800,3740,2360,143100,30836,20126,0,5747,3566,60275,45232,6662,High,0.42120894479385046,0.3160866526904263,0.04655485674353599,0.0
EMP02544,Rohan Payal Fernandes,24,2,Sales,48130,740,2888,820,1656,42026,0,4289,0,8224,3007,15520,2901,3705,Medium,0.3692951982106315,0.06902869652120117,0.08815971065530862,0.0
EMP02545,Manish Solanki,38,11,HR,53514,1009,3211,1146,1755,46393,0,7521,15098,3757,1972,28348,7754,1929,Low,0.6110404586898885,0.16713728364192873,0.04157954863880327,0.3254370271377147
EMP02546,Shivam Jain,53,26,HR,68244,1824,4095,1605,1922,58798,11147,7852,8997,1148,1817,30961,18955,2157,Medium,0.5265655294397769,0.3223749107112487,0.03668492125582503,0.15301540868737032
EMP02547,Vidhi Deshmukh,39,8,IT,105357,5804,6321,3062,1157,89013,0,12134,0,6232,4140,22506,29332,7676,High,0.25283947288598296,0.32952490085717817,0.08623459494680552,0.0
EMP02548,Shubham Soni,45,18,Sales,76109,2611,4567,1406,1575,65950,21589,11409,11866,11049,5508,61421,485,459,Low,0.9313267626990144,0.007354056103108415,0.006959818043972707,0.17992418498862775
EMP02549,Garima Khanna,58,28,Sales,84928,3493,5096,1551,1020,73768,21769,10896,10660,11892,5371,60588,1834,1289,Low,0.8213317427610888,0.024861728662834835,0.017473701333911722,0.14450710335104652
EMP02550,Ankit Pawar,57,23,Marketing,85100,3510,5106,1799,1988,72697,18555,11870,0,5310,3575,39310,14904,3541,Medium,0.5407375820185152,0.20501533763429028,0.048709025131711076,0.0
EMP02551,Shivam Mehta,34,7,IT,102757,5414,6165,3152,1457,86569,0,8495,23754,7096,4453,43798,20858,5105,Medium,0.5059316845522069,0.24094075246335292,0.05897030114706188,0.27439383613071655
EMP02552,Bhavna Mathew,40,12,Data Science,121454,8218,7287,3491,1370,101088,0,17507,22012,5378,4435,49332,20441,6237,Medium,0.48801044634377966,0.2022099556821779,0.06169871794871795,0.2177508705286483
EMP02553,Sanya Pawar,45,24,HR,69981,1998,4199,1458,1604,60722,19408,8262,0,3961,3571,35202,2023,174,Medium,0.579723988010935,0.0333157669378479,0.002865518263561806,0.0
EMP02554,Rohan Rathore,56,25,Customer Support,60000,1333,3600,2105,2126,50836,0,5731,11809,8013,3996,29549,2584,2442,Low,0.5812613108820521,0.05083012038712723,0.04803682429774176,0.23229601070107797
EMP02555,Shruti Suri,55,35,Data Science,170000,17500,10200,2562,1074,138664,28695,21093,0,9809,6968,66565,32744,6015,Medium,0.4800452893324872,0.23613915652224082,0.04337823804303929,0.0
EMP02556,Aakash Banerjee,42,24,Data Science,159488,15231,9569,3688,846,130154,0,22993,0,5761,9715,38469,2321,2946,Medium,0.2955652534689675,0.01783272123791816,0.022634725018055534,0.0
EMP02557,Shreya Bohra,55,27,HR,70000,2000,4200,1247,1723,60830,0,10213,20745,1435,1701,34094,18005,1568,Medium,0.5604800263028111,0.295988821305277,0.025776754890678943,0.3410323853361828
EMP02558,Dhruv Kulkarni,26,7,Cyber Security,116238,7436,6974,2587,2099,97142,0,16280,0,5248,5548,27076,25781,7817,High,0.27872598875872434,0.2653949887793128,0.08046982767495008,0.0
EMP02559,Preeti Nair,44,22,Product Management,188950,22238,11337,2715,1252,151408,0,24655,30770,9800,8672,73897,34557,6900,Medium,0.48806535982246646,0.22823760963753567,0.04557222868012258,0.2032257212300539
EMP02560,Payal Naidu,33,12,Cyber Security,133982,10130,8039,3532,1821,110460,0,16005,0,5479,5786,27270,19149,35296,High,0.24687669744703966,0.17335687126561652,0.3195364837950389,0.0
EMP02561,Amit Bajaj,36,15,IT,109739,6461,6584,3528,1744,91422,0,14978,0,3063,2359,20400,36452,5798,Medium,0.22314103826212509,0.39872240817308746,0.06342018332567653,0.0
EMP02562,Vaishnavi Bajaj,53,31,HR,70000,2000,4200,1433,1042,61325,0,9921,19428,9298,4849,43496,3828,2361,Low,0.7092702812882186,0.06242152466367713,0.0384997961679576,0.31680391357521404
EMP02563,Aditi Narang,35,9,Customer Support,44415,554,2665,1112,1849,38235,9434,5919,3631,3041,1806,23831,5935,1986,Medium,0.6232771021315548,0.15522427095593044,0.051941938014907804,0.09496534588727605
EMP02564,Krishna Bansal,32,11,Marketing,63469,1507,3808,1622,1470,55062,14666,7734,0,5533,3644,31577,9271,2824,Medium,0.5734808034579202,0.16837383313355853,0.05128763938832589,0.0
EMP02565,Nitin Chauhan,33,5,Marketing,61898,1428,3714,1948,2134,52674,17312,7789,0,7880,3200,36181,2641,1439,Medium,0.6868853703914645,0.050138588297831944,0.027318980901393477,0.0
EMP02566,Swati Khurana,33,8,Marketing,66869,1687,4012,1712,1702,57756,0,7345,17798,5443,2356,32942,11077,3243,Low,0.5703649837246346,0.19178959761756353,0.05615001038853106,0.3081584597271279
EMP02567,Ashish Ahuja,55,37,HR,70000,2000,4200,2065,1621,60114,16278,8238,3657,3367,3653,35193,11575,2792,Medium,0.585437668429983,0.19255082010846059,0.04644508766676648,0.06083441461223675
EMP02568,Rashmi Kulkarni,47,27,Product Management,210866,28260,12652,3697,2094,164163,0,28861,47617,12286,9957,98721,27714,8782,Low,0.6013596242758722,0.16882001425412546,0.05349561106948582,0.290059270359338
EMP02569,Prateek Shubham Sandhu,36,17,Finance,103510,5526,6211,3818,1980,85975,19919,12986,4731,3410,2627,43673,10474,13681,Medium,0.5079732480372201,0.1218261122419308,0.15912765338761267,0.055027624309392266
EMP02570,Riya Mundra,52,22,Product Management,203037,25911,12182,3686,1332,159926,0,20028,33438,5732,3497,62695,66564,4680,Medium,0.3920250615909858,0.41621750059402474,0.0292635343846529,0.20908420144316747
EMP02571,Dev Rawat,32,7,Marketing,65209,1594,3913,1533,1625,56544,18441,7254,9652,10499,4912,50758,750,791,Low,0.8976726089417091,0.013264006791171477,0.013989105829088851,0.17069892473118278
EMP02572,Khushi Nikita Suri,55,30,IT,150000,13333,9000,2359,1561,123747,0,19540,28903,19211,9387,77041,5058,7006,Low,0.6225686279263336,0.040873718150743046,0.05661551391144836,0.23356525814767226
EMP02573,Hemant Goel,51,22,Marketing,85531,3553,5132,1336,1753,73757,0,12224,0,5585,3140,20949,23269,7199,High,0.28402727876676115,0.3154819203601014,0.09760429518554171,0.0
EMP02574,Sonali Nair,24,3,Data Science,92154,4215,5529,2139,2084,78187,14922,5766,0,6454,3054,30196,15163,14557,High,0.3862023098469055,0.19393249517183164,0.1861818460869454,0.0
EMP02575,Sumit Muskan Shukla,32,7,Data Science,107253,6088,6435,2732,2091,89907,21427,14947,0,6717,3948,47039,16628,4145,Medium,0.5231961916202298,0.18494666711157084,0.04610319552426396,0.0
EMP02576,Ashish Narang,43,19,Finance,111371,6706,6682,2854,1549,93580,18295,13130,12271,3259,2919,49874,27766,3174,Medium,0.5329557597777302,0.29670869843983755,0.03391750374011541,0.13112844624919856
EMP02577,Amit Daga,25,1,Marketing,53856,1026,3231,751,1237,47611,10511,5877,7681,1965,2317,28351,5958,6776,Medium,0.5954716347062654,0.12513914851609922,0.142320052088803,0.16132826447669657
EMP02578,Vikram Amit Mohanty,52,24,IT,141027,11539,8462,3550,1813,115663,0,15967,30941,4087,2347,53342,38624,3892,Medium,0.46118464850470764,0.3339356579027001,0.03364948168385741,0.26750992106378013
EMP02579,Ayaan Nagpal,51,37,Sales,85000,3500,5100,1540,1595,73265,25776,13326,10025,13850,7182,70159,676,292,Low,0.9576059509997953,0.009226779499078687,0.0039855319729748175,0.13683204804476898
EMP02580,Mayank Bagri,23,2,Customer Support,38215,244,2293,1164,1913,32601,5840,2740,35,2386,1270,12271,12942,1831,Medium,0.3763994969479464,0.39698168767829206,0.05616392135210577,0.0010735866997944848
EMP02581,Rupal Narang,45,23,Finance,118864,7830,7132,3195,1371,99336,26417,16230,0,8125,5856,56628,16030,4847,Medium,0.5700652331481034,0.16137150680518644,0.04879399210759443,0.0
EMP02582,Rajat Bansal,43,21,IT,126819,9023,7609,3693,2303,104191,8116,15652,4316,16341,7381,51806,5533,8288,Medium,0.4972214490694974,0.0531043948133716,0.07954621800347439,0.041423923371500415
EMP02583,Karan Naidu,46,23,Product Management,192148,23037,11529,3000,1815,152767,49285,20924,0,22896,9567,102672,10941,5168,Medium,0.6720823214437673,0.0716188705675964,0.033829295593943716,0.0
EMP02584,Tanvi Siddharth Srivastava,59,26,IT,138686,11071,8321,2623,1348,115323,28271,14837,11121,5326,3377,62932,11575,20061,High,0.5457020715728866,0.10037026438784978,0.17395489191228117,0.09643349548658985
EMP02585,Khushi Sandhu,39,13,IT,116311,7447,6979,3601,1635,96649,20419,14207,0,4091,4161,42878,12337,22621,Medium,0.44364659748160873,0.12764746660596593,0.2340531200529752,0.0
EMP02586,Divya Tomar,48,27,Operations,95000,4500,5700,1742,1894,81164,0,12551,15101,3834,6038,37524,925,849,Medium,0.4623231974767138,0.01139667833029422,0.010460302597210586,0.1860553940170519
EMP02587,Anurag Pillai,29,4,Finance,82281,3228,4937,1654,1471,70991,15045,7985,0,5392,3162,31584,18823,4222,Medium,0.44490146638306266,0.2651462861489485,0.05947232747813103,0.0
EMP02588,Sumit Narang,38,15,Sales,67462,1746,4048,1244,1930,58494,13805,9429,0,2578,2732,28544,17293,1962,Medium,0.48798167333401715,0.29563715936677265,0.03354190173351113,0.0
EMP02589,Neha D'Souza,37,17,Operations,86047,3605,5163,1791,1648,73840,0,10671,13730,4739,3972,33112,14551,5705,Medium,0.44842903575297943,0.19706121343445288,0.07726164680390032,0.18594257854821236
EMP02590,Aarav Mathew,55,22,Data Science,152593,13852,9156,3230,1771,124584,27819,17815,0,2559,2842,51035,44029,4832,High,0.4096432928787003,0.3534081422975663,0.03878507673537533,0.0
EMP02591,Garima Yadav,36,16,Cyber Security,150884,13510,9053,3494,1060,123767,27105,16878,0,4731,5959,54673,34787,7746,Medium,0.4417413365436667,0.28106845928236124,0.06258534181162992,0.0
EMP02592,Preeti Pallavi Nair,33,7,IT,100441,5066,6026,2816,1706,84827,23716,12319,5423,8326,7352,57136,3158,2462,Medium,0.673559126221604,0.037228712556143684,0.029023777806594597,0.0639301165902366
EMP02593,Shreya Jindal,28,3,Operations,55646,1116,3339,707,1447,49037,8467,6181,4118,1727,2133,22626,17371,1364,Medium,0.4614066929053572,0.3542427146848298,0.027815730978648777,0.083977404816771
EMP02594,Nitin Shinde,32,6,HR,48208,744,2892,1160,1502,41910,7195,3063,3169,2502,1255,17184,16674,1552,High,0.4100214745884037,0.39785254115962776,0.03703173466952994,0.07561441183488428
EMP02595,Lakshay Soni,50,20,Finance,120095,8014,7206,2612,1340,100923,0,14578,24251,5329,5827,49985,22250,6014,Medium,0.4952785787184289,0.2204651070618194,0.0595899844435857,0.24029210388117675
EMP02596,Aman Nair,24,0,Marketing,50000,833,3000,1101,1979,43087,8355,4170,1949,2904,1300,18678,12974,2598,Medium,0.4334950217002808,0.30111170422633277,0.0602966091860654,0.04523406131779887
EMP02597,Shubham Yadav,54,38,Marketing,90000,4000,5400,1620,2203,76777,0,13270,26208,4564,3550,47592,14001,3176,Low,0.6198731390911341,0.18235930031129113,0.04136655508811232,0.34135222788074554
EMP02598,Ravi Sharma,27,3,Data Science,95062,4506,5704,1901,1888,81063,0,7381,0,5338,3090,15809,19925,23731,High,0.19502115638454043,0.24579647928154646,0.29274761605171284,0.0
EMP02599,Yuvraj Ahuja,55,27,Finance,124336,8650,7460,3487,1399,103340,26329,14213,11059,6108,4744,62453,16132,4449,Medium,0.6043448809754209,0.15610605767369848,0.04305206115734469,0.10701567640797367
EMP02600,Yuvraj Kapoor,48,20,Finance,109233,6385,6554,2808,794,92692,0,17884,31139,7325,4653,61001,15087,3515,Medium,0.6581042592672507,0.16276485565097312,0.037921287705519356,0.3359405342424373
EMP02601,Lokesh Thomas,52,38,Data Science,170000,17500,10200,3801,1933,136566,0,18294,35788,7107,7308,68497,15412,26737,Medium,0.5015670078936192,0.11285385820775302,0.19578079463409634,0.26205644157403746
EMP02602,Tanvi Yadav,28,3,Marketing,52217,944,3133,1127,2396,44617,11935,7417,2034,3230,2230,26846,7690,1691,Medium,0.6016989040051998,0.1723558284958648,0.037900351883811106,0.04558800457224824
EMP02603,Rahul Ayaan Bhatia,51,33,Finance,130000,9500,7800,3906,1431,107363,0,12575,22240,5506,5963,46284,15763,26428,Medium,0.43109823682274157,0.146819667855779,0.24615556569767982,0.20714771383064928
EMP02604,Sai Saurabh Shukla,56,35,Operations,95000,4500,5700,1714,1886,81200,0,11698,0,4958,3574,20230,21491,8863,High,0.24913793103448276,0.2646674876847291,0.10915024630541872,0.0
EMP02605,Shreya Agarwal,37,11,Finance,99245,4924,5955,1773,1709,84884,0,11658,18538,5471,3310,38977,20119,3918,Medium,0.4591795862588945,0.23701757692851422,0.04615710852457471,0.21839215871071108
EMP02606,Rohit Sahu,48,18,Marketing,75075,2508,4504,1547,1172,65344,19480,10792,0,9175,5185,44632,3667,2691,Medium,0.6830313418217434,0.05611838883447601,0.04118205190989226,0.0
EMP02607,Vivek Mohanty,58,27,Sales,85000,3500,5100,1544,1634,73222,15122,10440,0,4141,3999,33702,14089,5895,Medium,0.46027150310016113,0.1924148479965038,0.08050859031438638,0.0
EMP02608,Tanvi Sahu,33,6,Data Science,106938,6041,6416,3961,1971,88549,26833,16037,8749,5907,4090,61616,12582,2606,Medium,0.6958407209567584,0.14209081977210358,0.029430033089024157,0.09880405199381134
EMP02609,Aman Rawat,57,29,Data Science,170000,17500,10200,2783,1581,137936,0,16622,0,4493,5610,26725,61572,9139,Medium,0.19374927502609907,0.44638093028650966,0.06625536480686696,0.0
EMP02610,Pankaj Parmar,26,2,Marketing,51493,908,3090,1171,1426,44898,11771,6268,0,3953,3265,25257,7339,3014,Medium,0.5625417613256716,0.16345939685509378,0.06712993897278276,0.0
EMP02611,Lokesh Lodha,46,28,IT,142151,11764,8529,3308,1288,117262,0,19395,21357,18029,10423,69204,7886,7191,Low,0.5901656120482339,0.06725111289249715,0.06132421415292252,0.18213061349797888
EMP02612,Siddharth Reddy,45,27,Operations,95000,4500,5700,1600,2235,80965,6450,13038,3345,5730,5155,33718,22793,4337,Medium,0.4164515531402458,0.2815167047489656,0.05356635583276725,0.041314148088680294
EMP02613,Khushi Bedi,41,20,HR,69775,1978,4186,2017,1641,59953,0,7702,15570,5250,2653,31175,14086,2327,Medium,0.519990659349824,0.2349507113905893,0.03881373742765166,0.2597034343569129
EMP02614,Lakshay Chaudhary,36,10,Operations,68040,1804,4082,1846,2164,58144,14630,9547,4382,1642,4231,34432,259,927,Low,0.5921849201981287,0.004454457897633462,0.015943175564116677,0.07536461199779856
EMP02615,Rohit Rathore,27,7,Customer Support,40222,344,2413,1024,1823,34618,0,6524,1522,1222,1740,11008,82,119,Medium,0.317984863365879,0.0023687099196949566,0.0034375180541914613,0.04396556704604541
EMP02616,Nandini More,33,11,Sales,61214,1394,3673,2007,1419,52721,12387,7079,0,3251,2439,25156,11386,3236,Medium,0.4771533165152406,0.21596707194476583,0.061379715862749186,0.0
EMP02617,Atharv Pawar,26,3,Operations,57120,1189,3427,780,1296,50428,5078,7190,0,1150,1998,15416,24137,1861,Medium,0.3057031807725867,0.4786428174823511,0.03690410089632744,0.0
EMP02618,Rohan Bhardwaj,38,18,Finance,107037,6056,6422,2420,802,91337,25011,17423,3929,6056,6017,58436,14028,3586,Medium,0.6397845341975322,0.1535850750517315,0.039261197543164324,0.04301652123454898
EMP02619,Siddharth Malhotra,43,24,Data Science,166869,16717,10012,3775,1953,134412,0,18671,39236,2575,6106,66588,46735,3166,Medium,0.4954021962324792,0.3476996101538553,0.023554444543641938,0.2919084605541172
EMP02620,Mohit Jain,57,36,Operations,95000,4500,5700,1639,2048,81113,0,10734,21342,7756,3701,43533,18540,3776,Medium,0.5366957207845845,0.22857001960228324,0.046552340561932117,0.2631144206230814
EMP02621,Kunal Wadhwa,31,8,IT,97514,4751,5851,2025,1066,83821,16854,11666,13677,2686,2651,47534,19331,3835,Medium,0.5670893928729077,0.23062239772849286,0.045752257787427975,0.16316913422650647
EMP02622,Vaishnavi Shubham Agarwal,24,3,Operations,60190,1343,3611,1914,1967,51355,4547,6636,0,6637,3454,21274,3037,4522,Medium,0.4142537240774998,0.05913737708110213,0.0880537435498004,0.0
EMP02623,Kartik Jyoti Goel,57,26,Cyber Security,180000,20000,10800,3954,1496,143750,31722,19588,10286,8284,5080,74960,16054,31514,High,0.5214608695652174,0.11168,0.2192278260869565,0.07155478260869565
EMP02624,Bhavna Swain,45,15,IT,113470,7020,6808,3764,976,94902,27269,12483,0,13192,8114,61058,5070,3095,Medium,0.6433794862068238,0.053423531643168744,0.032612589829508334,0.0
EMP02625,Ritika Mukherjee,29,6,Data Science,111876,6781,6713,2237,1957,94188,0,15396,0,5058,4249,24703,32445,5679,High,0.26227332568904743,0.34447063320168175,0.06029430500700726,0.0
EMP02626,Prateek Kavya Nair,25,2,IT,84701,3470,5082,1559,2260,72330,8294,9358,0,5713,4396,27761,556,211,Medium,0.38381031383934744,0.0076869901838794415,0.002917185123738421,0.0
EMP02627,Ishita Sahu,58,33,Operations,95000,4500,5700,1470,1545,81785,21088,15107,8934,5907,5214,56250,9452,3821,Low,0.6877789325670967,0.11557131503331906,0.04672005869046891,0.10923763526319007
EMP02628,Kavya Saxena,39,16,Finance,105694,5854,6342,3845,1465,88188,17006,10676,0,1776,2468,31926,33889,3480,High,0.3620220438154851,0.3842813081144827,0.03946115117703089,0.0
EMP02629,Priya Sakshi D'Souza,24,3,IT,89798,3980,5388,1548,1607,77275,0,5927,0,7178,3160,16265,19036,20406,High,0.21048204464574571,0.24634098997088322,0.2640698802976383,0.0
EMP02630,Sakshi Khurana,33,10,HR,56359,1151,3382,1080,977,49769,13945,9241,0,2831,3613,29630,9561,2357,Medium,0.5953505193996262,0.1921075368201089,0.04735879764512046,0.0
EMP02631,Prateek Rupal Thomas,31,6,Sales,51808,924,3108,896,1688,45192,2718,6243,4364,4649,2497,20471,3238,3329,Medium,0.45297840325721367,0.07164984953089042,0.07366348026199328,0.09656576385200921
EMP02632,Deepak Khushi Bohra,59,24,Cyber Security,166385,16610,9983,3926,1309,134557,8306,16489,0,3022,5082,32899,53730,9782,Medium,0.2444986139702877,0.3993103294514592,0.07269781579553647,0.0
EMP02633,Sneha Kapoor,52,27,Sales,85000,3500,5100,1509,1829,73062,0,10744,19164,5378,4118,39404,13936,3268,Medium,0.5393227669650434,0.19074210944129644,0.044729134160028466,0.26229777449289643
EMP02634,Shivam Mishra,24,3,Sales,53312,999,3199,1016,1801,46297,0,5504,0,3759,2402,11665,15467,4425,High,0.2519601702054129,0.33408212195174636,0.09557854720608247,0.0
EMP02635,Rishabh Tiwari,29,6,Finance,79840,2984,4790,1242,2018,68806,14943,10506,11117,3972,4463,45001,7946,8451,Medium,0.6540272650640933,0.11548411475743395,0.12282359096590413,0.161570211900125
EMP02636,Shruti Behera,27,4,Sales,52547,961,3153,1057,1809,45567,9557,6376,2532,2261,1073,21799,14023,1886,High,0.4783944521254417,0.30774463976123073,0.04138960212434437,0.055566528408716835
EMP02637,Rishabh Pillai,36,13,Data Science,135839,10501,8150,2429,1539,113220,31426,20823,6684,6030,5302,70265,2405,180,Medium,0.6206059000176647,0.021241830065359478,0.001589825119236884,0.05903550609432962
EMP02638,Kunal Daga,44,25,Marketing,90000,4000,5400,1705,1331,77564,19217,10715,5021,2711,3764,41428,24895,1702,Medium,0.534113764117374,0.3209607549894281,0.021943169511629106,0.06473363931720902
EMP02639,Dev Pandey,52,30,Operations,95000,4500,5700,2063,1550,81187,0,9953,0,7518,3195,20666,17370,23909,High,0.2545481419439073,0.21395050931799425,0.2944929606956779,0.0
EMP02640,Tarun Trivedi,56,28,IT,150000,13333,9000,3890,1324,122453,25948,13980,12793,7005,4449,64175,33227,4067,Medium,0.5240786260851102,0.27134492417498957,0.03321274284827648,0.10447273647848562
EMP02641,Payal Mathew,53,38,Operations,95000,4500,5700,1978,1255,81567,0,13215,21135,4352,4184,42886,17162,3909,Medium,0.5257763556340187,0.2104037171895497,0.047923792710287245,0.2591121409393505
EMP02642,Aditya Trivedi,35,7,Sales,58024,1235,3481,905,1487,50916,4663,6597,2079,4878,2652,20869,11563,4378,High,0.40987116034252496,0.22709953649147616,0.0859847592112499,0.040831958519915154
EMP02643,Komal Bagri,57,22,IT,132784,9918,7967,3532,2100,109267,0,12010,27619,3906,3313,46848,41522,4525,Medium,0.42874792938398604,0.3800049420227516,0.04141232027968188,0.25276615995680307
EMP02644,Megha Akash Shinde,48,26,IT,149570,13247,8974,3895,1767,121687,6358,21023,0,2950,5907,36238,43518,8990,Medium,0.29779680656109525,0.3576224247454535,0.0738780642139259,0.0
EMP02645,Shubham Iyer,53,29,Finance,130000,9500,7800,3142,1305,108253,0,16282,0,5909,7158,29349,32616,10764,High,0.2711148882709948,0.30129419046123435,0.09943373393808948,0.0
EMP02646,Namrata Bansal,33,8,Finance,86342,3634,5181,2111,1857,73559,17453,9522,5729,3366,4463,40533,14140,3334,Medium,0.5510270667083565,0.19222664799684608,0.0453241615573893,0.07788305985671366
EMP02647,Garima Khanna,58,35,Sales,85000,3500,5100,1236,1971,73193,0,10094,16484,3434,3539,33551,12677,15254,Medium,0.45839082972415396,0.1731996229147596,0.20840790786004126,0.2252127935731559
EMP02648,Rakesh Thomas,42,19,Finance,105745,5862,6345,2285,1274,89979,18801,15486,3813,3812,2073,43985,24109,3558,High,0.4888362840218273,0.2679402971804532,0.039542559930650485,0.04237655452939019
EMP02649,Vivaan Ayush Sharma,55,24,Sales,82230,3223,4934,1252,1315,71506,0,10573,0,10449,5360,26382,7853,6081,Medium,0.36894806030263194,0.1098229519201186,0.08504181467289458,0.0
EMP02650,Anjali Sabharwal,52,28,Marketing,90000,4000,5400,2183,1605,76812,0,11537,19809,12431,5395,49172,2998,3664,Low,0.6401603916054783,0.0390303598396084,0.047700880070822266,0.2578893922824559
EMP02651,Rahul Mundra,58,22,Sales,75909,2591,4555,1582,1689,65492,17194,7139,11485,7013,4089,46920,7434,1679,Low,0.7164233799548037,0.11351004702864471,0.025636718988578756,0.17536493006779455
EMP02652,Sumit Bhardwaj,39,18,Cyber Security,159605,15254,9576,3146,1849,129780,6901,17820,0,6717,7260,38698,43933,7192,High,0.29818153798736324,0.3385190322083526,0.05541685930035445,0.0
EMP02653,Tushar Tiwari,27,4,IT,91191,4119,5471,1223,948,79430,17948,11248,0,4128,5258,38582,20405,4443,Medium,0.48573586805992697,0.2568928616391791,0.055936044315749715,0.0
EMP02654,Lokesh Nair,51,38,HR,70000,2000,4200,1352,1661,60787,13324,9381,3335,4595,3435,34070,10188,3912,Medium,0.5604816819385724,0.16760162534752496,0.06435586556336059,0.0548637044104825
EMP02655,Sumit Rajput,45,17,Finance,107571,6136,6454,3368,1479,90134,21272,13889,6860,3922,4524,50467,9684,16531,Medium,0.5599107994763353,0.10744003372756118,0.18340470854505514,0.07610890451993699
EMP02656,Vikram Goel,38,18,IT,125940,8891,7556,2302,2270,104921,25211,12977,0,7189,4800,50177,10957,21263,Medium,0.4782360061379514,0.10443095281211578,0.2026572373500062,0.0
EMP02657,Ashish Maheshwari,58,32,Sales,85000,3500,5100,1876,1818,72706,0,12530,24045,3015,4269,43859,2481,723,Low,0.6032376970263802,0.03412373119137348,0.009944158666409925,0.33071548427915165
EMP02658,Ravi Agarwal,28,6,Data Science,105658,5849,6339,3499,1132,88839,5936,9291,10490,12726,5281,43724,10442,3895,Medium,0.49217123110345684,0.11753846846542622,0.04384335708416349,0.11807877171062259
EMP02659,Khushi Shruti Das,39,13,Cyber Security,143332,12000,8600,2789,1620,118323,28687,17447,0,8671,5498,60303,21389,6872,Medium,0.5096473213153825,0.18076789804180082,0.058078311063783035,0.0
EMP02660,Divya Rohit Pradhan,53,36,Customer Support,60000,1333,3600,1396,1362,52309,10195,6978,1692,1312,2237,22414,20918,1541,High,0.42849222887074884,0.39989294385287427,0.02945955762870634,0.03234625016727523
EMP02661,Namrata Ayaan Roy,53,37,Data Science,170000,17500,10200,3802,2432,136066,32610,17288,0,9455,8361,67714,18893,24799,High,0.49765554951273644,0.13885173371746065,0.18225713991739304,0.0
EMP02662,Palak Chatterjee,27,5,Finance,81770,3177,4906,1879,1230,70578,0,11375,15095,11141,5370,42981,6746,3162,Low,0.6089858029414265,0.09558219275128227,0.04480149621695146,0.21387684547592734
EMP02663,Gaurav D'Souza,55,30,HR,70000,2000,4200,2035,1322,60443,4445,9599,0,4220,3674,21938,14359,3665,Medium,0.36295352646294854,0.23756266234303394,0.060635640189931006,0.0
EMP02664,Divya Payal Sahu,24,1,IT,83061,3306,4984,1261,2093,71417,0,5694,4085,5194,3332,18305,31511,4701,High,0.2563115224666396,0.4412254785275215,0.06582466359550247,0.05719926628113754
EMP02665,Ankit Rawat,46,28,IT,144082,12150,8645,2664,2040,118583,0,10443,22157,8614,3168,44382,49967,5800,Medium,0.37426949900069995,0.4213673123466264,0.048910889419225355,0.18684803049340967
EMP02666,Saurabh Bose,42,25,Sales,85000,3500,5100,1343,1872,73185,21233,10787,0,4864,5364,42248,12731,3432,Medium,0.5772767643642823,0.1739564118330259,0.04689485550317688,0.0
EMP02667,Mayank Saxena,35,12,Data Science,128567,9285,7714,2351,997,108220,0,14692,34016,7257,5237,61202,19105,4265,Medium,0.5655331731657735,0.1765385326187396,0.0394104601737202,0.3143226760303086
EMP02668,Shivam Pillai,30,4,Sales,48261,746,2896,749,1559,42311,10620,4405,0,3541,1083,19649,15780,1460,Medium,0.46439460187658055,0.3729526600647586,0.0345063931365366,0.0
EMP02669,Neha Banerjee,25,2,Product Management,133936,10121,8036,2376,1906,111497,0,13472,0,10388,6404,30264,23151,30706,High,0.2714333121070522,0.20763787366476227,0.27539754432854696,0.0
EMP02670,Harsh Naidu,37,16,Marketing,75232,2523,4514,1558,1112,65525,0,8728,0,3957,2871,15556,24393,4249,Medium,0.23740557039297977,0.37227012590614267,0.064845478824876,0.0
EMP02671,Megha Gill,39,10,Customer Support,44376,552,2663,1014,1514,38633,9491,5477,4085,1372,1253,21678,8889,1289,Medium,0.5611264980715969,0.23008826650790776,0.033365257681256956,0.1057386172443248
EMP02672,Divya Kapoor,45,17,Operations,79372,2937,4762,1559,2078,68036,8043,9547,0,1407,2662,21659,32269,2444,High,0.318346169674878,0.47429302134164264,0.03592215885707566,0.0
EMP02673,Gaurav Lakhotia,37,13,IT,113280,6992,6797,2860,2281,94350,0,12332,18631,3959,3963,38885,38757,3598,Medium,0.4121356650768416,0.41077901430842606,0.03813460519342872,0.19746687864334922
EMP02674,Aisha Kulkarni,25,3,Data Science,95621,4562,5737,1649,1571,82102,23469,9058,0,8876,4054,45457,16351,3054,Medium,0.5536649533507101,0.1991547099948844,0.037197632213587975,0.0
EMP02675,Saurabh Fernandes,48,20,Marketing,84246,3425,5055,1292,2433,72041,19290,12855,0,3397,3559,39101,1837,390,Medium,0.5427603725656224,0.025499368415208005,0.005413583931372413,0.0
EMP02676,Rahul Goel,25,0,HR,40000,333,2400,1150,1440,34677,7698,4776,0,2461,1408,16343,7193,1995,Medium,0.4712922109755746,0.20742855494996684,0.05753092828099317,0.0
EMP02677,Charu Khanna,28,6,Sales,53178,992,3191,866,2146,45983,15675,6609,0,6446,3974,32704,2709,1793,Low,0.711219363677881,0.058913076571776524,0.038992671204575606,0.0
EMP02678,Khushi Amit Wadhwa,51,35,Finance,130000,9500,7800,2245,2306,108149,0,12706,27230,9740,5428,55104,21116,6297,Medium,0.509519274334483,0.19524914701014343,0.05822522630814894,0.2517822633588845
EMP02679,Tushar Mathew,58,38,Operations,95000,4500,5700,1321,2318,81161,21341,14652,4918,6546,3701,51158,14377,3825,Medium,0.6303273739850421,0.17714173063417157,0.047128546962210915,0.06059560626409236
EMP02680,Charu Mohanty,45,15,Finance,100221,5033,6013,3332,1138,84705,19706,11891,7248,4017,2184,45046,21831,4270,High,0.5317985951242548,0.25772976801841685,0.050410247328965235,0.08556755799539578
EMP02681,Payal Kulkarni,48,22,Finance,116579,7487,6995,2794,1076,98227,28559,17212,0,7030,6514,59315,15853,4885,Medium,0.6038563735021939,0.16139147077687396,0.04973174381789121,0.0
EMP02682,Akash Shinde,44,22,IT,129734,9460,7784,3481,1314,107695,0,17060,0,16122,10620,43802,6813,8775,Medium,0.40672268907563025,0.06326198987882446,0.0814801058544965,0.0
EMP02683,Vidhi Patel,40,15,Finance,106487,5973,6389,3995,1205,88925,7981,16893,0,5942,4230,35046,25786,6249,Medium,0.39410739387123983,0.2899746977790273,0.0702727017149283,0.0
EMP02684,Trisha Chopra,33,12,IT,105193,5779,6312,3148,2119,87835,18300,9794,0,7799,3947,39840,23873,5611,Medium,0.4535777309728468,0.27179370410428644,0.06388114077531735,0.0
EMP02685,Lakshay Banerjee,25,1,IT,84254,3425,5055,1325,1368,73081,0,7607,0,6700,2890,17197,24458,4935,High,0.23531424036343235,0.33466975000342086,0.06752781160629986,0.0
EMP02686,Nisha Reema Agarwal,35,12,Marketing,71486,2149,4289,1201,2057,61790,16806,8055,7287,6491,3316,41955,9506,1876,Medium,0.6789933646221071,0.15384366402330474,0.030360899821977667,0.11793170415924907
EMP02687,Tarun Daga,32,9,Marketing,60359,1351,3622,1835,1296,52255,0,9048,0,2653,2366,14067,17547,4795,High,0.269199119701464,0.3357956176442446,0.09176155391828533,0.0
EMP02688,Aisha Aisha Chaudhary,53,22,Operations,94237,4424,5654,1262,1248,81649,0,11692,2621,2463,4093,20869,34587,5998,Medium,0.2555940672880256,0.4236059229139365,0.07346078947690725,0.03210082181043246
EMP02689,Swati Bedi,57,26,Customer Support,60000,1333,3600,1606,2188,51273,14302,7872,0,1437,3896,27507,406,200,Medium,0.5364811889298461,0.007918397597175901,0.0039006884715152225,0.0
EMP02690,Vivaan Goel,38,10,Operations,68893,1889,4134,2154,1803,58913,13556,9308,0,1915,2604,27383,21518,1772,Medium,0.46480403306570706,0.3652504540593757,0.030078250980259028,0.0
EMP02691,Preeti Khandelwal,23,0,IT,80000,3000,4800,1476,2153,68571,0,7361,7767,5507,3323,23958,13743,14871,High,0.34938968368552303,0.2004200026250164,0.216870105438159,0.11326945793411208
EMP02692,Aditya Rajat Pandey,39,15,Data Science,128742,9311,7725,2338,1296,108072,29441,13629,5596,6343,4731,59740,10740,19347,Medium,0.5527796283958842,0.09937819231623363,0.1790195425272041,0.05178029461840255
EMP02693,Shreya Dubey,47,26,IT,149975,13328,8998,3800,1348,122501,30554,16935,3781,7035,7551,65856,26041,6046,Medium,0.5375956114643962,0.21257785650729383,0.0493546991453131,0.03086505416282316
EMP02694,Lokesh Shruti Wadhwa,49,25,HR,65202,1593,3912,2175,1266,56256,0,9572,9121,2289,2702,23684,16351,2526,Medium,0.42100398179749715,0.290653441410694,0.044901877133105804,0.16213381683731512
EMP02695,Dev Dubey,55,29,Operations,95000,4500,5700,1944,1417,81439,0,12011,16429,5120,4539,38099,13607,14398,Medium,0.4678225420253196,0.16708211053672073,0.17679490170557105,0.20173381303797935
EMP02696,Garima Pradhan,23,2,Operations,50000,833,3000,836,1600,43731,0,3713,0,3358,1079,8150,24340,2120,Medium,0.18636665065971508,0.5565845738720816,0.0484781962452265,0.0
EMP02697,Sakshi Bedi,37,13,Customer Support,49449,806,2967,1017,1624,43035,0,5748,14590,1853,2054,24245,12080,1154,Medium,0.5633786452887185,0.2807017543859649,0.026815382827930754,0.3390263738817242
EMP02698,Vivek Tiwari,59,30,Customer Support,60000,1333,3600,1633,1812,51622,13097,6759,2579,2717,2769,27921,1218,355,Medium,0.5408740459494015,0.023594591453256365,0.006876912944093603,0.04995931966990818
EMP02699,Tanvi Kulkarni,24,0,Finance,71768,2177,4306,1632,1424,62229,0,6636,0,4600,2773,14009,13815,13990,High,0.2251201208439795,0.22200260328785615,0.2248147969596169,0.0
EMP02700,Megha Patel,35,9,IT,99579,4958,5975,1539,1400,85707,22132,11268,0,3546,2685,39631,31964,2327,High,0.46240097074918035,0.3729450336611945,0.02715064113783005,0.0
EMP02701,Aarav Saxena,24,2,Sales,48989,783,2939,1128,1522,42617,3230,6045,0,6257,4050,19582,2688,2831,Medium,0.4594879977473778,0.0630734214046038,0.0664288898796255,0.0
EMP02702,Megha Neha Bansal,46,27,IT,150000,13333,9000,2465,1411,123791,35173,18271,0,5003,5437,63884,3472,2323,Medium,0.5160633648649741,0.028047273226648142,0.018765499915179618,0.0
EMP02703,Prachi Sai Chatterjee,48,20,IT,124204,8631,7452,3036,1502,103583,0,9809,33308,9965,4723,57805,21961,4436,Low,0.5580548931774519,0.21201355434772115,0.04282556017879382,0.321558556906056
EMP02704,Preeti Reddy,51,29,IT,145579,12449,8735,3679,1788,118928,28146,20296,0,9600,7932,65974,26262,4213,Medium,0.5547390017489574,0.22082268263150814,0.035424794833849055,0.0
EMP02705,Saurabh Verma,36,17,Cyber Security,141350,11603,8481,3058,1297,116911,0,15640,0,3714,4596,23950,54394,6023,Medium,0.20485668585505212,0.4652598985553113,0.051517821248642126,0.0
EMP02706,Vivek Narang,34,8,Finance,89069,3907,5344,1481,1575,76762,0,7567,0,6348,3158,17073,16510,19333,High,0.22241473645814336,0.2150803783121857,0.25185638727495374,0.0
EMP02707,Avantika Manish Bhardwaj,49,23,Marketing,90000,4000,5400,1548,2254,76798,0,11559,14631,6199,4648,37037,19616,4377,Medium,0.4822651631552905,0.2554233183155811,0.05699367171020079,0.19051277377015027
EMP02708,Kartik Vivek Saxena,37,14,HR,58568,1262,3514,1083,1768,50941,10844,8168,2260,3695,2486,27453,11127,2772,Medium,0.5389175713079838,0.21842916314952593,0.05441589289570287,0.04436504976345183
EMP02709,Kartik Tiwari,36,17,Data Science,142680,11869,8561,3827,1379,117044,0,20672,22138,7997,6471,57278,23653,7095,Medium,0.4893715184033355,0.20208639486005264,0.06061822904206965,0.18914254468405045
EMP02710,Sakshi Das,27,3,Data Science,97443,4744,5847,2013,1397,83442,7363,8531,0,6631,4852,27377,25227,7143,High,0.3280961626039644,0.30232976199036454,0.08560437189904364,0.0
EMP02711,Yash Shinde,46,15,Finance,103981,5597,6239,3470,1924,86751,20543,12078,10062,5535,4617,52835,6859,11862,Medium,0.6090419706977441,0.07906537100436882,0.13673617595186222,0.11598713559497874
EMP02712,Vidhi Rawat,56,35,Sales,85000,3500,5100,2046,2121,72233,21471,12517,0,12706,4627,51321,3645,2704,Low,0.7104924342059723,0.0504617003308737,0.037434413633657744,0.0
EMP02713,Swati Iyer,44,24,IT,139129,11159,8348,3896,1903,113823,26262,18509,5182,8326,5028,63307,19619,7043,Medium,0.556188116637235,0.17236410918707115,0.06187677358706061,0.04552682673976261
EMP02714,Charu Rashmi Bhardwaj,34,6,Marketing,59246,1296,3555,1138,2004,51253,15559,7018,4250,5077,3262,35166,5851,1715,Medium,0.6861256902035003,0.11415917117046807,0.03346145591477572,0.08292197529900688
EMP02715,Akash Bohra,56,33,IT,150000,13333,9000,3739,2132,121796,0,19883,32353,9389,6908,68533,21063,4966,Medium,0.5626867877434398,0.1729367138493875,0.040773095996584456,0.26563269729711975
EMP02716,Aakash Gupta,29,7,Marketing,59868,1327,3592,1075,1174,52700,3077,5624,0,5055,3066,16822,17866,3817,High,0.31920303605313094,0.3390132827324478,0.07242884250474384,0.0
EMP02717,Vaishnavi Pawar,43,16,Sales,72093,2209,4326,1353,1500,62705,20380,9511,0,11945,5670,47506,3351,2331,Low,0.7576110358025676,0.05344071445658241,0.0371740690535045,0.0
EMP02718,Riya Khandelwal,32,7,Sales,58451,1256,3507,845,1721,51122,3706,8146,0,3667,3168,18687,10574,12541,High,0.36553734204452093,0.20683854309299324,0.24531512851609874,0.0
EMP02719,Tanvi Lakhotia,58,25,Data Science,168309,17077,10099,3117,1598,136418,0,19995,29335,2931,3241,55502,41842,9671,Medium,0.40685246814936443,0.3067190546702048,0.07089240422818104,0.21503760500813676
EMP02720,Tushar Shivam Saxena,44,28,HR,70000,2000,4200,1602,1506,60692,16121,11154,0,3645,3147,34067,11281,2665,Medium,0.5613095630396099,0.1858729321821657,0.04391023528636394,0.0
EMP02721,Gaurav Das,23,1,HR,40092,338,2406,897,2112,34339,10054,3463,2343,2266,2132,20258,467,222,Medium,0.5899414659716358,0.013599697137365677,0.0064649523864993156,0.06823145694399953
EMP02722,Priya Pandey,52,34,Marketing,90000,4000,5400,1210,1059,78331,0,10529,0,1729,2246,14504,33046,4883,High,0.1851629623010047,0.4218763963181882,0.06233802709016864,0.0
EMP02723,Mansi Ghosh,59,30,Marketing,90000,4000,5400,1818,1743,77039,18097,11959,2980,2419,3594,39049,26351,1870,Medium,0.5068731421747427,0.3420475343657109,0.024273419956126117,0.03868170666805125
EMP02724,Saurabh Ayush Lodha,43,17,Operations,85796,3580,5148,2027,1151,73890,18729,12744,0,3033,2062,36568,19218,3501,High,0.4948978210853972,0.2600893219650832,0.047381242387332524,0.0
EMP02725,Avantika Iyer,42,25,Marketing,87734,3773,5264,1469,1922,75306,0,7726,16331,7931,4727,36715,15725,4499,Medium,0.48754415318832495,0.20881470267973334,0.05974291557113643,0.21686187023610337
EMP02726,Yuvraj Patel,25,3,Marketing,53785,1023,3227,1064,1019,47452,0,5323,0,4907,2866,13096,15762,2865,Medium,0.2759841524066425,0.3321672426873472,0.06037680182078732,0.0
EMP02727,Nisha Ghosh,23,2,Data Science,98677,4868,5921,1430,1272,85186,21502,8781,5577,6777,5615,48252,13364,5606,Medium,0.5664311037024863,0.15688023853684877,0.06580893574061465,0.06546850421430751
EMP02728,Ayush Rawat,48,26,Sales,85000,3500,5100,2168,1980,72252,19125,12764,8727,5319,3891,49826,10901,2433,Medium,0.6896141283286276,0.15087471627082988,0.03367380833748547,0.1207855837900681
EMP02729,Shruti Somani,42,27,Finance,130000,9500,7800,3998,1838,106864,0,17576,32813,7490,6353,64232,21185,4877,Low,0.6010630333882317,0.19824262614163796,0.045637445725407996,0.3070538254229675
EMP02730,Kavya Mittal,22,3,Sales,52695,968,3162,834,1104,46627,14437,7010,2299,7839,4386,35971,2110,1432,Low,0.7714628863105067,0.04525275055225513,0.03071181933214661,0.04930619598086945
EMP02731,Ishaan Kapoor,31,11,IT,108951,6343,6537,2337,1025,92709,0,13811,24139,2023,2180,42153,28159,3367,Medium,0.45468077532925605,0.30373534392561674,0.036317941084468605,0.2603738579857403
EMP02732,Prateek Lakshay Jindal,38,12,Finance,93842,4384,5631,2196,2207,79424,0,10399,23562,3175,2336,39472,27155,2592,Medium,0.49697824335213536,0.34189917405318293,0.03263497179693795,0.2966609589041096
EMP02733,Rohit Bansal,30,2,Finance,76480,2648,4589,2099,1048,66096,0,11878,0,4158,4138,20174,16808,5066,High,0.30522270636649723,0.2542967804405713,0.07664609053497942,0.0
EMP02734,Yuvraj Mohanty,33,10,Finance,91341,4134,5480,2060,2282,77385,22444,9674,3932,6283,5533,47866,213,989,Low,0.6185436454093171,0.002752471409187827,0.012780254571299348,0.05081088066162693
EMP02735,Neha Naidu,60,23,Data Science,150991,13532,9059,3875,1584,122941,0,19801,33495,14527,13270,81093,8373,5442,Low,0.6596090807785848,0.06810583938637232,0.044265135308806665,0.2724477594943916
EMP02736,Saloni Pawar,23,3,Cyber Security,103179,5477,6191,3403,2199,85909,8845,8773,10118,5840,3228,36804,27736,5298,Medium,0.428406802546881,0.32285325169656265,0.06166990652900162,0.11777578600612276
EMP02737,Pooja Lakhotia,58,33,Operations,95000,4500,5700,1457,1318,82025,0,11660,16591,4381,3263,35895,11941,13881,Medium,0.4376104846083511,0.14557756781469064,0.16922889362999086,0.20226760134105456
EMP02738,Neha Chaudhary,22,1,Sales,46018,634,2761,807,1633,40183,14273,7427,0,4921,3242,29863,2420,1203,Low,0.7431749744917004,0.06022447303586093,0.029938033496752357,0.0
EMP02739,Abhishek Bose,33,12,Data Science,119615,7942,7177,2548,1744,100204,24578,11608,0,7212,5512,48910,1702,1256,Medium,0.4881042672947188,0.016985349886232088,0.012534429763282904,0.0
EMP02740,Ishaan Bagri,37,10,IT,106071,5911,6364,3702,1366,88728,23191,13481,3779,5057,3379,48887,15810,4009,Medium,0.5509760165900279,0.17818501487692723,0.045183031286628796,0.04259083941934902
EMP02741,Reema Porwal,23,2,Marketing,55844,1126,3351,1177,1625,48565,12141,5312,4188,4430,2947,29018,7596,2792,Medium,0.5975084937712344,0.15640893647688664,0.057489961906722946,0.08623494286008443
EMP02742,Atharv Shinde,29,3,Marketing,53228,995,3194,891,1355,46793,10505,6925,0,3215,2804,23449,8353,3568,Medium,0.5011219626867266,0.17850960613767017,0.07625072126172718,0.0
EMP02743,Yash Somani,54,22,HR,63191,1493,3791,1440,1806,54661,0,7301,0,6015,2607,15923,17157,5158,High,0.2913045864510346,0.313880097327162,0.09436344011269461,0.0
EMP02744,Hemant Ritika Suri,49,15,IT,117541,7631,7052,2860,2304,97694,24434,15306,0,7030,3953,50723,16899,6324,Medium,0.5192028169590763,0.17297889327901406,0.06473273691321883,0.0
EMP02745,Riya Iyer,42,17,Finance,109536,6430,6572,3398,1570,91566,0,10290,23285,3079,3934,40588,35082,3120,Medium,0.4432649673459581,0.3831334774916454,0.03407378284516087,0.25429744665050347
EMP02746,Ishita Sabharwal,42,23,IT,131850,9778,7911,2667,1248,110246,0,18873,27172,2781,3557,52383,39956,3838,Medium,0.4751464905756218,0.36242584764980135,0.03481305444188451,0.24646699199970973
EMP02747,Ananya Mehta,60,29,IT,150000,13333,9000,2538,1220,123909,26741,21006,0,8083,6243,62073,19262,24328,High,0.5009563469965862,0.1554527919682993,0.19633763487720826,0.0
EMP02748,Megha Pawar,34,7,Sales,59149,1291,3549,1096,1540,51673,0,5894,4935,4833,3220,18882,12474,4360,Medium,0.3654132719215064,0.24140266676987981,0.08437675381727401,0.09550442203858882
EMP02749,Abhishek Lakhotia,33,10,IT,105073,5761,6304,3276,1400,88332,23046,10173,9188,15684,6604,64695,3097,2147,Low,0.7324072816193452,0.03506090657972196,0.024306027260788843,0.10401666440248154
EMP02750,Mansi Bedi,32,12,Sales,63230,1495,3794,1576,1184,55181,0,8146,0,6500,5099,19745,7500,3333,Medium,0.35782243888294885,0.13591634801833966,0.06040122505935014,0.0
EMP02751,Mansi Mehta,46,19,Sales,70605,2060,4236,2157,1686,60466,0,8687,19785,8773,5178,42423,2262,2116,Low,0.7016008996791585,0.037409453246452555,0.034994873151853935,0.3272086792577647
EMP02752,Jyoti Sumit Srivastava,27,3,Marketing,55786,1123,3347,1138,1207,48971,8830,7399,0,1103,1126,18458,19261,1962,Medium,0.37691695084846133,0.3933144105695207,0.04006452798595087,0.0
EMP02753,Prachi More,30,3,Marketing,53580,1012,3215,961,1187,47205,11334,6557,2635,4002,2828,27356,7590,2735,Medium,0.579514881898104,0.1607880521131236,0.057938777671856796,0.05582035801292236
EMP02754,Palak Porwal,35,8,Data Science,112763,6914,6766,3438,1794,93851,0,13437,25888,9841,5914,55080,16515,3602,Low,0.5868877262895441,0.175970421199561,0.03837998529584128,0.27584149343107695
EMP02755,Pallavi Arora,29,4,Data Science,104726,5709,6284,3063,1476,88194,0,11065,27472,13430,7797,59764,5372,3459,Low,0.6776424700092977,0.060911173095675446,0.039220355126199064,0.31149511304623895
EMP02756,Lokesh More,58,23,IT,131439,9716,7886,3543,2154,108140,0,15305,33816,6027,6851,61999,16352,4901,Medium,0.573321620122064,0.15121139263917144,0.04532088034029961,0.312705751803218
EMP02757,Mayank Yadav,24,3,Customer Support,41875,427,2512,834,2312,35790,0,4761,0,2716,1730,9207,1789,935,Medium,0.2572506286672255,0.04998602961721151,0.026124615814473316,0.0
EMP02758,Parth Jindal,44,27,Sales,85000,3500,5100,1255,1680,73465,0,10505,23425,3179,4638,41747,547,649,Low,0.5682569931259783,0.007445722452868713,0.008834138705506023,0.31885932076499013
EMP02759,Kartik Joshi,35,9,Finance,86824,3682,5209,1567,2054,74312,0,10396,16763,4414,3508,35081,11416,16277,Medium,0.472077188071913,0.15362256432339327,0.21903595650769728,0.22557595004844438
EMP02760,Amit Saini,52,23,Finance,124259,8639,7456,3549,1737,102878,0,16188,0,7449,7059,30696,29186,9010,High,0.298372829953926,0.28369525068527773,0.0875794630533253,0.0
EMP02761,Aditya Ahuja,41,19,Data Science,146565,12646,8794,3293,1273,120559,0,19948,24365,8800,8083,61196,26106,7248,Medium,0.5076020869449813,0.21654127854411534,0.0601199412735673,0.2021002164915104
EMP02762,Prateek Mundra,59,37,Customer Support,60000,1333,3600,2189,1884,50994,0,7162,0,3246,2930,13338,13483,4443,High,0.261560183551006,0.26440365533199983,0.08712789739969408,0.0
EMP02763,Bhavna Srivastava,23,0,Marketing,50960,881,3058,1142,1352,44527,4407,5766,0,6829,3695,20697,4194,2424,Medium,0.46481909852449077,0.09419004199699059,0.05443887978080715,0.0
EMP02764,Vihaan Iyer,47,16,Operations,78583,2858,4715,2190,1902,66918,13517,9225,0,2361,1831,26934,23780,3545,High,0.4024926028871156,0.35536029170028993,0.05297528318240234,0.0
EMP02765,Ayaan Sandhu,40,14,IT,113505,7026,6810,2379,1770,95520,24764,13276,0,6212,4538,48790,19429,6052,Medium,0.5107830820770519,0.20340242881072026,0.06335845896147403,0.0
EMP02766,Harsh Rohit Menon,26,6,Marketing,60781,1372,3647,1993,1309,52460,10949,6269,3138,2579,2003,24938,8534,9616,High,0.4753717117804041,0.16267632481890965,0.18330156309569196,0.059817003431185664
EMP02767,Pallavi Srivastava,55,34,Sales,85000,3500,5100,2057,1665,72678,0,11339,21412,10495,7457,50703,2606,3270,Low,0.6976389003549905,0.035856792977242084,0.04499298274581029,0.2946146013924434
EMP02768,Rajat Shinde,50,16,IT,113425,7014,6806,3682,1550,94373,20907,14906,0,6228,6074,48115,18071,4518,Medium,0.5098386190965636,0.1914848526591292,0.0478738622275439,0.0
EMP02769,Dhruv Mehta,43,23,Sales,78154,2815,4689,1449,1142,68059,22447,9281,0,11464,4145,47337,2121,2139,Medium,0.6955288793546776,0.03116413699878047,0.031428613408954,0.0
EMP02770,Nisha Das,60,37,Sales,85000,3500,5100,1270,2070,73060,0,10830,0,2803,1942,15575,39361,3939,Medium,0.2131809471667123,0.5387489734464823,0.05391459074733096,0.0
EMP02771,Ayaan Sabharwal,34,11,Sales,63814,1524,3829,1811,1908,54742,15093,8984,0,3779,3911,31767,11303,2567,Medium,0.5803039713565452,0.2064776588359943,0.046892696649738774,0.0
EMP02772,Harsh Monika Somani,28,3,Finance,76225,2622,4574,1542,1855,65632,14927,7962,4344,5324,4246,36803,14048,2703,Medium,0.5607478059483179,0.21404193076548025,0.04118417844953681,0.06618722574353973
EMP02773,Sneha Ahuja,45,19,Sales,77966,2797,4678,1494,1163,67834,0,9786,13682,3220,4485,31173,823,1430,Low,0.4595483091075272,0.012132558893770086,0.02108087389804523,0.20169826340773064
EMP02774,Garima Daga,28,4,Operations,58427,1255,3506,730,1568,51368,4753,7497,0,2375,2305,16930,22688,2236,High,0.3295826195296683,0.4416757514405856,0.043529045320043605,0.0
EMP02775,Ritika Tayal,48,20,Sales,75761,2576,4546,1522,1445,65672,4744,8589,0,14299,5119,32751,3319,5667,Medium,0.49870568887806066,0.050539042514313556,0.08629248385917895,0.0
EMP02776,Mansi Mehta,24,1,IT,83910,3391,5035,1675,1002,72807,0,8536,5173,6205,3969,23883,12182,14986,High,0.3280316453088302,0.16731907646242805,0.20583185682695346,0.07105086049418326
EMP02777,Pallavi Garima Sharma,59,28,IT,150000,13333,9000,3547,1365,122755,0,17313,32776,6635,7164,63888,21087,6125,Medium,0.5204513054458066,0.17178119017555293,0.049896134577002975,0.2670033807176897
EMP02778,Shivam Reddy,46,19,Product Management,177603,19401,10656,2572,1064,143910,36506,21557,13936,11499,6739,90237,26608,6256,Medium,0.6270377319157807,0.1848933361128483,0.04347161420332152,0.0968383017163505
EMP02779,Megha Arora,35,7,Customer Support,41403,403,2484,844,1426,36246,10195,4311,0,1825,2338,18669,148,717,Medium,0.515063731170336,0.004083209181702809,0.019781493130276443,0.0
EMP02780,Aditi Thomas,31,6,IT,95498,4550,5730,2009,1148,82061,0,14635,23407,4985,5158,48185,15032,3903,Low,0.5871851427596544,0.18318080452346425,0.047562179354382714,0.2852390295024433
EMP02781,Shubham Gupta,60,24,HR,70000,2000,4200,1965,1309,60526,0,8791,11428,3911,2418,26548,16603,4238,Medium,0.43862141889435946,0.27431186597495294,0.0700194957538909,0.18881141988566896
EMP02782,Arjun Jadhav,57,38,IT,150000,13333,9000,3526,987,123154,0,19356,35737,18880,12171,86144,7087,3384,Low,0.69948194942917,0.057545836919629084,0.027477792032739496,0.2901813988989395
EMP02783,Swati Arora,30,2,Marketing,55914,1129,3355,937,1835,48658,11252,7144,7804,2763,1487,30450,3701,8638,Medium,0.6257963746968638,0.07606149040240043,0.17752476468412182,0.16038472604710427
EMP02784,Abhishek Mittal,34,8,Sales,55638,1115,3338,934,1075,49176,12916,7702,1925,2345,2075,26963,1493,921,Medium,0.5482959167073369,0.030360338376443793,0.01872864812103465,0.039145111436473076
EMP02785,Tarun Reema Verma,31,10,Cyber Security,122019,8303,7321,3808,1650,100937,30631,12047,13307,19054,6433,81472,1985,2329,Low,0.8071569394770995,0.01966573209031376,0.023073798507980227,0.13183470877874318
EMP02786,Lokesh Pillai,33,12,Sales,63741,1520,3824,1508,1345,55544,0,6561,12300,4797,3808,27466,10776,3537,Medium,0.4944908540976523,0.1940083537375774,0.06367924528301887,0.22144606078064238
EMP02787,Ayush More,35,5,Sales,55366,1102,3322,800,870,49272,3639,3861,5913,3593,2049,19055,10495,8907,High,0.3867308004546193,0.21300129891216107,0.18077204091573307,0.120007306380906
EMP02788,Aditi Saloni Gill,44,21,Finance,114966,7245,6898,3631,971,96221,27310,16082,0,8405,6019,57816,18556,3255,Medium,0.6008667546585464,0.19284771515573523,0.03382837426341443,0.0
EMP02789,Aakash Maheshwari,23,2,Cyber Security,98522,4852,5911,1415,1614,84730,0,10210,17144,6869,4519,38742,2870,1236,Low,0.4572406467602974,0.0338723002478461,0.01458751327746961,0.20233683465124513
EMP02790,Palak Jadhav,40,10,HR,48697,768,2922,1014,1901,42092,0,6508,6357,1936,1982,16783,7136,10293,Medium,0.3987218473819253,0.1695334030219519,0.24453577877031266,0.15102632329183693
EMP02791,Divya Nagpal,54,24,IT,139209,11175,8353,2912,950,115819,25261,16160,3958,6145,3895,55419,40212,4720,Medium,0.4784966197256063,0.34719691933102514,0.040753244286343346,0.03417401289943792
EMP02792,Vihaan Tayal,49,28,Data Science,170000,17500,10200,2614,1143,138543,40070,21242,0,4106,7712,73130,1869,292,Medium,0.5278505590322138,0.013490396483402264,0.002107648888792649,0.0
EMP02793,Rakesh Nagpal,46,26,Customer Support,60000,1333,3600,1716,1199,52152,0,9018,16650,1774,3946,31388,864,391,Low,0.6018561129007517,0.016566958122411414,0.007497315539193128,0.31925908881730325
EMP02794,Gaurav Rawat,41,15,Finance,101028,5154,6062,3116,816,85880,19615,14734,6405,5819,5701,52274,12904,3692,Medium,0.6086865393572427,0.1502561714019562,0.042990218910107125,0.07458081043316256
EMP02795,Tanvi Parth Arora,49,24,Customer Support,58460,1256,3508,805,1908,50983,0,8077,17330,1129,3761,30297,1963,883,Low,0.5942569091658003,0.03850303042190534,0.017319498656414883,0.3399172273110645
EMP02796,Monika Ashish Khanna,24,2,Data Science,102797,5420,6168,3797,2024,85388,21908,10688,0,8250,4520,45366,10362,14897,High,0.5312924532721226,0.12135194640933152,0.17446245374057245,0.0
EMP02797,Charu Mathew,41,21,Cyber Security,172227,18057,10334,2959,2070,138807,40501,22006,14831,9824,7864,95026,16496,5455,Medium,0.6845908347561722,0.11884126881209162,0.03929917079109843,0.1068461965174667
EMP02798,Dhruv Rawat,31,6,HR,46994,683,2820,914,1066,41511,10561,6309,3998,1967,1166,24001,10063,1449,Medium,0.5781840957818409,0.24241767242417672,0.0349064103490641,0.09631182096311822
EMP02799,Tushar Jadhav,26,4,HR,46998,683,2820,1021,1395,41079,0,4760,0,4230,1685,10675,10254,10903,High,0.2598651379050123,0.24961659241948442,0.2654154190705713,0.0
EMP02800,Saurabh Behera,50,17,Cyber Security,147953,12924,8877,3301,1926,120925,27991,19353,0,7043,7027,61414,29432,5247,Medium,0.5078685135414513,0.24339053132106678,0.04339053132106678,0.0
EMP02801,Vivaan Chauhan,55,22,Sales,82068,3207,4924,1603,2193,70141,0,12825,0,2295,4920,20040,998,1662,Medium,0.2857102122866797,0.014228482627849617,0.023695128384254572,0.0
EMP02802,Kavya Sahu,33,9,Product Management,152863,13906,9172,2330,747,126708,11018,17504,0,5846,6537,40905,43845,7538,High,0.3228288663699214,0.34603182119518894,0.05949111342614515,0.0
EMP02803,Ishaan Tomar,39,9,Customer Support,47157,691,2829,750,1517,41370,12986,6934,0,7028,2540,29488,2587,1660,Low,0.7127870437515108,0.06253323664491177,0.04012569494802997,0.0
EMP02804,Saurabh Tayal,42,28,Sales,85000,3500,5100,1568,1109,73723,18254,10351,0,3237,3440,35282,9014,15711,Medium,0.4785752071944983,0.1222684915155379,0.21310852786782958,0.0
EMP02805,Charu Chatterjee,38,18,Cyber Security,160440,15421,9626,2247,1413,131733,0,16836,29921,6797,6771,60325,21138,21822,Medium,0.4579338510471939,0.16046093234041583,0.16565325317118718,0.22713367189694306
EMP02806,Vivek Patel,47,21,Data Science,145152,12364,8709,3042,2122,118915,0,19193,39036,5080,6298,69607,3103,911,Low,0.5853508808813017,0.02609426901568347,0.007660934280788799,0.32826809065298745
EMP02807,Namrata Lodha,43,22,IT,138657,11065,8319,3585,1294,114394,22452,15532,8311,3256,3020,52571,35482,5128,High,0.45956081612671995,0.3101736105040474,0.04482752591919156,0.07265241183978181
EMP02808,Harsh Jain,42,22,Finance,115833,7375,6950,2978,2039,96491,0,15741,21507,6182,6373,49803,18633,6350,Medium,0.5161414017887679,0.19310609279621935,0.0658092464582189,0.22289125410660063
EMP02809,Neha Tomar,29,7,Operations,64775,1572,3886,1230,1691,56396,0,7833,3972,2313,1522,15640,28147,3067,High,0.27732463295269166,0.4990956805447195,0.05438328959500674,0.07043052698772963
EMP02810,Komal Shinde,29,4,Operations,56907,1179,3414,1047,1166,50101,0,7717,9202,2427,3111,22457,1181,375,Low,0.44823456617632385,0.023572383784754795,0.0074848805413065605,0.18366898864294126
EMP02811,Dhruv Behera,36,8,Sales,53287,998,3197,806,1371,46915,0,5503,4394,4853,2574,17324,13969,3767,High,0.3692635617606309,0.2977512522647341,0.08029414899285943,0.09365874453799425
EMP02812,Ishaan Jain,55,29,Sales,85000,3500,5100,1586,1842,72972,0,13700,24754,13598,5903,57955,3159,1815,Low,0.7942087375979828,0.0432905772076961,0.02487255385627364,0.3392260044948747
EMP02813,Jyoti George,35,5,Product Management,131963,9794,7918,3127,1854,109270,0,14628,35502,5599,4764,60493,11822,21432,Medium,0.553610323052988,0.10819072023428206,0.1961380067722156,0.32490161984076144
EMP02814,Shivam Bohra,38,10,Sales,65897,1628,3954,1460,833,58022,0,8510,18749,3810,3479,34548,10839,2641,Low,0.5954293199131364,0.18680845196649545,0.045517217607114545,0.3231360518424046
EMP02815,Nisha Shinde,36,8,Operations,64277,1547,3857,1990,1957,54926,0,7696,18017,2234,1743,29690,16467,1687,Medium,0.5405454611659324,0.29980337180934347,0.03071405163310636,0.328023158431344
EMP02816,Simran D'Souza,38,10,HR,54246,1046,3255,849,2443,46653,0,8392,16259,8486,3659,36796,2361,1058,Low,0.7887166956037125,0.05060767796283197,0.022678070006216106,0.3485092062675498
EMP02817,Shruti Mehta,38,15,Operations,79511,2951,4771,1714,1660,68415,0,9772,15227,2891,2491,30381,21836,2732,Medium,0.4440692830519623,0.3191697727106629,0.03993276328290579,0.22256815025944604
EMP02818,Saurabh Seth,56,22,Sales,78116,2812,4687,1786,834,67997,0,11764,21520,3548,4643,41475,12647,2614,Medium,0.6099533802961895,0.18599349971322265,0.03844287247966822,0.3164845507890054
EMP02819,Payal Mathew,53,24,Cyber Security,174374,18594,10462,3779,1064,140475,31834,20845,24216,7646,8698,93239,22962,5424,Medium,0.6637408791599929,0.1634596903363588,0.03861185264281901,0.17238654564869194
EMP02820,Ashish Thomas,48,20,Operations,86074,3607,5164,2123,984,74196,17005,6946,0,4000,3538,31489,25475,3581,Medium,0.4244029327726562,0.3433473502614696,0.04826405736158283,0.0
EMP02821,Mansi Bhavna Sabharwal,54,31,Operations,95000,4500,5700,1808,1488,81504,0,13100,0,10792,6450,30342,9038,8071,Medium,0.37227620730270905,0.11089026305457401,0.09902581468394189,0.0
EMP02822,Abhishek Srivastava,59,35,IT,150000,13333,9000,2766,1264,123637,0,19821,41655,9300,7353,78129,20830,3955,Medium,0.631922482751927,0.1684770740150602,0.031988805939969424,0.3369137070618019
EMP02823,Monika Soni,30,4,Sales,53835,1025,3230,1181,1644,46755,0,5482,4687,8550,3910,22629,3130,2206,Medium,0.48399101700352903,0.0669447117955299,0.04718211955940541,0.10024596299860977
EMP02824,Nikita Monika Nair,51,38,Marketing,90000,4000,5400,1368,1577,77655,0,10232,24817,4935,4693,44677,12654,4393,Low,0.5753267658231923,0.16295151632219432,0.056570729508724486,0.31958019444981006
EMP02825,Swati Chaudhary,56,36,Cyber Security,180000,20000,10800,3826,1635,143739,32858,17427,0,12812,7552,70649,29298,8545,Medium,0.49150891546483555,0.20382777116857637,0.05944802732730852,0.0
EMP02826,Ravi Nagpal,48,23,Sales,81296,3130,4878,2045,1001,70242,5914,11166,27194,2202,3185,49661,199,648,Low,0.7069986617693118,0.002833062839896358,0.009225249850516785,0.38714729079468124
EMP02827,Krishna Dev Yadav,41,19,Sales,73519,2352,4411,1439,1302,64015,0,7047,0,4056,1988,13091,30868,4516,Medium,0.20449894555963447,0.4821994844958213,0.07054596578926814,0.0
EMP02828,Sumit Yadav,32,5,Operations,56286,1148,3377,718,1052,49991,12034,9436,0,3864,3474,28808,8535,2091,Medium,0.5762637274709448,0.1707307315316757,0.04182752895521194,0.0
EMP02829,Trisha Mishra,40,11,HR,58531,1260,3512,1169,1693,50897,5858,7495,8766,1819,1174,25112,13135,2941,Medium,0.49338860836591547,0.25807022024873766,0.05778336640666444,0.17223019038450205
EMP02830,Riya Bedi,45,26,Operations,95000,4500,5700,2174,1738,80888,0,10941,23457,3970,4590,42958,18257,4045,Medium,0.5310800118682623,0.22570715062802887,0.050007417663930374,0.289993571357927
EMP02831,Sai Suri,47,24,IT,146263,12586,8776,2365,2140,120396,0,15688,32488,7413,3775,59364,17718,21367,Medium,0.49307285956344066,0.14716435761985447,0.17747267351074786,0.26984285192199076
EMP02832,Riya Mehta,51,24,Sales,81033,3103,4862,1979,758,70331,0,11265,13192,2949,3484,30890,23790,3605,Medium,0.4392088837070424,0.3382576673159773,0.05125762466053376,0.18757020375083533
EMP02833,Kartik Sharma,24,0,Data Science,91420,4142,5485,2148,1390,78255,18445,8437,0,7389,4144,38415,17822,3606,Medium,0.49089515046961857,0.22774263625327454,0.046080122675867356,0.0
EMP02834,Rahul Yadav,39,15,IT,111869,6780,6712,3033,1405,93939,20490,13201,0,5388,6066,45145,18918,6003,Medium,0.4805778217779623,0.20138600581228244,0.06390317120684699,0.0
EMP02835,Yash Sabharwal,53,35,Data Science,170000,17500,10200,3228,1825,137247,0,15600,4591,14085,9342,43618,35392,11230,High,0.3178065822932377,0.25787084599299076,0.08182328211181301,0.03345064008685072
EMP02836,Nisha Wadhwa,40,15,Sales,66239,1645,3974,1901,2046,56673,16260,6086,0,3826,2660,28832,2122,796,Medium,0.5087431404725354,0.037442874031725866,0.0140454890335786,0.0
EMP02837,Nikita Trivedi,51,32,Cyber Security,180000,20000,10800,2853,945,145402,0,20714,28960,3653,11145,64472,5014,3084,Medium,0.44340518012131885,0.03448370723924018,0.021210162171084304,0.19917195086725079
EMP02838,Karan Somani,41,24,Sales,80183,3018,4811,2085,2019,68250,15394,10295,2989,4857,3275,36810,15661,2906,Medium,0.5393406593406593,0.22946520146520147,0.042578754578754575,0.04379487179487179
EMP02839,Shivam Rathore,60,31,IT,150000,13333,9000,3012,2035,122620,25931,14673,4653,9602,3659,58518,32988,6687,Medium,0.477230468112869,0.2690262599902137,0.0545343337139129,0.037946501386397
EMP02840,Atharv Joshi,60,27,Customer Support,60000,1333,3600,1935,2038,51094,12254,6662,0,1451,2856,23223,2186,782,Medium,0.4545152072650409,0.042783888519199904,0.015305123889302072,0.0
EMP02841,Ayaan Kapoor,23,3,Sales,50809,874,3049,983,2117,43786,14513,4973,3530,8880,3922,35818,1514,803,Low,0.8180240259443657,0.03457726213858311,0.018339195176540448,0.0806193760562737
EMP02842,Lokesh Agarwal,41,27,HR,70000,2000,4200,1535,1735,60530,0,9793,18959,6233,5472,40457,4690,1654,Low,0.6683793160416323,0.0774822402114654,0.02732529324301999,0.31321658681645465
EMP02843,Sonia Avantika Behera,45,15,IT,114937,7241,6896,3487,1813,95500,31316,17038,0,13112,8722,70188,3911,2594,Low,0.7349528795811519,0.04095287958115183,0.027162303664921467,0.0
EMP02844,Hemant Jain,45,26,Operations,93035,4304,5582,1906,1465,79778,0,13507,20532,5572,4725,44336,10024,12277,Medium,0.55574218456216,0.1256486750733285,0.15388954348316577,0.25736418561508184
EMP02845,Garima George,30,6,Marketing,57923,1229,3475,1000,2341,49878,15360,5321,0,9196,4361,34238,2518,2165,Low,0.6864349011588275,0.05048317895665424,0.04340591042142829,0.0
EMP02846,Manish Nandini Sharma,38,9,Marketing,61687,1418,3701,1368,1417,53783,13788,6441,0,4429,3155,27813,11869,3135,Medium,0.5171336667720283,0.22068311548258743,0.058289794172879904,0.0
EMP02847,Rupal Bagri,23,1,Operations,50433,855,3026,803,1239,44510,0,4871,0,3064,2259,10194,1189,1041,Medium,0.22902718490226914,0.02671309818018423,0.023388002696023365,0.0
EMP02848,Rohan Wadhwa,42,25,Operations,95000,4500,5700,2180,1730,80890,18006,11841,0,4501,5189,39537,15332,4030,Medium,0.4887748794659414,0.18954135245394982,0.04982074422054642,0.0
EMP02849,Swati Reddy,26,7,IT,100576,5086,6035,2233,2028,85194,19389,11283,3136,4567,4072,42447,13409,16380,High,0.4982393126276498,0.15739371317228912,0.19226706106063807,0.03681010399793413
EMP02850,Kartik Bohra,28,2,IT,80000,3000,4800,1942,874,69384,17628,10879,9696,4899,3025,46127,10560,2967,Medium,0.66480744840309,0.1521964718090626,0.04276202006226219,0.13974403320650294
EMP02851,Vikram Reddy,42,15,Sales,66479,1657,3989,1261,1299,58273,4266,9790,3110,1304,2269,20739,23189,2505,High,0.35589381016937516,0.39793729514526455,0.04298731831208278,0.05336948501021056
EMP02852,Shubham Mathew,28,4,Sales,55744,1121,3345,747,1514,49017,0,6507,2683,5065,2071,16326,14217,3797,High,0.3330681192239427,0.2900422302466491,0.07746292102739866,0.05473611196115633
EMP02853,Nitin Ankit Behera,40,16,Marketing,75816,2582,4549,2183,1523,64979,4859,11625,11315,4757,3355,35911,11646,4016,Medium,0.5526554733067607,0.1792271349205128,0.06180458301912926,0.17413318148940427
EMP02854,Rohit Khurana,26,5,Sales,55308,1099,3318,1176,1239,48476,3546,7901,2354,1633,2115,17549,3036,617,Medium,0.3620141925901477,0.06262892977968479,0.012727947850482714,0.04856011222048024
EMP02855,Tushar Malhotra,50,20,HR,61233,1395,3674,2071,1425,52668,2711,7080,0,2887,2715,15393,16004,5019,High,0.29226475279106856,0.3038657249183565,0.09529505582137161,0.0
EMP02856,Sneha Porwal,51,22,IT,131389,9708,7883,3078,1036,109684,0,14445,25291,6073,4113,49922,20257,17674,Medium,0.4551438678385179,0.18468509536486635,0.16113562598008827,0.23058057693009007
EMP02857,Monika Sahu,59,30,Cyber Security,180000,20000,10800,3779,1082,144339,0,24804,0,8555,10363,43722,48398,11200,High,0.3029118949140565,0.33530785165478494,0.07759510596581659,0.0
EMP02858,Nandini Pandey,43,17,Sales,74545,2454,4473,1664,1498,64456,0,11188,12242,3555,2754,29739,16432,4547,Medium,0.4613845103636589,0.25493359811344174,0.07054424723842621,0.1899280129080303
EMP02859,Trisha Chatterjee,53,38,HR,70000,2000,4200,1881,2415,59504,14468,9658,5552,3198,3497,36373,8276,3181,Medium,0.6112698305996236,0.1390830868513041,0.05345859101909115,0.09330465178811509
EMP02860,Sonia Maheshwari,43,15,Sales,68435,1844,4106,1203,1623,59659,0,6399,12325,5317,3523,27564,14108,3053,Medium,0.4620258468965286,0.2364773127273337,0.05117417321778776,0.20659079099549105
EMP02861,Payal Verma,57,30,IT,146252,12584,8775,2555,1638,120700,7190,21237,0,16152,8261,52840,12570,5611,Medium,0.43777961888980943,0.10414250207125103,0.04648715824357912,0.0
EMP02862,Simran Pandey,34,5,IT,97034,4703,5822,1637,1013,83859,17707,8382,14381,7864,3721,52055,12423,3854,Low,0.6207443446737977,0.14814152327120525,0.045958096328360704,0.1714902395688
EMP02863,Vivek Jyoti Pillai,44,21,Finance,115867,7380,6952,2221,2114,97200,0,16949,18065,4067,7007,46088,550,806,Medium,0.47415637860082305,0.00565843621399177,0.008292181069958847,0.1858539094650206
EMP02864,Bhavna Shinde,33,5,HR,49168,792,2950,1115,1959,42352,0,6892,1304,899,1965,11060,18564,2449,High,0.261144692104269,0.43832640725349453,0.05782489610880242,0.03078957310162448
EMP02865,Komal Sabharwal,54,36,Operations,95000,4500,5700,2072,1406,81322,0,9291,21460,4935,4400,40086,23339,3505,Medium,0.49292934261331495,0.2869949091266816,0.04310026807014092,0.2638892304665404
EMP02866,Nikhil Thomas,34,11,HR,53613,1014,3217,743,1621,47018,0,6756,9520,1419,1882,19577,18616,1628,Medium,0.4163724531030669,0.39593347228720915,0.034625037219788164,0.20247564762431408
EMP02867,Nikhil Bagri,38,17,Data Science,141934,11720,8516,2744,2235,116719,8079,14287,0,5616,6654,34636,20268,32074,High,0.2967468878246044,0.17364782083465416,0.2747967340364465,0.0
EMP02868,Prachi Pawar,50,16,HR,59845,1326,3591,950,1295,52683,0,8208,13672,8783,4553,35216,3541,1851,Low,0.6684509234477916,0.06721333257407514,0.03513467342406469,0.25951445437807263
EMP02869,Akash Anurag Iyer,40,11,HR,56655,1166,3399,791,1382,49917,11761,7660,2833,2943,2769,27966,7827,2432,Medium,0.5602500150249414,0.15680028847887492,0.048720876655247713,0.05675421199190656
EMP02870,Manish Mehta,49,17,Cyber Security,156619,14657,9397,2417,1749,128399,0,20812,32349,10131,7078,70370,27786,5644,Medium,0.5480572278600301,0.21640355454481733,0.04395672863495822,0.25194121449544
EMP02871,Swati Suri,38,8,Cyber Security,123836,8575,7430,2327,1482,104022,0,16171,33285,15806,7282,72544,5755,4760,Low,0.6973909365326566,0.055324835131029974,0.04575955086424026,0.3199803887639153
EMP02872,Prachi Bhavna Bagri,26,4,Finance,74350,2435,4461,1912,1648,63894,23106,9179,10219,9675,5289,57468,1111,625,Low,0.8994271762606818,0.01738817416345823,0.009781826149560208,0.15993677027576925
EMP02873,Rohan Aakash Mundra,23,3,Operations,55041,1085,3302,1064,1645,47945,0,5688,2782,8371,4042,20883,3909,2749,Medium,0.4355615809782042,0.08153092084680363,0.057336531442277607,0.05802482010637188
EMP02874,Aakash Maheshwari,29,6,Customer Support,44223,544,2653,829,1858,38339,11711,4160,0,2590,2222,20683,1034,809,Medium,0.5394767729987741,0.02696992618482485,0.02110122851404575,0.0
EMP02875,Komal Banerjee,40,12,Cyber Security,130201,9530,7812,2757,894,109208,21209,16896,0,5292,3626,47023,32528,4596,Medium,0.4305820086440554,0.29785363709618345,0.042084828950260056,0.0
EMP02876,Pooja Singh,27,5,Sales,52532,960,3152,772,1863,45785,13715,6892,1605,5866,4203,32281,2580,1148,Low,0.7050562411270067,0.056350333078519166,0.025073714098503876,0.03505514906628809
EMP02877,Nikhil Mohanty,54,38,Cyber Security,180000,20000,10800,3250,1688,144262,0,20600,46593,8224,5598,81015,13083,20246,Medium,0.56158239869127,0.0906891627732875,0.14034187797202313,0.3229748651758606
EMP02878,Aisha Mansi Kapoor,35,9,Sales,59865,1327,3592,1134,1170,52642,0,5009,1700,4318,2371,13398,16722,4114,High,0.254511606701873,0.31765510428935073,0.07815052619581322,0.03229360586603852
EMP02879,Abhishek Vivaan Mittal,23,0,HR,40000,333,2400,885,1248,35134,0,3232,0,1708,1433,6373,16456,2084,High,0.1813912449479137,0.4683782091421415,0.059315762509250296,0.0
EMP02880,Simran Tiwari,30,7,Sales,57467,1207,3448,957,1171,50684,11633,8948,3431,3217,2930,30159,9422,1946,Medium,0.5950398547865204,0.18589692999763238,0.038394759687475334,0.06769394680767106
EMP02881,Kunal Singh,32,8,Sales,57303,1198,3438,863,1318,50486,15685,5668,0,8213,4251,33817,2921,1715,Medium,0.6698292595967199,0.05785762389573347,0.03396981341361962,0.0
EMP02882,Atharv Tayal,37,10,Sales,57277,1197,3437,1037,1765,49841,14200,8243,8508,2415,2641,36007,862,522,Low,0.722437350775466,0.017294998093938724,0.010473305110250597,0.1707028350153488
EMP02883,Reema Mehta,27,7,Operations,61239,1395,3674,1495,1619,53056,0,8971,0,3555,2566,15092,17251,3579,High,0.2844541616405308,0.3251470144752714,0.0674570265379976,0.0
EMP02884,Nandini Arjun Roy,59,37,Marketing,90000,4000,5400,1380,1864,77356,0,11377,23593,4385,3561,42916,13634,4754,Medium,0.5547856662702312,0.1762500646362273,0.06145612492890015,0.30499250219763174
EMP02885,Shreya Yadav,60,36,Customer Support,60000,1333,3600,1409,2319,51339,13912,9317,0,3188,3170,29587,7915,3417,Medium,0.5763065116188473,0.1541712927793685,0.06655758779874948,0.0
EMP02886,Nikhil Yadav,28,5,Finance,80190,3019,4811,2160,1898,68302,7341,10822,0,10312,5854,34329,4534,3621,Medium,0.5026060730286083,0.0663816579309537,0.05301455301455302,0.0
EMP02887,Abhishek Lodha,36,11,Finance,90134,4013,5408,1325,2004,77384,18110,9983,0,2690,3615,34398,22687,4942,Medium,0.44451049312519386,0.2931742995968159,0.06386333092112065,0.0
EMP02888,Anjali Rathore,24,0,Product Management,120000,8000,7200,3940,964,99896,11911,13993,0,17919,6571,50394,8519,6658,Medium,0.5044646432289581,0.08527868983743093,0.06664931528789941,0.0
EMP02889,Megha Jadhav,48,27,Cyber Security,180000,20000,10800,3243,1908,144049,12943,17928,0,3017,6605,40493,54444,11963,High,0.28110573485411217,0.3779547237398385,0.08304812945594901,0.0
EMP02890,Saloni Ghosh,55,28,Finance,130000,9500,7800,2589,1456,108655,0,14093,21068,5329,6555,47045,12443,23564,Medium,0.4329759329989416,0.1145184298927799,0.21686990934609543,0.19389811789609313
EMP02891,Abhishek Solanki,42,27,Data Science,170000,17500,10200,2344,2214,137742,28508,18256,0,7469,7755,61988,34113,7296,Medium,0.4500297657940207,0.2476586662020299,0.05296859345733328,0.0
EMP02892,Nikita Sandhu,31,8,Sales,59948,1331,3597,777,1158,53085,0,4183,0,3456,2143,9782,26016,4081,High,0.1842705095601394,0.49008194405199207,0.07687670716774983,0.0
EMP02893,Rajat Mansi Ghosh,41,28,Customer Support,60000,1333,3600,1670,828,52569,4838,6710,3426,1587,2508,19069,18575,2989,High,0.36274230059540796,0.3533451273564268,0.05685860488120375,0.06517148890030246
EMP02894,Pallavi Nandini Mehta,48,16,HR,59821,1324,3589,1082,1739,52087,0,9052,17937,8776,3292,39057,2114,1143,Low,0.749841611150575,0.04058594274963043,0.02194405513851825,0.34436615662257375
EMP02895,Vikram Ghosh,60,37,Operations,95000,4500,5700,1855,1887,81058,0,14571,25945,4451,3438,48405,14384,3307,Medium,0.5971649929679982,0.17745318167238275,0.04079794714895507,0.3200794492832293
EMP02896,Vivek Rawat,39,10,IT,106585,5988,6395,3168,1758,89276,0,14323,0,9322,7476,31121,14329,6391,Medium,0.34859312693221023,0.1605022626461759,0.07158698866436668,0.0
EMP02897,Tarun Mittal,45,15,Sales,73116,2312,4387,1427,1481,63509,0,10735,12314,9813,4931,37793,5447,3699,Low,0.5950810121400116,0.08576737155363806,0.058243713489426696,0.1938937788344959
EMP02898,Siddharth Lakhotia,53,28,HR,70000,2000,4200,1743,1356,60701,0,11082,16553,3242,3688,34565,12377,2828,Medium,0.5694304871418923,0.20390108894416895,0.04658901830282862,0.2726973196487702
EMP02899,Rakesh Rathore,30,3,Product Management,134882,10310,8093,3284,1326,111869,31777,18031,5046,10719,7440,73013,5487,6007,Medium,0.6526651708694992,0.049048440586757724,0.05369673457347433,0.045106329724946145
EMP02900,Nitin Deshmukh,46,28,Finance,125493,8824,7530,2421,1731,104987,5455,14957,0,6485,5431,32328,31566,6985,High,0.30792383818949015,0.30066579671768884,0.06653204682484498,0.0
EMP02901,Amit Pawar,58,22,Data Science,152814,13896,9169,3258,1484,125007,0,20163,24684,9806,6911,61564,31269,7122,Medium,0.49248442087243116,0.2501379922724327,0.05697280952266673,0.1974609421872375
EMP02902,Kavya Seth,53,34,Customer Support,60000,1333,3600,1635,2127,51305,13176,7044,0,1892,2668,24780,16967,1826,High,0.4829938602475392,0.33070850794269563,0.03559107299483481,0.0
EMP02903,Sonali Bajaj,39,16,Data Science,136548,10643,8193,2803,2124,112785,8690,12370,0,11921,7781,40762,33215,7848,High,0.361413308507337,0.29449838187702265,0.06958372123952654,0.0
EMP02904,Atharv Daga,38,10,Operations,66657,1666,3999,1362,1012,58618,6194,7508,9891,2402,1164,27159,20269,1733,Medium,0.46332184653178204,0.3457811593708417,0.0295642976560101,0.1687365655600669
EMP02905,Vihaan George,24,2,Data Science,102180,5327,6131,2257,1239,87226,7430,7541,0,7215,3357,25543,12427,27599,High,0.2928369981427556,0.14246898860431523,0.31640795175750347,0.0
EMP02906,Manish Kapoor,57,25,IT,139852,11304,8391,3727,1789,114641,0,18778,36138,9418,7157,71491,21421,4808,Low,0.6236076098429009,0.1868528711368533,0.04193962020568558,0.31522753639622825
EMP02907,Rohan Malhotra,42,16,Finance,102346,5352,6141,3175,2118,85560,0,13095,4941,2999,6518,27553,3066,2191,Medium,0.32203132304815335,0.03583450210378682,0.025607760635811126,0.05774894810659187
EMP02908,Pankaj Joshi,55,32,Cyber Security,180000,20000,10800,3481,1538,144181,0,23715,0,10591,9245,43551,49855,10930,Medium,0.30205783008856923,0.34578065070987163,0.07580749197189643,0.0
EMP02909,Siddharth Sharma,49,15,Customer Support,49845,826,2991,766,1965,43297,12132,6009,18024,1665,2434,40264,136,88,Low,0.9299489572025775,0.0031410952259971823,0.0020324733815275885,0.41628750259833247
EMP02910,Ashish Swain,49,15,IT,122096,8314,7326,3386,1420,101650,9714,13317,10030,6201,5412,44674,24739,5326,Medium,0.4394884407279882,0.24337432365961634,0.05239547466797836,0.09867191342843089
EMP02911,Nitin Khanna,33,7,Customer Support,39059,286,2344,1017,1905,33507,3112,5413,3753,1994,1977,16249,6268,2479,Medium,0.48494344465335604,0.18706538932163427,0.07398454054376698,0.11200644641418211
EMP02912,Gaurav Srivastava,48,24,Data Science,156796,14693,9408,3825,2188,126682,32289,20062,0,9761,5691,67803,23275,8807,Medium,0.5352220520673813,0.1837277592712461,0.06952053172510696,0.0
EMP02913,Ankit Bohra,48,16,Operations,78891,2889,4733,2199,1873,67197,0,11558,18620,2287,4672,37137,1835,975,Low,0.5526586008303942,0.027307766715776,0.014509576320371444,0.2770957036772475
EMP02914,Kartik Joshi,56,25,IT,139639,11261,8378,3287,1355,115358,27908,16184,13259,3620,6058,67029,4735,1756,Low,0.5810520293347665,0.041046134641724026,0.01522217791570589,0.11493784566306628
EMP02915,Bhavna Ghosh,23,1,Operations,55109,1089,3307,915,996,48802,10795,5125,2529,3715,2315,24479,10637,2141,Medium,0.5015982951518381,0.21796237859104134,0.04387115282160567,0.051821646653825666
EMP02916,Arjun Dubey,30,6,Marketing,57099,1188,3426,791,2223,49471,4159,6464,2529,1731,1847,16730,22261,2138,Medium,0.3381779224191951,0.4499807968304663,0.04321723838208243,0.0511208586848861
EMP02917,Prateek Nagpal,39,12,Marketing,70995,2100,4260,1963,1915,60757,3567,4773,0,3819,2759,14918,26097,3953,Medium,0.2455354938525602,0.42953075365801474,0.06506246193854207,0.0
EMP02918,Swati Lodha,59,28,Customer Support,60000,1333,3600,2075,1285,51707,0,6939,15633,5547,3615,31734,4677,1725,Low,0.6137273483280794,0.0904519697526447,0.033361053629102445,0.3023381747152223
EMP02919,Nitin Aditi Pandey,59,29,Sales,85000,3500,5100,1518,1632,73250,24997,12240,12241,7350,6925,63753,1993,1266,Low,0.8703481228668942,0.027208191126279865,0.017283276450511944,0.16711262798634813
EMP02920,Garima Payal Dubey,36,9,Operations,62010,1434,3721,1796,1433,53626,0,8618,0,3900,3116,15634,16510,4373,High,0.29153768694290083,0.3078730466564726,0.08154626487151755,0.0
EMP02921,Ishaan Sharma,55,38,Cyber Security,180000,20000,10800,2738,2286,144176,0,18216,46372,6889,7383,78860,27623,8979,Medium,0.5469703695483298,0.19159222061924314,0.062278049051159697,0.32163466873820884
EMP02922,Khushi Yadav,56,28,IT,141281,11590,8477,2972,990,117252,26503,20210,0,2951,4747,54411,42519,4320,High,0.46405178589704227,0.3626292088834306,0.0368437212158428,0.0
EMP02923,Ishaan Fernandes,24,3,Sales,47233,695,2834,920,1107,41677,11758,5409,3960,2781,2356,26264,635,336,Medium,0.6301797154305733,0.015236221417088563,0.008062000623845286,0.09501643592389088
EMP02924,Diya Khanna,36,18,Sales,69426,1943,4166,1915,1332,60070,0,8374,12571,4214,3058,28217,13903,3710,Medium,0.4697353088063925,0.23144664558015648,0.06176127850840686,0.2092725153987015
EMP02925,Dev Jindal,37,8,Customer Support,41741,420,2504,1163,1878,35776,0,5737,7198,1324,2148,16407,1445,84,Low,0.45860353309481217,0.04039020572450805,0.0023479427549194993,0.20119633273703041
EMP02926,Kavya Wadhwa,25,3,Data Science,99709,4971,5983,2121,1488,85146,22482,11965,0,11417,7347,53211,3537,3932,Medium,0.6249383412021704,0.041540412937777466,0.04617950344114814,0.0
EMP02927,Siddharth George,53,29,Sales,85000,3500,5100,1229,1605,73566,0,10489,13824,2593,5357,32263,447,1276,Low,0.4385585732539488,0.006076176494576299,0.017344969143354268,0.18791289454367507
EMP02928,Tushar Kulkarni,39,16,Customer Support,45875,627,2752,797,2282,39417,0,5158,3030,1710,1446,11344,8445,8752,High,0.28779460638810667,0.21424765963924194,0.22203617728391303,0.07687038587411522
EMP02929,Aman Chauhan,52,33,Sales,85000,3500,5100,1533,1912,72955,0,7343,0,4799,2752,14894,5036,618,Medium,0.20415324515112054,0.06902885340278253,0.00847097525872113,0.0
EMP02930,Saloni Khandelwal,44,22,Customer Support,58730,1270,3524,975,1962,50999,14092,8409,0,2427,2802,27730,615,878,Medium,0.5437361516892488,0.012059059981568266,0.017216023843604777,0.0
EMP02931,Deepak Atharv Jain,44,20,HR,67135,1714,4028,2086,2013,57294,10439,7985,0,1432,1767,21623,18773,2700,Medium,0.37740426571717806,0.32766083708590776,0.0471253534401508,0.0
EMP02932,Rishabh Naidu,60,37,Sales,85000,3500,5100,2103,1897,72400,0,9910,22906,2134,2073,37023,23185,2892,Medium,0.5113674033149171,0.3202348066298343,0.03994475138121547,0.3163812154696133
EMP02933,Saloni Chopra,34,7,Cyber Security,124771,8716,7486,3676,1037,103856,0,15322,24220,5428,4402,49372,25921,6203,Medium,0.4753890001540595,0.24958596518256046,0.059726929594823605,0.23320751810198737
EMP02934,Krishna Joshi,30,7,Marketing,58673,1267,3520,926,1802,51158,16335,8430,1783,5580,4921,37049,3287,1989,Low,0.7242073575980297,0.06425192540756089,0.038879549630556315,0.03485280894483756
EMP02935,Mohit Bajaj,50,15,Marketing,72670,2267,4360,1791,1766,62486,0,7798,0,1748,2943,12489,29408,3519,High,0.19986877060461544,0.4706334218865026,0.05631661492174247,0.0
EMP02936,Jyoti George,31,6,Customer Support,41977,432,2519,999,2017,36010,8858,3889,0,3134,1978,17859,8938,1659,Medium,0.49594557067481254,0.24820883088031104,0.04607053596223271,0.0
EMP02937,Aakash D'Souza,50,21,Data Science,150167,13367,9010,2378,1502,123910,23770,16494,0,3476,6049,49789,38838,5871,Medium,0.4018158340731176,0.31343717214107014,0.047381163747881525,0.0
EMP02938,Parth Fernandes,45,21,IT,139933,11320,8396,3684,1288,115245,11271,11805,0,7844,3756,34676,25942,27626,High,0.3008894095188511,0.22510304134669618,0.23971538895396763,0.0
EMP02939,Nandini Kumawat,24,0,Sales,45000,583,2700,1175,2027,38515,8393,3927,1847,3894,1794,19855,5698,6392,Medium,0.5155134363235103,0.14794236011943399,0.16596131377385434,0.04795534207451642
EMP02940,Vidhi Solanki,49,16,Operations,77512,2751,4651,2061,1159,66890,16632,10418,0,4580,3498,35128,15577,2557,Medium,0.5251607116160861,0.23287486918821945,0.03822693975183136,0.0
EMP02941,Neha Rathore,28,2,Data Science,96831,4683,5810,1921,1265,83152,22477,14153,9988,5688,5516,57822,9109,3723,Medium,0.695377140658072,0.1095463729074466,0.044773426977102175,0.12011737540888974
EMP02942,Vihaan Deshmukh,45,24,Sales,78487,2849,4709,2029,1050,67850,0,11259,0,11275,6476,29010,7419,4409,Medium,0.4275607958732498,0.10934414148857774,0.06498157700810611,0.0
EMP02943,Sanya Shinde,31,12,Data Science,131826,9774,7910,3471,1489,109182,0,15834,0,5042,4914,25790,33548,12364,High,0.23621109706728216,0.3072667655840706,0.1132421095052298,0.0
EMP02944,Aisha Pillai,28,3,Marketing,52805,974,3168,838,1927,45898,10681,6659,0,1974,2183,21497,16864,1549,High,0.46836463462460237,0.36742341714235915,0.03374874722210118,0.0
EMP02945,Rohit Behera,28,7,IT,96335,4634,5780,1901,1933,82087,0,12829,16417,1809,3883,34938,24835,5146,Medium,0.4256215965987306,0.302544860940222,0.06268958543983821,0.19999512712122505
EMP02946,Sonali Mishra,26,7,IT,98092,4809,5886,2133,2036,83228,0,13539,28250,4487,5137,51413,15023,4190,Medium,0.6177368193396453,0.18050415725477004,0.05034363435382323,0.3394290383044168
EMP02947,Sonia Naidu,32,11,Sales,58791,1273,3527,1173,1467,51351,14679,8809,0,7639,4700,35827,2498,2302,Low,0.697688457868396,0.04864559599618313,0.04482872777550583,0.0
EMP02948,Rupal Mittal,52,38,Marketing,90000,4000,5400,1593,1257,77750,23823,8932,0,14279,7120,54154,3540,2411,Medium,0.6965144694533763,0.04553054662379421,0.031009646302250803,0.0
EMP02949,Palak Payal Swain,44,28,HR,70000,2000,4200,1214,1234,61352,16544,10467,0,4328,4071,35410,11734,2340,Medium,0.5771612987351675,0.1912570087364715,0.038140565914721605,0.0
EMP02950,Jyoti Lodha,42,15,Finance,97951,4795,5877,1937,1143,84199,25643,15267,5424,10193,6839,63366,3133,3096,Low,0.7525742586016461,0.03720946804593879,0.036770032898252945,0.06441881732562145
EMP02951,Rupal Patel,38,13,Sales,61065,1387,3664,1682,1047,53285,0,7615,12968,1520,3105,25208,1891,376,Low,0.4730787275968847,0.0354884113728066,0.007056394857839918,0.2433705545650746
EMP02952,Rashmi Mundra,39,9,Finance,94068,4407,5644,1539,1592,80886,16299,11281,0,3167,2502,33249,31899,3487,High,0.4110600103849863,0.3943698538684074,0.04311005612837821,0.0
EMP02953,Lakshay Gill,25,2,Marketing,54296,1048,3258,738,1285,47967,0,5632,0,3373,1644,10649,23110,2354,Medium,0.22200679633914983,0.48178956365834846,0.04907540600829737,0.0
EMP02954,Charu Chatterjee,39,9,Operations,62795,1473,3768,1735,2067,53752,0,8829,12406,2158,2232,25625,19503,2083,Medium,0.4767264473880042,0.36283301086471204,0.03875204643548147,0.23080071439202263
EMP02955,Vaishnavi Bhardwaj,26,6,Data Science,111629,6744,6698,2763,1088,94336,29182,17300,0,13981,8069,68532,5133,2537,Low,0.7264670963364993,0.054411889416553595,0.026893232700135685,0.0
EMP02956,Dhruv Chopra,56,23,Sales,84821,3482,5089,1437,1915,72898,12727,8483,3880,1686,2997,29773,26589,3034,Medium,0.4084199840873549,0.36474251694147986,0.04161979752530934,0.053225054185300005
EMP02957,Divya Yuvraj Daga,43,18,Sales,75877,2588,4553,1382,1983,65371,0,10342,0,2927,1382,14651,26904,4878,High,0.22412078750516284,0.4115586422113781,0.0746202444509033,0.0
EMP02958,Harsh Ayaan Agarwal,26,7,IT,94211,4421,5653,2098,1573,80466,0,11263,15730,13398,8447,48838,4641,3664,Low,0.6069395769641837,0.05767653418835284,0.0455347600228668,0.19548629234707826
EMP02959,Namrata Pawar,55,37,Finance,130000,9500,7800,2251,1747,108702,26492,12033,11884,10240,4840,65489,15733,4677,Medium,0.6024636161248184,0.14473514746738791,0.04302588728818237,0.1093264153373443
EMP02960,Rakesh Kapoor,28,2,IT,85824,3582,5149,2168,1795,73130,22185,9081,0,12992,6258,50516,4871,3414,Medium,0.6907698618897853,0.06660741145904553,0.04668398741966361,0.0
EMP02961,Varun Jadhav,50,20,Operations,89636,3964,5378,1238,1759,77297,0,12245,15832,5740,5083,38900,18617,3141,Medium,0.50325368384284,0.2408502270463278,0.040635470975587666,0.2048203681902273
EMP02962,Vaishnavi Rajput,60,35,IT,150000,13333,9000,3088,1527,123052,30109,19490,0,8707,5763,64069,27707,7804,Medium,0.5206660598771251,0.22516497090660859,0.06342034261938043,0.0
EMP02963,Nikita Mansi Rawat,48,24,Customer Support,60000,1333,3600,2064,2032,50971,0,7166,14159,1404,2789,25518,2275,982,Low,0.5006376174687568,0.04463322281297208,0.019265857055973005,0.27778540738851504
EMP02964,Sanya Sandhu,40,13,HR,59144,1291,3549,1074,1587,51643,10234,6772,0,2374,1428,20808,7162,10076,Medium,0.40292004724744884,0.13868288054528202,0.19510872722343783,0.0
EMP02965,Namrata Narang,47,27,Operations,93535,4354,5612,1299,964,81306,0,13025,21326,10132,6337,50820,6458,3733,Low,0.6250461220574127,0.07942833247238826,0.04591297075246599,0.2622930657024082
EMP02966,Rahul Joshi,22,3,Customer Support,41939,430,2516,1038,1133,36822,8084,3355,0,2537,1177,15153,12313,1994,Medium,0.41152028678507413,0.3343924827548748,0.05415240888599207,0.0
EMP02967,Lokesh Avantika Pradhan,24,1,Data Science,98986,4899,5939,1251,1447,85450,17810,11845,0,4035,4151,37841,33106,2530,Medium,0.4428437682855471,0.38743124634289056,0.029607957870099472,0.0
EMP02968,Ananya Nagpal,25,3,Data Science,102865,5430,6172,2576,1482,87205,0,8523,0,9381,5131,23035,14152,24194,High,0.264147697953099,0.16228427269078607,0.2774382202855341,0.0
EMP02969,Vihaan Pawar,28,7,Finance,86448,3645,5187,1432,1745,74439,21046,11766,5477,8368,4814,51471,3697,3819,Medium,0.6914520614194173,0.04966482623356037,0.051303752065449564,0.07357702279718964
EMP02970,Avantika Vaishnavi Bohra,37,8,IT,94145,4414,5649,1293,1326,81463,16812,11330,3082,3413,3274,37911,9378,18418,Medium,0.4653769195831236,0.11511974761548187,0.22609037231626627,0.03783312669555504
EMP02971,Monika Behera,59,27,Operations,95000,4500,5700,1801,1835,81164,13861,11343,0,2767,2453,30424,30862,4847,Medium,0.3748459908333744,0.38024247203193534,0.05971859445074171,0.0
EMP02972,Vivaan Bagri,40,9,IT,106375,5956,6382,3753,1624,88660,21302,13243,3584,6636,3807,48572,14202,4396,Medium,0.5478457026844124,0.16018497631400858,0.049582675389127,0.04042409203699526
EMP02973,Rohan Goel,31,6,Operations,63679,1517,3821,2145,1477,54719,0,5941,12186,3119,3127,24373,423,204,Low,0.44542115170233376,0.007730404429905517,0.0037281383066211007,0.2227014382572781
EMP02974,Rohan Bhavna Bagri,22,3,Cyber Security,103129,5469,6188,3445,2311,85716,18412,13005,0,3964,3895,39276,31634,2864,High,0.4582108357832843,0.36905595221428905,0.03341266508003173,0.0
EMP02975,Mansi Agarwal,25,2,Marketing,52550,961,3153,1076,2012,45348,0,4568,0,4388,2940,11896,16708,4124,High,0.2623268942400988,0.3684396224750816,0.09094116609332274,0.0
EMP02976,Vaishnavi Rajput,25,0,Finance,75816,2582,4549,1365,1602,65718,0,9866,0,4585,3907,18358,22781,5848,High,0.27934508049545026,0.3466477981679296,0.08898627468882193,0.0
EMP02977,Rakesh Goel,36,16,Sales,73779,2378,4427,1798,1241,63935,15503,9366,9966,1393,3277,39505,624,904,Low,0.6178931727535778,0.009759912411042465,0.014139360287792288,0.15587706264174553
EMP02978,Kunal Singh,40,18,Finance,106602,5990,6396,2927,2080,89209,24881,15676,0,5454,4629,50640,16156,5453,Medium,0.5676557298030468,0.18110280352879193,0.06112611956192761,0.0
EMP02979,Charu Banerjee,39,17,Sales,71534,2153,4292,1326,1476,62287,0,8879,13185,2642,2493,27199,18254,4071,Medium,0.4366721787853003,0.2930627578788511,0.06535874259476296,0.21168141024611878
EMP02980,Rahul Pradhan,50,21,IT,134822,10298,8089,3509,1749,111177,0,15801,0,4088,4524,24413,8612,3528,Medium,0.21958678503647336,0.0774620649954577,0.031733182222941796,0.0
EMP02981,Payal Porwal,40,17,Sales,66213,1644,3973,1564,1594,57438,0,10682,9951,8094,4466,33193,5897,1977,Medium,0.5778926842856645,0.10266722378912915,0.03441972213517184,0.17324767575472683
EMP02982,Shubham Solanki,46,17,IT,128482,9272,7709,2765,2388,106348,0,19370,0,8905,5114,33389,29505,8791,High,0.3139598299921014,0.27743822168729076,0.08266257945612518,0.0
EMP02983,Vivek Mishra,55,33,IT,150000,13333,9000,2578,1951,123138,0,15382,34767,4735,3898,58782,37997,6307,Medium,0.47736685669736395,0.30857249589891017,0.05121895759229483,0.2823417629001608
EMP02984,Sonia Kavya Khandelwal,53,22,IT,132983,9947,7979,2948,2392,109717,31940,13166,0,17909,10043,73058,6443,4548,Medium,0.6658767556531805,0.058723807614134545,0.041452099492330266,0.0
EMP02985,Pankaj Rathore,52,28,Cyber Security,180000,20000,10800,3027,1081,145092,0,21248,0,10511,8436,40195,29719,30660,High,0.27703112507926003,0.20482866043613707,0.21131420064510792,0.0
EMP02986,Jyoti Sandhu,58,30,Marketing,90000,4000,5400,1544,1414,77642,7207,11767,4434,4180,3659,31247,11896,18108,High,0.40244970505654154,0.15321604286339868,0.23322428582468252,0.05710826614461245
EMP02987,Ishaan Maheshwari,36,14,Finance,101549,5232,6093,3101,1920,85203,0,13316,15413,5785,4787,39301,22807,5576,Medium,0.4612631010645165,0.2676783681325775,0.06544370503386031,0.18089738624226848
EMP02988,Palak Rawat,34,7,IT,97222,4722,5833,1687,1932,83048,9764,11396,0,5364,3115,29639,18017,14356,High,0.356889991330315,0.21694682593199113,0.1728638859454773,0.0
EMP02989,Khushi Narang,23,1,IT,86882,3688,5213,2089,1191,74701,16276,5990,0,5276,2117,29659,30806,3236,Medium,0.3970361842545615,0.4123907310477771,0.043319366541277896,0.0
EMP02990,Pankaj Bose,34,7,Sales,55025,1085,3302,814,1333,48491,11543,7780,0,1076,3659,24058,1789,358,Medium,0.4961333030871708,0.036893444144274194,0.007382813305561856,0.0
EMP02991,Simran Bajaj,49,28,IT,147004,12734,8820,3294,2330,119826,0,18953,0,7020,7093,33066,41895,7966,Medium,0.27595012768514343,0.34963196635120924,0.06647972894029676,0.0
EMP02992,Anurag Roy,34,5,HR,48516,759,2911,1199,1740,41907,0,5300,10760,3136,2089,21285,252,432,Low,0.5079103729687164,0.006013315197938292,0.010308540339322787,0.2567590140072064
EMP02993,Kavya Palak D'Souza,42,23,Operations,90302,4030,5418,1348,1465,78041,0,11793,25281,2126,3690,42890,21315,3319,Medium,0.5495829115464947,0.27312566471470123,0.042528927102420525,0.3239451057777322
EMP02994,Priya Chopra,33,5,IT,96422,4642,5785,1703,2271,82021,17944,8136,3966,8618,3270,41934,14079,4813,Medium,0.5112593116397021,0.1716511625071628,0.058680094122236987,0.048353470452688944
EMP02995,Riya Mundra,32,5,Customer Support,39670,317,2380,800,1281,34892,8519,6113,0,2625,1602,18859,7156,2030,Medium,0.5404963888570445,0.2050899919752379,0.058179525392640145,0.0
EMP02996,Rohit Mundra,47,16,IT,122706,8406,7362,3559,1339,102040,28328,14862,0,14963,6770,64923,7911,4007,Medium,0.63625049000392,0.07752842022736182,0.039268914151313214,0.0
EMP02997,Rahul Bajaj,37,18,IT,132439,9866,7946,2393,988,111246,9137,15863,14338,7934,4567,51839,26949,6533,Medium,0.46598529385326215,0.2422469122485303,0.05872570699171206,0.12888553296298294
EMP02998,Payal Yadav,39,13,Data Science,127609,9141,7657,2374,2248,106189,0,14787,26608,6811,4913,53119,25193,5513,Medium,0.5002307206961173,0.23724679580747535,0.05191686521202761,0.2505720931546582
EMP02999,Karan Jadhav,31,6,Marketing,61632,1415,3698,1342,1160,54017,0,5520,1747,5482,3433,16182,15067,5578,High,0.2995723568506211,0.2789307069996483,0.10326378732621212,0.03234167021493234
EMP03000,Mansi Malhotra,58,30,Marketing,90000,4000,5400,1584,1640,77376,0,12226,21926,2559,3555,40266,3520,1050,Low,0.5203939205955335,0.045492142266335814,0.013570099255583126,0.28336952026468154
EMP03001,Kartik Deshmukh,32,8,Marketing,65875,1627,3952,2039,1503,56754,3321,6375,7568,2991,1401,21656,20170,3615,Medium,0.38157662896007327,0.3553934524438806,0.06369595094618881,0.13334742925608767
EMP03002,Gaurav Sharma,38,16,Sales,68645,1864,4119,1408,1485,59769,16982,9955,10751,2679,2450,42817,221,103,Low,0.7163747092974619,0.003697568973882782,0.0017233013769679935,0.17987585537653297
EMP03003,Karan Patel,59,22,HR,65670,1617,3940,1996,2230,55887,13924,8207,5557,3504,2610,33802,9697,2125,Medium,0.6048275985470682,0.17351083436219514,0.038023153864047095,0.0994327840105928
EMP03004,Khushi Agarwal,45,20,HR,64609,1564,3877,1285,1296,56587,11465,7408,0,2548,2210,23631,18012,3452,Medium,0.41760475020764487,0.3183063247742414,0.06100341067736406,0.0
EMP03005,Palak Soni,28,4,Customer Support,37949,231,2277,1060,1973,32408,7081,3557,1005,2370,1722,15735,117,635,Medium,0.4855282646260183,0.0036102196988397925,0.01959392742532708,0.031010861515675142
EMP03006,Rakesh Narang,55,36,Data Science,170000,17500,10200,2401,1557,138342,0,22173,34274,4850,6343,67640,44041,4506,Medium,0.48893322346069884,0.3183487299590869,0.032571453354729586,0.24774833383932574
EMP03007,Mohit Megha Das,46,24,HR,70000,2000,4200,1578,1714,60508,15207,10097,0,2087,3726,31117,2059,377,Medium,0.5142625768493423,0.03402855820717922,0.006230581080187743,0.0
EMP03008,Nitin Tayal,55,35,Marketing,90000,4000,5400,1295,1225,78080,0,9732,0,8241,3994,21967,23471,7023,High,0.28133965163934427,0.30060194672131146,0.08994620901639344,0.0
EMP03009,Vihaan Bhatia,32,5,Operations,58929,1280,3536,1114,2028,50971,15720,7106,1790,3406,3005,31027,1388,152,Medium,0.6087186831727845,0.027231170665672638,0.002982087853877695,0.03511800827921759
EMP03010,Shivam Chauhan,38,9,Operations,67174,1717,4030,1353,1326,58748,0,9835,18600,4211,3018,35664,8975,3371,Low,0.6070674746374345,0.15277115816708653,0.057380676788997075,0.3166065227752434
EMP03011,Ishita Shinde,51,22,Operations,89102,3910,5346,1266,1371,77209,0,10203,0,2284,2970,15457,42555,4669,Medium,0.20019686824074914,0.5511663148078592,0.06047222474063905,0.0
EMP03012,Aarav Khandelwal,29,2,IT,83941,3394,5036,1902,1438,72171,0,11557,0,5190,4277,21024,19113,6925,High,0.29130814315999504,0.2648293635947957,0.09595266796912888,0.0
EMP03013,Aakash Sahu,22,3,Sales,50514,859,3031,1034,1691,43899,0,4988,0,8232,2870,16090,5884,2330,Medium,0.36652315542495273,0.13403494384837925,0.053076379871978864,0.0
EMP03014,Karan Chatterjee,26,7,Operations,63528,1510,3812,1756,1710,54740,0,5955,11097,3977,1290,22319,17625,2970,Medium,0.4077274388016076,0.32197661673364997,0.05425648520277676,0.2027219583485568
EMP03015,Ritika Menon,25,2,Sales,49027,785,2942,1076,2301,41923,0,4326,1471,8045,2456,16298,4155,2448,Medium,0.3887603463492594,0.09911027359683229,0.05839276769315173,0.03508813777639959
EMP03016,Monika Khurana,23,2,Customer Support,40813,374,2449,1042,2122,34826,0,5753,0,970,2519,9242,151,1059,Medium,0.26537644288749784,0.0043358410383047144,0.030408315626256247,0.0
EMP03017,Prachi Mohanty,57,27,Sales,85000,3500,5100,1782,1377,73241,15956,10687,0,2251,2315,31209,28125,3308,Medium,0.4261137887248945,0.38400622602094453,0.04516595895741456,0.0
EMP03018,Sneha Khandelwal,48,18,Finance,107352,6103,6441,2801,2184,89823,0,10761,25388,6370,4374,46893,23784,3680,Medium,0.5220600514344879,0.26478741524999166,0.04096946216447903,0.2826447569108135
EMP03019,Muskan Pradhan,34,12,HR,53538,1010,3212,1099,1081,47136,10255,5150,7996,4746,2688,30835,6850,2160,Low,0.6541709097080788,0.14532416836388323,0.045824847250509164,0.1696367956551256
EMP03020,Tanvi Patel,50,18,IT,122420,8363,7345,2667,1643,102402,0,13407,0,2071,2498,17976,44473,6460,High,0.17554344641706215,0.4342981582390969,0.06308470537684811,0.0
EMP03021,Komal Jain,54,38,HR,70000,2000,4200,2101,1479,60220,15169,9919,0,4409,4114,33611,13128,2881,Medium,0.5581368316174029,0.21800066423115244,0.047841248754566586,0.0
EMP03022,Payal Kapoor,46,24,Customer Support,60000,1333,3600,1404,1150,52513,0,9366,16663,1404,3594,31027,142,54,Low,0.5908441719193342,0.002704092319996953,0.0010283167977453201,0.3173119037190791
EMP03023,Lakshay Deepak Bedi,59,29,Cyber Security,180000,20000,10800,3916,1721,143563,0,17995,35004,4086,5153,62238,49853,6108,Medium,0.43352395812291467,0.34725521199752024,0.04254578129462327,0.24382326922675063
EMP03024,Varun Chopra,33,12,IT,112543,6881,6753,2530,1892,94487,25681,14763,3134,6763,5251,55592,14719,4897,Medium,0.588356070147216,0.15577804354038122,0.051827235492713286,0.033168584038015814
EMP03025,Nikita Bedi,53,38,IT,150000,13333,9000,2225,1785,123657,12681,20524,0,8842,6889,48936,33216,8191,High,0.39573982871976515,0.26861398869453407,0.06623967911238345,0.0
EMP03026,Ashish Shetty,38,12,IT,111358,6704,6681,2820,1452,93701,18967,13630,10691,4400,4389,52077,19735,3305,Medium,0.5557784868891474,0.21061674902082156,0.03527176871111301,0.11409696801528266
EMP03027,Monika Parmar,22,0,HR,40000,333,2400,780,1058,35429,9815,5075,0,2506,3024,20420,444,715,Medium,0.5763639955968275,0.012532106466454035,0.020181207485393322,0.0
EMP03028,Nitin Gupta,47,22,IT,134366,10207,8062,2309,2125,111663,24558,14955,0,3184,3744,46441,36493,6209,High,0.41590320876207876,0.32681371627128053,0.05560481090423865,0.0
EMP03029,Harsh Ayush Swain,41,18,IT,120095,8014,7206,3092,2172,99611,24649,14385,0,3389,2113,44536,35694,3240,Medium,0.4470992159500457,0.35833391894469485,0.032526528194677294,0.0
EMP03030,Mohit Ghosh,34,9,Sales,55700,1118,3342,772,1080,49388,0,5463,0,6519,4218,16200,8277,4695,Medium,0.3280149024054426,0.167591317729003,0.0950635781971329,0.0
EMP03031,Rajat Shinde,54,25,Finance,130000,9500,7800,3447,2337,106916,0,19334,0,8465,6615,34414,30385,6560,Medium,0.3218788581690299,0.2841950690261514,0.06135657899659546,0.0
EMP03032,Lokesh Khandelwal,43,19,Operations,84420,3442,5065,2104,1709,72100,15130,9284,4518,2397,2454,33783,22283,3549,High,0.46855755894590845,0.30905686546463246,0.04922330097087379,0.0626629680998613
EMP03033,Avantika Roy,40,14,IT,118548,7782,7113,2651,960,100042,18421,13839,0,3131,3370,38761,38343,3735,High,0.3874472721456988,0.38326902700865634,0.037334319585773976,0.0
EMP03034,Rakesh Sabharwal,40,15,Cyber Security,146979,12729,8819,2929,2172,120330,25252,20077,12664,6335,6515,70843,17545,7659,Medium,0.5887393002576249,0.14580736308484998,0.06364996260284218,0.10524391257375551
EMP03035,Khushi George,39,12,Data Science,125416,8812,7525,2580,1507,104992,26978,13135,7427,10484,5799,63823,20422,4373,Medium,0.6078844102407802,0.19451005790917403,0.04165079244132886,0.07073872295032002
EMP03036,Swati Yuvraj Bedi,33,11,IT,109165,6375,6550,2262,1842,92136,0,13223,11738,9625,4859,39445,25506,4736,Medium,0.42811713119736045,0.27682990362073456,0.051402274897976906,0.1273986281149605
EMP03037,Riya Pillai,47,18,Sales,72505,2250,4350,1348,2004,62553,0,10843,18329,6315,5531,41018,4428,2093,Low,0.6557319393154605,0.07078797179991367,0.03345962623695106,0.2930155228366345
EMP03038,Kavya Patel,40,10,Marketing,68569,1857,4114,1817,2287,58494,6648,7780,2138,3153,2334,22053,8376,16055,Medium,0.37701302697712585,0.14319417376141141,0.2744725954798783,0.03655075734263343
EMP03039,Ayaan Dubey,23,2,Customer Support,36128,140,2168,1095,1742,30983,0,3784,0,2762,1789,8335,8718,3094,High,0.2690184940128458,0.2813801116741439,0.09986121421424653,0.0
EMP03040,Aditya Rajput,49,25,Data Science,159769,15287,9586,3067,2137,129692,23775,14492,0,5943,3565,47775,25693,30964,High,0.3683727600777226,0.19810782469234803,0.2387502698701539,0.0
EMP03041,Aditya Chauhan,40,16,HR,57819,1224,3469,749,1974,50403,13364,7923,5696,3068,2932,32983,7133,1748,Low,0.6543856516477193,0.14151935400670596,0.034680475368529654,0.11300914628097534
EMP03042,Trisha Sneha Narang,47,17,Customer Support,50594,863,3036,1119,1440,44136,0,5909,8705,2590,1595,18799,5910,9162,Medium,0.4259334783396774,0.1339042958129418,0.20758564437194127,0.19723128511872395
EMP03043,Bhavna Mukherjee,46,18,Sales,70565,2056,4234,1408,2321,60546,14665,10920,5790,3635,4329,39339,8233,2674,Medium,0.6497373897532455,0.13597925544214318,0.04416476728437882,0.09562976910117926
EMP03044,Nitin Porwal,23,2,Product Management,134216,10177,8053,2998,1101,111887,39471,12737,0,18349,9211,79768,3326,4294,Low,0.7129335847774987,0.029726420406302786,0.038378006381438415,0.0
EMP03045,Monika Shetty,41,20,Marketing,77852,2785,4671,1669,1709,67018,5585,8278,4683,2670,2886,24102,21854,3186,Medium,0.3596347249992539,0.32609149780655944,0.04753946700886329,0.06987674952997702
EMP03046,Reema Shetty,53,35,Customer Support,60000,1333,3600,1506,1422,52139,0,6449,15570,1605,2045,25669,15599,2611,Medium,0.49231860986977116,0.2991810353094613,0.050077676978845014,0.29862482978192906
EMP03047,Aarav Purohit,49,16,Data Science,145734,12480,8744,3217,2191,119102,0,17887,0,5527,6909,30323,43378,9526,Medium,0.2545969001360179,0.364208829406727,0.07998186428439488,0.0
EMP03048,Payal Sandhu,60,25,IT,147658,12865,8859,3462,2044,120428,0,14233,36154,10402,6050,66839,23648,7190,Medium,0.5550121234264457,0.19636629355299431,0.05970372338658784,0.30021257514863653
EMP03049,Charu Shruti Khurana,57,29,Sales,85000,3500,5100,1595,1961,72844,23346,13388,20720,11708,6385,75547,0,0,Low,1.0371066937565208,0.0,0.0,0.28444346823348526
EMP03050,Arjun Rawat,26,2,Marketing,53750,1021,3225,978,1334,47192,12697,7422,6283,2996,3519,32917,6626,1735,Low,0.6975122902186811,0.14040515341583318,0.03676470588235294,0.133136972368198
EMP03051,Nisha Krishna Nair,54,31,IT,150000,13333,9000,2386,862,124419,0,19231,35380,7645,8669,70925,21047,5521,Low,0.5700495904966283,0.1691622662133597,0.044374251521069934,0.2843617132431542
EMP03052,Kartik Lodha,35,6,IT,91615,4162,5497,1397,1625,78934,16789,6218,0,5436,3321,31764,14827,16041,High,0.402412141789343,0.18784047432031825,0.2032204119897636,0.0
EMP03053,Reema Muskan Chopra,58,22,IT,138295,10992,8298,2878,1016,115111,30507,19263,0,8206,7775,65751,17354,6320,Medium,0.5711964972939163,0.15075883277879612,0.05490352789915821,0.0
EMP03054,Nisha Gupta,28,3,Operations,53741,1020,3224,840,1514,47143,9863,6127,5640,2986,1877,26493,9665,2718,Medium,0.5619710243302293,0.2050145302589992,0.05765437074433108,0.11963600110302695
EMP03055,Hemant Jadhav,23,0,Operations,50385,853,3023,798,1877,43834,0,7626,0,1231,2545,11402,1262,45,Medium,0.2601177168408085,0.02879043664735137,0.0010266003558881234,0.0
EMP03056,Sai Chatterjee,37,10,Sales,60320,1349,3619,1921,1454,51977,0,6285,10087,3227,2243,21842,7088,11726,Medium,0.4202243299921119,0.1363680089270254,0.22559978452007617,0.19406660638359274
EMP03057,Aman Kumawat,59,27,HR,70000,2000,4200,1724,1918,60158,0,9309,14746,2223,1309,27587,22427,1849,Medium,0.45857575052362115,0.3728016223943615,0.03073572924631803,0.24512118089032214
EMP03058,Karan Bhardwaj,48,21,Finance,115564,7335,6934,3510,2153,95632,0,15931,0,4626,3789,24346,34869,7829,High,0.2545800568847248,0.3646164463777815,0.08186590262673582,0.0
EMP03059,Ayush Lakhotia,54,31,Operations,95000,4500,5700,1326,1302,82172,19837,13971,0,5698,4338,43844,17414,3604,Medium,0.5335637443411381,0.21192133573480018,0.043859222119456746,0.0
EMP03060,Preeti Mukherjee,50,18,Customer Support,49583,812,2975,923,1269,43604,0,6919,12696,2010,1879,23504,4317,8265,Medium,0.539033116227869,0.09900467846986515,0.18954683056600313,0.291165948078158
EMP03061,Hemant Pawar,56,23,Sales,85000,3500,5100,1786,1403,73211,17825,12763,0,5448,5239,41275,11570,4201,Medium,0.5637813989701002,0.15803636065618554,0.05738208739123902,0.0
EMP03062,Aditya Sneha Khurana,26,2,Marketing,50000,833,3000,901,1757,43509,10344,7177,4943,2514,2144,27122,7756,1818,Medium,0.6233652807465122,0.17826196878806683,0.04178445838791974,0.11360867866418442
EMP03063,Sumit Bajaj,43,23,Finance,114944,7242,6897,2985,1502,96318,21266,16107,3963,2123,4697,48156,26751,4629,Medium,0.4999688531738616,0.2777362486762599,0.04805955273157665,0.04114495732884819
EMP03064,Arjun Verma,27,3,IT,85942,3594,5157,1256,1175,74760,14288,9510,11142,2130,1812,38882,19620,2792,Medium,0.5200909577314071,0.2624398073836276,0.03734617442482611,0.14903691813804174
EMP03065,Mayank Nagpal,57,24,Sales,83918,3392,5035,2120,1843,71528,0,10354,17026,10101,4569,42050,3041,4736,Low,0.5878816687171458,0.04251481937143496,0.06621183312828542,0.23803265853931327
EMP03066,Vaishnavi Chauhan,26,3,IT,88365,3836,5302,1793,943,76491,21223,13924,5547,4692,5532,50918,11101,3385,Medium,0.6656730857225033,0.14512818501523056,0.04425357231569727,0.07251833549044985
EMP03067,Yuvraj Aditi Gill,34,7,Operations,57980,1232,3479,970,1525,50774,11912,8673,7006,3487,3124,34202,6763,2382,Medium,0.6736124788277464,0.13319809351242762,0.046913774766612834,0.13798400756292592
EMP03068,Manish Daga,26,7,Operations,64212,1544,3853,1842,1809,55164,14953,5902,0,5047,2170,28072,8869,10866,High,0.508882604597201,0.16077514320933942,0.19697628888405483,0.0
EMP03069,Riya Nagpal,56,36,Sales,85000,3500,5100,1627,2075,72698,0,12610,19727,6071,4700,43108,12622,3698,Medium,0.5929736719029409,0.1736223830091612,0.05086797435967977,0.27135547057690723
EMP03070,Charu Srivastava,60,38,IT,150000,13333,9000,3721,1532,122414,25266,19055,0,3697,5387,53405,39970,5277,High,0.4362654598330256,0.32651494110150797,0.043107814465665695,0.0
EMP03071,Nandini Jindal,46,20,Operations,89774,3977,5386,1448,1349,77614,0,8690,14237,5330,3284,31541,4334,203,Low,0.40638286907001314,0.055840441157523124,0.002615507511531425,0.18343340119050686
EMP03072,Sanya Banerjee,22,0,Sales,45000,583,2700,1146,1807,38764,0,5039,0,6238,3587,14864,5394,2467,Medium,0.38344856052007015,0.13914972655040758,0.06364152306263543,0.0
EMP03073,Sakshi Khurana,38,9,Finance,89640,3964,5378,1389,1544,77365,20208,12102,0,5134,3907,41351,17961,2870,Medium,0.5344923414980934,0.23215924513668973,0.037096878433400114,0.0
EMP03074,Monika Nair,45,21,Data Science,144471,12228,8668,2578,2350,118647,0,20641,0,8854,5590,35085,40191,8647,Medium,0.29570912033174035,0.3387443424612506,0.07288005596433117,0.0
EMP03075,Garima Kavya Bedi,49,27,Data Science,165915,16516,9955,2221,1547,135676,0,15214,27929,10432,4251,57826,17050,35925,Medium,0.42620655090067516,0.12566703027801526,0.2647852236209794,0.20585070314572954
EMP03076,Parth Pradhan,23,2,IT,82054,3205,4923,1756,1333,70837,0,8483,0,13681,6197,28361,9054,3579,Medium,0.40036986320708107,0.12781456018747264,0.05052444344057484,0.0
EMP03077,Siddharth Iyer,26,3,IT,90167,4017,5410,1939,2358,76443,22168,11178,0,8699,6839,48884,3418,2985,Medium,0.6394830134871734,0.04471305417108172,0.039048702955143046,0.0
EMP03078,Ravi Anjali Parmar,55,31,Cyber Security,180000,20000,10800,2818,2030,144352,0,20031,32267,10133,8488,70919,26485,11419,Medium,0.4912921192640213,0.1834751163821769,0.07910524273996897,0.22352998226557305
EMP03079,Ishaan Tayal,46,16,Data Science,144925,12318,8696,3740,1217,118954,33174,21317,7037,9579,6407,77514,15178,6537,Medium,0.6516300418649226,0.12759554113354743,0.054954015838055044,0.05915732131748407
EMP03080,Aisha Tayal,25,3,Customer Support,35753,121,2145,1080,1952,30455,0,5441,0,3785,2208,11434,2196,3032,Medium,0.3754391725496634,0.0721063864718437,0.09955672303398456,0.0
EMP03081,Charu Chopra,54,27,Product Management,220000,31000,13200,3471,1141,171188,0,27467,35537,8666,9444,81114,28760,28396,Medium,0.4738299413510293,0.16800243007687454,0.1658761128116457,0.2075904853143912
EMP03082,Reema Chauhan,57,33,Sales,85000,3500,5100,1792,1553,73055,21101,11478,0,2553,4007,39139,2528,1202,Medium,0.5357470399014441,0.03460406543015536,0.016453357059749502,0.0
EMP03083,Aditi Bagri,49,23,Operations,95000,4500,5700,2036,1785,80979,0,9884,23283,6896,4001,44064,14463,3789,Medium,0.5441410736116771,0.17860185974141443,0.046789908494794946,0.2875189864038825
EMP03084,Tushar Verma,31,6,Data Science,112047,6807,6723,3408,1829,93280,19689,8927,0,7857,4770,41243,14306,15601,High,0.4421419382504288,0.1533662092624357,0.1672491423670669,0.0
EMP03085,Gaurav Jindal,40,16,Sales,67357,1736,4041,1831,1170,58579,6838,8086,0,1824,2148,18896,20438,3384,Medium,0.3225729356936786,0.3488963621775722,0.05776814216698817,0.0
EMP03086,Rohan Aditi Purohit,45,26,Sales,85000,3500,5100,1664,1348,73388,5624,10418,12422,3333,1639,33436,24754,3560,Medium,0.4556058211151687,0.3373031013244672,0.04850929307243691,0.16926472992859867
EMP03087,Rupal George,30,5,Finance,81941,3194,4916,2004,1168,70659,14701,8085,8494,3978,3760,39018,17451,2930,Medium,0.5522014180783764,0.2469749076550758,0.04146676290352255,0.1202111549837954
EMP03088,Priya Sabharwal,44,25,IT,147944,12922,8877,3840,1429,120876,0,19720,0,9149,7035,35904,42004,9894,High,0.29703166881763127,0.3474966080942453,0.08185247691849498,0.0
EMP03089,Parth Saloni Porwal,22,1,Operations,51345,901,3081,1031,1645,44687,0,4829,0,2777,2096,9702,18607,3756,High,0.21711012151184908,0.416385078434444,0.08405129008436459,0.0
EMP03090,Namrata Ghosh,48,18,IT,123987,8598,7439,2965,1337,103648,0,20191,33540,8878,7516,70125,13822,3955,Low,0.6765687712256869,0.1333552022229083,0.038157996295152825,0.32359524544612533
EMP03091,Nisha Sneha Bansal,22,2,Data Science,93785,4378,5627,1974,1676,80130,19265,9880,0,6280,3845,39270,11595,12643,High,0.49007862223886184,0.14470235866716585,0.15778110570323226,0.0
EMP03092,Aman Seth,27,4,IT,93490,4349,5609,1208,2072,80252,19625,12067,0,2676,5570,39938,1364,1367,Medium,0.49765737925534564,0.016996461147385736,0.01703384339331107,0.0
EMP03093,Shruti Chaudhary,24,3,Sales,50301,848,3018,892,2347,43196,13505,6471,14189,6304,3202,43671,0,0,Low,1.0109963885544957,0.0,0.0,0.3284794888415594
EMP03094,Rupal Thomas,35,8,Data Science,121724,8259,7303,3461,1563,101138,23429,13555,0,4075,3276,44335,35599,4294,High,0.4383614467361427,0.3519844173307758,0.04245684114773873,0.0
EMP03095,Mansi Garima Narang,35,7,Marketing,65324,1600,3919,1617,2082,56106,16443,10322,2747,3855,3536,36903,9252,1658,Medium,0.6577371404127901,0.16490214950272697,0.029551206644565644,0.048960895447902185
EMP03096,Shruti Mohanty,22,3,Customer Support,38976,282,2339,820,1527,34008,2773,3587,0,2073,1331,9764,15381,1968,Medium,0.28710891554928253,0.4522759350741002,0.05786873676781934,0.0
EMP03097,Kunal Bagri,38,14,Operations,74753,2475,4485,2107,1866,63820,16329,5430,2495,6488,3185,33927,9013,9142,Medium,0.5316045126919461,0.14122532121591977,0.1432466311501097,0.03909432779692886
EMP03098,Mayank Pradhan,29,7,Sales,59999,1333,3600,1044,1057,52965,11129,7106,5954,3543,2171,29903,10380,2843,Medium,0.564580383271972,0.19597847635230814,0.0536769564806948,0.11241385820825073
EMP03099,Dhruv Jain,56,22,Sales,81868,3187,4912,1263,2269,70237,0,11440,15325,4958,3770,35493,14296,4030,Medium,0.5053319475490127,0.2035394450218546,0.05737716588123069,0.21818984296026311
EMP03100,Nitin Roy,25,0,HR,40000,333,2400,793,1785,34689,0,3285,0,1814,1014,6113,17864,2496,High,0.17622301017613654,0.5149759289688374,0.07195364524777306,0.0
EMP03101,Amit Naidu,55,33,Marketing,90000,4000,5400,1647,1926,77027,20273,13164,2597,5149,3602,44785,12724,2977,Medium,0.581419502252457,0.1651888298908175,0.038648785490801925,0.033715450426473836
EMP03102,Mayank Vivaan Lodha,46,22,Operations,87264,3726,5236,1937,2182,74183,0,11883,15762,2693,2968,33306,3927,269,Low,0.4489707884555761,0.052936656646401466,0.0036261677203672,0.21247455616515915
EMP03103,Aman Bedi,25,2,Marketing,57955,1231,3477,877,1261,51109,13874,6503,0,3483,3367,27227,2007,691,Medium,0.5327241777377761,0.03926901328533135,0.013520123657281497,0.0
EMP03104,Varun Lakshay Bhardwaj,40,13,Sales,64622,1564,3877,1945,1105,56131,20530,8676,3105,7881,4725,44917,2514,1610,Low,0.8002173487021432,0.04478808501541038,0.02868290249594698,0.055317026242183466
EMP03105,Manish Verma,26,6,Sales,50897,878,3054,1053,2190,43722,4877,6618,0,4412,2673,18580,11011,3497,Medium,0.42495768720552585,0.25184117835414666,0.07998261744659439,0.0
EMP03106,Sneha Yadav,49,20,HR,64021,1534,3841,1872,1752,55022,0,8178,14668,1328,2385,26559,17011,2615,Medium,0.4826978299589255,0.30916724219403147,0.0475264439678674,0.2665842753807568
EMP03107,Ananya Shinde,60,31,Finance,130000,9500,7800,3767,1841,107092,27721,16507,11101,5381,6557,67267,12563,11707,Medium,0.6281234826130804,0.11731034997945691,0.10931722257498226,0.10365853658536585
EMP03108,Aisha Sharma,32,12,Sales,65073,1587,3904,1980,1309,56293,13184,7250,0,5308,2361,28103,11689,2821,Medium,0.4992272573854653,0.20764571083438438,0.050112802657524026,0.0
EMP03109,Gaurav Kumawat,46,22,Product Management,206238,26871,12374,2817,1568,162608,48598,22508,0,16252,15586,102944,7685,9491,Medium,0.6330807832332973,0.047260897372822984,0.058367361999409624,0.0
EMP03110,Prachi George,24,0,Cyber Security,95000,4500,5700,2180,2349,80271,17173,8781,8051,7076,2971,44052,7456,16612,Medium,0.5487909705871361,0.09288535087391461,0.20694896039665633,0.1002977414010041
EMP03111,Priya Mundra,50,19,Finance,117836,7675,7070,2706,1082,99303,0,13461,0,3960,4555,21976,46222,5813,Medium,0.22130247827356675,0.4654642860739353,0.05853800992920657,0.0
EMP03112,Sneha Bagri,60,27,Operations,95000,4500,5700,1354,1870,81576,0,12408,28250,6563,3528,50749,11718,3092,Low,0.6221069922526233,0.1436451897616946,0.037903304893596154,0.3463028341669118
EMP03113,Anjali Nair,51,22,Product Management,186090,21522,11165,3157,1628,148618,0,21950,49104,6899,7480,85433,19362,19798,Low,0.5748496144477788,0.13028031597787618,0.13321401176169778,0.3304041233228815
EMP03114,Swati Deshmukh,51,26,Cyber Security,174981,18745,10499,3912,2120,139705,0,20706,0,9451,10077,40234,43945,9433,High,0.2879925557424573,0.31455567087792136,0.06752084750008948,0.0
EMP03115,Khushi Khurana,52,27,Finance,130000,9500,7800,3040,1278,108382,0,11313,36847,9007,4219,61386,23324,3620,Low,0.5663855621782214,0.21520178627447362,0.033400380136923105,0.33997342732188
EMP03116,Bhavna Tayal,28,6,Marketing,57774,1222,3466,1035,1664,50387,0,7664,17324,1067,3197,29252,578,740,Low,0.58054656955167,0.011471212812828705,0.014686327822652669,0.3438188421616687
EMP03117,Namrata Shinde,35,5,Customer Support,42819,474,2569,1158,2055,36563,0,5876,2021,1553,1301,10751,15628,1700,High,0.2940404233788256,0.42742663348193527,0.0464950906654268,0.05527445778519268
EMP03118,Mansi Lakhotia,46,18,Sales,77183,2718,4631,1538,1973,66323,14158,9698,0,3089,2822,29767,15583,4984,Medium,0.44881866019329647,0.23495619920691163,0.07514738476848153,0.0
EMP03119,Vivaan Patel,53,23,Operations,89724,3972,5383,2163,1153,77053,0,10330,0,6853,4172,21355,21059,7294,High,0.27714689888777855,0.2733053872010175,0.09466211568660532,0.0
EMP03120,Trisha Srivastava,44,20,Sales,73535,2354,4412,1902,1459,63408,0,8028,16969,6035,2807,33839,13420,2774,Medium,0.5336708301791572,0.21164521826898813,0.043748422911935404,0.2676160736815544
EMP03121,Shreya Shinde,26,3,IT,82344,3234,4941,2041,1718,70410,16391,10200,5849,4591,4275,41306,13335,2386,Medium,0.5866496236330067,0.1893907115466553,0.03388723192728306,0.08307058656440847
EMP03122,Ritika Mittal,48,28,Finance,130000,9500,7800,2794,1519,108387,0,14483,20865,7447,6189,48984,22566,8257,Medium,0.4519361178001052,0.20819840017714303,0.07618072278040725,0.19250463616485372
EMP03123,Anurag Chaudhary,47,28,IT,150000,13333,9000,3063,894,123710,31456,19550,19788,8169,7185,86148,16281,5104,Low,0.6963705440142268,0.13160617573357045,0.04125778029261984,0.15995473284293912
EMP03124,Dhruv Tiwari,50,25,Customer Support,59170,1292,3550,825,1686,51817,0,6724,14762,2647,3682,27815,324,613,Low,0.5367929444004863,0.006252774186077928,0.011830094370573365,0.2848871991817357
EMP03125,Vikram Sonali Verma,23,1,Data Science,90565,4056,5434,2067,1100,77908,16323,6705,0,5605,2547,31180,27736,4443,Medium,0.4002156389587719,0.3560096524105355,0.057028803203778816,0.0
EMP03126,Rohit Sahu,46,19,Operations,90341,4034,5420,1293,1345,78249,19546,13708,0,3511,3738,40503,2056,1314,Medium,0.5176168385538473,0.026275096167363163,0.016792546869608557,0.0
EMP03127,Gaurav Rathore,35,7,IT,103540,5531,6212,2303,1509,87985,19815,9260,0,5803,2285,37163,27137,5376,Medium,0.42237881457066545,0.3084275728817412,0.06110132408933341,0.0
EMP03128,Palak Tushar Chaudhary,33,10,Finance,90251,4025,5415,1365,1317,78129,18316,12018,0,5343,3430,39107,16514,3908,Medium,0.500543972148626,0.21136837793904953,0.05001983898424401,0.0
EMP03129,Prateek Bohra,24,3,Finance,76202,2620,4572,1450,1925,65635,17823,6252,1995,4768,3283,34121,1238,1431,Medium,0.5198598308829131,0.018861887712348594,0.021802392016454637,0.030395368324826692
EMP03130,Shubham Swain,26,4,IT,91340,4134,5480,1516,1363,78847,25038,8001,0,10525,6929,50493,2886,3914,Medium,0.6403921518891017,0.03660253402158611,0.049640442883051986,0.0
EMP03131,Bhavna Chauhan,56,38,Finance,130000,9500,7800,3793,988,107919,24886,13021,0,10099,5690,53696,17848,17226,High,0.4975583539506482,0.16538329673180813,0.15961971478608958,0.0
EMP03132,Rajat Chopra,56,37,Operations,95000,4500,5700,1444,1184,82172,0,12541,24115,10702,5857,53215,3483,4587,Low,0.6476050236090153,0.04238670106605656,0.05582193447889792,0.29346979506401205
EMP03133,Atharv Shinde,48,24,Sales,83270,3327,4996,1598,1199,72150,17187,10445,4565,2683,3050,37930,2776,360,Medium,0.5257103257103257,0.03847539847539848,0.00498960498960499,0.06327096327096327
EMP03134,Mansi Roy,52,26,HR,70000,2000,4200,1390,1583,60827,0,7205,13291,1260,2394,24150,20444,2907,Medium,0.3970276357538593,0.3361007447350683,0.047791276900060825,0.2185049402403538
EMP03135,Shreya Jyoti Mittal,22,3,Marketing,50979,882,3059,897,1731,44410,12005,4990,7099,4633,3245,31972,4623,1324,Low,0.7199279441567215,0.10409817608646701,0.029813105156496284,0.15985138482323802
EMP03136,Avantika Lodha,54,34,Sales,85000,3500,5100,1992,1353,73055,23060,12176,4747,8043,7016,55042,2273,1801,Low,0.7534323454931217,0.031113544589692697,0.02465265895558141,0.06497844090069126
EMP03137,Nandini Mehta,48,15,HR,61313,1399,3679,1322,1563,53350,0,8454,16845,8037,4012,37348,2376,2343,Low,0.7000562324273665,0.0445360824742268,0.043917525773195874,0.31574507966260545
EMP03138,Anurag Chauhan,40,18,Operations,84427,3443,5066,1876,1733,72309,0,11007,24148,3140,3942,42237,1560,162,Low,0.5841181595651993,0.021574077915612163,0.002240385014313571,0.333955662503976
EMP03139,Manish Chaudhary,50,15,Customer Support,50919,879,3055,833,1625,44527,0,7275,8843,1364,2244,19726,1631,713,Low,0.44301210501493477,0.036629460776607455,0.016012756305163158,0.1985986030947515
EMP03140,Shruti Dubey,47,17,IT,125812,8872,7549,2259,1662,105470,0,16696,0,5473,5071,27240,38185,6442,High,0.25827249454821277,0.3620460794538731,0.0610789798046838,0.0
EMP03141,Ishaan Daga,30,3,Marketing,51195,893,3072,741,2260,44229,0,7909,0,2498,2174,12581,12111,4754,High,0.2844513780551222,0.2738248660381198,0.10748603857197767,0.0
EMP03142,Sonia Ayaan Swain,46,25,Sales,81205,3120,4872,1397,1502,70314,0,12678,19152,2118,3818,37766,1683,544,Low,0.5371049862047388,0.02393548937622664,0.007736723838780328,0.27237818926529567
EMP03143,Vivaan Naidu,30,5,IT,92211,4221,5533,1481,1963,79013,18421,7697,13201,5778,2582,47679,7595,14193,Medium,0.60343234657588,0.09612342272790554,0.17962866870008734,0.1670737726703201
EMP03144,Akash Aakash Shetty,31,6,Customer Support,39191,293,2351,1140,1146,34261,9477,4899,4584,2830,1696,23486,835,320,Low,0.6855024663611686,0.024371734625375792,0.009340065964215872,0.13379644493739237
EMP03145,Rahul Kohli,58,30,Data Science,170000,17500,10200,3870,1487,136943,0,22542,0,9088,5479,37109,41045,11304,High,0.27098135720701316,0.2997232425169596,0.08254529256698043,0.0
EMP03146,Komal Gupta,46,25,Sales,85000,3500,5100,1596,1141,73663,0,12886,17134,8799,6596,45415,3109,5023,Low,0.6165238993796072,0.04220572064672902,0.06818891438035378,0.23259981266035867
EMP03147,Ishaan Narang,52,24,Operations,94047,4405,5643,1559,1532,80908,4846,13171,0,10027,6808,34852,6816,5808,Medium,0.4307608641914273,0.08424383250111238,0.07178523755376477,0.0
EMP03148,Ishita Pillai,35,5,Cyber Security,105401,5810,6324,2281,1543,89443,0,11491,18545,2771,2712,35519,35379,3259,Medium,0.3971132453070671,0.39554800263855194,0.036436613262077526,0.20733875205438101
EMP03149,Rupal Arora,22,1,Marketing,54177,1042,3251,1032,817,48035,0,3988,0,2464,2168,8620,21921,4053,High,0.1794524825647965,0.45635474133444365,0.08437597585094202,0.0
EMP03150,Vikram Bajaj,28,5,Cyber Security,109470,6420,6568,3317,1742,91423,20818,9031,0,7300,4999,42148,17175,15301,High,0.46102184351858944,0.18786301040219638,0.16736488629775878,0.0
EMP03151,Palak D'Souza,28,5,HR,43709,519,2623,973,1107,38487,0,4412,0,2537,1418,8367,17487,2217,Medium,0.21739808246940526,0.45436121287707537,0.05760386624054876,0.0
EMP03152,Payal Pawar,54,36,IT,150000,13333,9000,3954,1298,122415,0,11609,37043,10913,4843,64408,23625,6357,Medium,0.5261446718130948,0.19299105501776742,0.05192991055017768,0.3026018053343136
EMP03153,Rajat Soni,23,2,HR,45500,608,2730,897,2000,39265,11698,3674,0,6216,2398,23986,3301,1375,Medium,0.6108748249076786,0.08406978224882211,0.035018464281166437,0.0
EMP03154,Vivek Shetty,32,7,Data Science,111101,6665,6666,3152,1655,92963,26523,16676,0,6326,4266,53791,16115,4384,Medium,0.5786280563234836,0.17334853651452728,0.04715854694878607,0.0
EMP03155,Namrata Menon,50,22,Finance,122595,8389,7356,2451,1751,102648,0,13121,0,3327,3431,19879,43537,7198,Medium,0.19366183461928144,0.4241388044579534,0.07012313927207545,0.0
EMP03156,Tanvi Swain,46,20,HR,67316,1732,4039,1676,1929,57940,0,7774,15590,2567,2688,28619,18461,1909,Medium,0.4939420089748015,0.31862271315153606,0.032947877114256126,0.2690714532274767
EMP03157,Rakesh Jain,57,22,IT,137717,10877,8263,3740,1486,113351,0,19199,23948,13800,6858,63805,11758,7227,Low,0.5628975483233496,0.10373088900847809,0.06375770835722666,0.21127294862859614
EMP03158,Trisha Naidu,55,31,Data Science,170000,17500,10200,3724,1582,136994,0,26768,32929,10492,7034,77223,28237,5201,Low,0.5636962202724207,0.20611851613939297,0.0379651663576507,0.2403681913076485
EMP03159,Rajat Tayal,48,27,Operations,95000,4500,5700,1388,2251,81161,0,12074,0,14691,7765,34530,9747,5754,Medium,0.4254506474784687,0.12009462672958687,0.07089612005766316,0.0
EMP03160,Varun Somani,54,31,Data Science,170000,17500,10200,3216,1602,137482,32369,20629,0,9519,6245,68762,31928,6336,Medium,0.5001527472687334,0.23223403791041736,0.0460860330806942,0.0
EMP03161,Vihaan Pawar,54,27,IT,145593,12452,8736,2477,752,121176,0,14123,0,5608,6311,26042,19352,41888,High,0.2149105433419159,0.1597015910741401,0.345679012345679,0.0
EMP03162,Rishabh Trivedi,38,16,IT,113999,7100,6840,3458,2093,94508,0,15146,0,6959,4903,27008,30103,7100,High,0.2857747492275786,0.31852329961484743,0.07512591526643247,0.0
EMP03163,Ayush Lakhotia,56,33,Finance,130000,9500,7800,3822,1558,107320,27089,15122,12457,6900,5039,66607,17926,3695,Medium,0.6206392098397316,0.16703317182258665,0.034429742825195675,0.11607342527021991
EMP03164,Rupal George,52,23,Data Science,165236,16381,9914,3428,2075,133438,31114,15618,0,8501,5402,60635,22397,28152,High,0.45440579145370885,0.1678457410932418,0.21097438510769045,0.0
EMP03165,Rishabh Chatterjee,27,2,Sales,45723,619,2743,882,1176,40303,9880,3890,0,3932,1958,19660,7697,3064,Medium,0.4878048780487805,0.19097833908145795,0.0760241173113664,0.0
EMP03166,Avantika Agarwal,35,5,IT,91077,4108,5465,2153,1716,77635,0,10747,0,2920,4320,17987,15665,26147,High,0.23168673922844077,0.2017775487859857,0.3367939717910736,0.0
EMP03167,Saloni Sabharwal,51,33,Sales,85000,3500,5100,1434,1097,73869,0,10029,22030,3459,3046,38564,2588,655,Low,0.5220593212308275,0.03503499438194642,0.008867048423560628,0.29823065155884065
EMP03168,Avantika Tiwari,58,28,IT,143038,11941,8582,2337,1515,118663,0,14540,30282,10477,7664,62963,21993,7213,Medium,0.5306034737028391,0.1853399964605648,0.060785586071479734,0.25519327844399686
EMP03169,Lakshay Saloni Shukla,24,0,Operations,50000,833,3000,738,2320,43109,0,5752,2587,2530,3378,14247,2268,294,Medium,0.3304878331670881,0.0526108237259041,0.0068199215940986805,0.060010670625623416
EMP03170,Divya Tushar Lodha,39,15,IT,112165,6825,6730,3209,1766,93635,24970,12874,8385,6142,3942,56313,10283,11674,Medium,0.6014097292679019,0.10982004592299888,0.12467560207187484,0.08954984781331767
EMP03171,Pooja Naidu,27,6,Marketing,56129,1140,3368,1049,1429,49143,9427,4042,6591,2632,1542,24234,14065,1759,Medium,0.49313228740614123,0.28620556335592046,0.03579350060028895,0.13411879616629022
EMP03172,Dev Solanki,30,7,HR,53367,1002,3202,1149,1154,46860,13126,4817,2760,4270,2096,27069,9165,2246,Medium,0.5776568501920615,0.19558258642765686,0.047930004268032435,0.058898847631242
EMP03173,Ankit Palak Bedi,54,34,IT,150000,13333,9000,3563,1120,122984,26341,17616,0,9140,5587,58684,30120,7026,Medium,0.4771677616600533,0.24490990697976972,0.057129382683926366,0.0
EMP03174,Priya Arora,54,32,Operations,95000,4500,5700,1348,1160,82292,6493,10665,0,5527,4573,27258,22333,7705,High,0.3312351139843484,0.2713872551402323,0.09363000048607398,0.0
EMP03175,Diya Lodha,26,3,IT,84969,3497,5098,1823,1678,72873,14563,9984,6356,4001,2903,37807,16990,2988,Medium,0.5188066910927229,0.23314533503492377,0.041002840558231446,0.08722023245920986
EMP03176,Pallavi George,28,6,Operations,60703,1368,3642,1317,1260,53116,12480,7054,0,5501,3055,28090,9888,3263,Medium,0.5288425333232925,0.18615859627984035,0.06143158370359214,0.0
EMP03177,Yuvraj Payal Parmar,54,38,Finance,130000,9500,7800,3978,1380,107342,0,16299,26905,4124,2777,50105,28988,4773,Medium,0.4667790799500661,0.27005272866166086,0.04446535372920199,0.25064746324830917
EMP03178,Sumit Dhruv Shukla,51,36,Operations,95000,4500,5700,2019,1678,81103,0,12371,19054,11965,8750,52140,5121,2617,Low,0.6428862064288621,0.0631419306314193,0.0322676103226761,0.23493582234935823
EMP03179,Shubham Kumawat,42,27,Finance,128934,9340,7736,3594,1747,106517,23181,13451,7355,7418,5686,57091,15396,19044,High,0.5359801721790888,0.14454030811983062,0.178788362421022,0.06905001079639869
EMP03180,Mohit Nandini Rajput,42,17,Customer Support,49328,800,2960,768,1483,43317,0,5660,7907,1516,1788,16871,14830,2243,Medium,0.389477572315719,0.3423598125447284,0.05178105593646836,0.18253803356649814
EMP03181,Ashish Nair,60,22,Data Science,159877,15309,9593,2626,1028,131321,31946,20002,8932,8385,5485,74750,20403,8454,Medium,0.5692158908323878,0.15536738221609644,0.06437660389427434,0.06801653962427943
EMP03182,Shubham Fernandes,48,25,IT,138575,11048,8314,3029,929,115255,0,19359,31007,8034,6793,65193,19583,5784,Low,0.565641403843651,0.16991019912368227,0.050184373779879395,0.2690295431868466
EMP03183,Dev Mathew,40,8,Marketing,63307,1499,3798,1611,1644,54755,5429,9004,3030,3829,3240,24532,10887,4679,High,0.44803214318327095,0.19883115697196604,0.08545338325267099,0.055337412108483246
EMP03184,Mansi Bose,23,0,Sales,47239,695,2834,1192,1997,40521,11213,5865,0,3741,2711,23530,7194,2191,Medium,0.5806865575874238,0.17753757311023913,0.05407072875792799,0.0
EMP03185,Pankaj Bhardwaj,40,12,Finance,95279,4528,5717,2113,2309,80612,15902,11828,0,1530,1711,30971,26617,5034,Medium,0.38419838237483256,0.33018657271870194,0.06244727832084553,0.0
EMP03186,Rajat Seth,39,13,HR,54949,1081,3297,755,2281,47535,10429,5152,3157,3128,1420,23286,13482,1842,High,0.4898706216472073,0.283622593878195,0.03875039444619754,0.06641422110024192
EMP03187,Saloni Dubey,33,5,Data Science,102598,5390,6156,2722,2097,86233,23403,15225,8913,4446,5532,57519,12663,3720,Medium,0.6670184268203588,0.14684633492978327,0.043138937529716,0.10335950274256955
EMP03188,Divya Kavya Pawar,33,7,IT,93345,4334,5601,1555,1178,80677,9284,12258,9103,4732,3572,38949,18977,3906,Medium,0.48277699964054194,0.23522193438030667,0.04841528564522726,0.11283265366833174
EMP03189,Manish Bajaj,52,33,Sales,85000,3500,5100,2074,1125,73201,18477,13641,0,2234,5886,40238,2406,857,Medium,0.5496919440991244,0.03286840343711152,0.011707490334831492,0.0
EMP03190,Riya Pawar,57,32,IT,150000,13333,9000,2718,2260,122689,28849,18446,0,5434,3912,56641,40953,4895,High,0.46166322979240193,0.33379520576416793,0.039897627334153835,0.0
EMP03191,Vihaan Nandini Mundra,40,10,Sales,63352,1501,3801,1324,1739,54987,16518,8319,0,7876,4737,37450,3862,1682,Low,0.6810700711077163,0.0702347827668358,0.03058904832051212,0.0
EMP03192,Sneha Atharv Khurana,30,2,Marketing,52380,952,3143,989,1397,45899,9780,6479,0,2019,3109,21387,1107,131,Medium,0.46595786400575173,0.024118172509204994,0.0028540926817577725,0.0
EMP03193,Tushar George,47,25,Customer Support,60000,1333,3600,1902,1106,52059,0,8717,14158,2773,2793,28441,5829,9484,Medium,0.5463224418448299,0.11196911196911197,0.1821779135211971,0.2719606600203615
EMP03194,Aisha Parmar,39,17,Marketing,78860,2886,4732,1633,1682,67927,16616,12070,12036,5322,3412,49456,6941,2696,Low,0.7280757283554404,0.1021832261103832,0.039689666848234134,0.1771902189114785
EMP03195,Megha Chaudhary,27,7,HR,44648,566,2679,894,1585,38924,9957,6543,0,3004,2245,21749,7784,1870,Medium,0.5587555235844209,0.1999794471277361,0.04804233891686363,0.0
EMP03196,Tanvi Roy,45,25,Product Management,215089,29527,12905,2819,1219,168619,53025,29870,8003,27715,12828,131441,6373,6046,Low,0.7795147640538729,0.03779526625113421,0.035855983014962726,0.04746202978312053
EMP03197,Lakshay Iyer,33,10,Sales,60687,1368,3641,1463,1444,52771,3058,8120,1891,1234,3474,17777,1314,211,Medium,0.3368706297019196,0.024900039794584147,0.003998408216634136,0.03583407553391067
EMP03198,Arjun Komal More,37,10,Product Management,156553,14644,9393,3090,1377,128049,0,18671,26723,5090,3299,53783,49609,4093,Medium,0.4200188990152207,0.38742200251466236,0.031964326156393254,0.20869354700153847
EMP03199,Mayank Tayal,42,28,Sales,85000,3500,5100,1419,1990,72991,17672,10972,0,3970,3316,35930,13538,5391,Medium,0.4922524694825389,0.18547492156567247,0.07385842090120699,0.0
EMP03200,Pallavi Nair,41,22,Sales,74756,2476,4485,1475,1731,64589,5857,10415,0,8944,4482,29698,8333,4108,Medium,0.45979965628822245,0.12901577668023967,0.0636021613587453,0.0
EMP03201,Tarun Swain,45,18,Sales,73391,2339,4403,1952,2105,62592,19579,7740,4934,11756,3902,47911,1469,1353,Low,0.7654492586912065,0.023469452965235175,0.021616180981595092,0.07882796523517382
EMP03202,Sakshi Behera,46,19,IT,132227,9834,7934,3084,1991,109384,0,14900,25127,5296,3657,48980,20881,16546,Medium,0.4477802969355664,0.19089629196226138,0.15126526731514664,0.22971366927521392
EMP03203,Nikita Tayal,55,23,Sales,81717,3172,4903,1845,1323,70474,18153,10964,0,3878,3443,36438,12874,4364,Medium,0.5170417458921021,0.18267729942957686,0.06192354627238414,0.0
EMP03204,Parth Swain,58,30,IT,149647,13263,8979,2253,1352,123800,0,16566,35623,15156,9783,77128,9835,5610,Low,0.6230048465266559,0.0794426494345719,0.045315024232633276,0.28774636510500806
EMP03205,Sai Purohit,48,26,Finance,130000,9500,7800,3035,1324,108341,0,15613,30351,4564,2623,53151,32829,3772,Medium,0.4905898967150017,0.3030154789045698,0.0348159976370903,0.2801432514006701
EMP03206,Sakshi More,39,8,Cyber Security,123072,8461,7384,2706,1924,102597,19389,12824,6332,4406,4046,46997,32660,4245,High,0.4580738228213301,0.31833289472401727,0.041375478815170036,0.061717204206750684
EMP03207,Reema Behera,46,19,Data Science,144035,12140,8642,3380,1362,118511,0,18447,24900,11532,9630,64509,8818,6281,Low,0.5443292183847913,0.074406595168381,0.05299929964307111,0.21010707866780298
EMP03208,Aditi Nagpal,53,33,Marketing,90000,4000,5400,1845,1238,77517,0,11016,17123,3199,1945,33283,29808,2198,Medium,0.42936388147116117,0.3845350052246604,0.02835507050066437,0.22089348142987988
EMP03209,Aditi More,51,32,Data Science,170000,17500,10200,3422,1040,137838,32975,22448,9763,8633,6554,80373,24439,6683,Medium,0.5830975492970009,0.17730234042861912,0.048484452763388905,0.07082952451428488
EMP03210,Trisha Seth,31,10,IT,105053,5758,6303,3804,1427,87761,17491,8715,4085,4825,1747,36863,29435,4530,Medium,0.4200385136905915,0.3353995510534292,0.05161746105901255,0.046546871617233164
EMP03211,Shruti Garima Tomar,60,29,Sales,85000,3500,5100,1962,1466,72972,0,12427,0,6043,3459,21929,21356,4668,High,0.30051252535218986,0.2926601984322754,0.0639697418187798,0.0
EMP03212,Simran More,49,20,Product Management,188179,22045,11291,2698,1007,151138,36562,14522,0,13909,6209,71202,24336,24564,High,0.4711058767484021,0.1610184070187511,0.1625269621140944,0.0
EMP03213,Dhruv George,26,3,Data Science,103040,5456,6182,2791,1255,87356,19558,9573,0,6996,5392,41519,22075,4544,High,0.4752850405238335,0.2527015889005907,0.05201703374696644,0.0
EMP03214,Rohan Pankaj Srivastava,24,2,Product Management,125436,8815,7526,3357,1279,104459,24604,9515,8290,8683,4681,55773,16862,17406,High,0.5339224001761457,0.16142218478063164,0.16662996965316534,0.07936128050239807
EMP03215,Nikita Khanna,57,24,Sales,85000,3500,5100,1501,1588,73311,18096,10753,10511,4169,5036,48565,12103,2952,Medium,0.6624517466683035,0.16509118686145327,0.04026680852805172,0.14337548253331697
EMP03216,Riya Sakshi Ghosh,47,23,Customer Support,55464,1107,3328,881,1483,48665,0,8433,0,3512,3410,15355,14367,4229,High,0.31552450426384465,0.29522243912462753,0.08690023630946266,0.0
EMP03217,Dev Kulkarni,23,3,Sales,53081,987,3185,1016,1487,46406,0,6031,0,5081,2219,13331,12227,3557,Medium,0.2872688876438392,0.2634788604921777,0.07664957117614102,0.0
EMP03218,Amit Iyer,41,23,Customer Support,57023,1184,3421,970,1464,49984,0,9096,10796,3200,3080,26172,10691,2347,Medium,0.5236075544174136,0.21388844430217668,0.046955025608194624,0.21598911651728553
EMP03219,Mansi Jindal,30,3,Operations,52657,966,3159,1010,1177,46345,0,5939,0,3264,3285,12488,3325,1334,Medium,0.2694573308879059,0.07174452475995254,0.028784119106699754,0.0
EMP03220,Atharv Ahuja,26,5,Cyber Security,110005,6501,6600,3631,1308,91965,0,11031,6966,3418,2110,23525,43073,4178,High,0.255803838416789,0.4683629641711521,0.04543032675474365,0.0757462077964443
EMP03221,Aman Yadav,60,25,IT,138344,11002,8301,2330,1073,115638,31291,14902,0,4906,5853,56952,20039,21194,High,0.49250246458776525,0.1732907867655961,0.18327885297220636,0.0
EMP03222,Mayank Deepak Chauhan,27,2,Sales,51731,920,3104,813,1609,45285,10419,6646,6384,2819,2196,28464,7682,2126,Medium,0.6285525008280888,0.16963674505907034,0.04694711273048471,0.14097383239483272
EMP03223,Tarun Palak Deshmukh,32,11,IT,109237,6386,6554,3370,1513,91414,0,11636,19550,9524,6036,46746,20159,5827,Medium,0.5113658739361586,0.22052420854573698,0.06374297153608856,0.21386220928960553
EMP03224,Abhishek Bagri,24,0,Operations,54036,1035,3242,847,1375,47537,4604,5808,1580,4148,3063,19203,13806,2635,High,0.40395902139386164,0.29042640469528996,0.05543050676315291,0.03323726781244084
EMP03225,Harsh Trivedi,36,10,Sales,59649,1316,3579,922,1103,52729,13369,7734,0,3063,3781,27947,9559,3173,Medium,0.5300119478844658,0.18128544064935803,0.060175614936752074,0.0
EMP03226,Tarun Goel,36,12,Data Science,122241,8336,7334,3415,1803,101353,35555,16050,0,18837,9953,80395,3043,2522,Low,0.7932177636577111,0.030023778279873313,0.024883328564522016,0.0
EMP03227,Amit George,45,16,Finance,100440,5066,6026,2303,1752,85293,0,13576,27040,5611,5863,52090,15983,3401,Medium,0.6107183473438618,0.1873893519984055,0.0398743155944802,0.31702484377381496
EMP03228,Aditya Srivastava,54,26,Operations,95000,4500,5700,1480,859,82461,0,9737,10585,5526,2175,28023,37657,3242,Medium,0.33983337577764033,0.4566643625471435,0.03931555523217036,0.12836371133020458
EMP03229,Vikram Chopra,38,17,Finance,101614,5242,6097,3886,1936,84453,0,13803,26828,6915,5039,52585,15173,3339,Medium,0.6226540205794939,0.1796620605543912,0.03953678377322298,0.31766781523450915
EMP03230,Harsh Bagri,34,10,HR,47879,727,2873,1096,1367,41816,10079,6448,1304,2208,2156,22195,7775,2203,Medium,0.530777692749187,0.18593361392768318,0.05268318347044194,0.031184235699253875
EMP03231,Shreya Solanki,33,9,Product Management,153993,14132,9240,2749,996,126876,0,16468,0,21496,7351,45315,19745,10968,High,0.3571597465241653,0.15562438916737603,0.08644660928780856,0.0
EMP03232,Pallavi Solanki,52,38,Marketing,90000,4000,5400,1582,1182,77836,0,10831,17219,8157,7022,43229,3928,5835,Low,0.5553856827175087,0.050465080425510046,0.07496531168097025,0.22122154273087002
EMP03233,Namrata Sabharwal,40,10,Finance,93258,4326,5595,1371,1087,80879,19510,9882,4117,7668,3649,44826,14413,4751,Medium,0.5542353392104254,0.17820447829473657,0.058742071489509017,0.050903201078153784
EMP03234,Ayush Sabharwal,44,22,Data Science,153324,13998,9199,3893,1629,124605,28783,20262,0,8508,5409,62962,28488,5105,Medium,0.5052927250110348,0.2286264596123751,0.04096946350467477,0.0
EMP03235,Shreya Trisha Purohit,55,28,Operations,95000,4500,5700,1647,2027,81126,0,12927,26579,2726,2683,44915,22997,3169,Medium,0.553644947365826,0.28347262283361685,0.03906269260163203,0.3276261617730444
EMP03236,Aisha Parmar,45,15,IT,124467,8670,7468,3347,1892,103090,25457,16953,0,7407,6122,55939,18632,4300,Medium,0.5426229508196722,0.18073527985255602,0.041711126200407414,0.0
EMP03237,Rohit Chauhan,36,8,Data Science,114007,7101,6840,3682,1803,94581,23784,15549,11517,7208,4848,62906,11751,4197,Medium,0.665101870354511,0.12424271259555301,0.044374662987280745,0.12176864275065817
EMP03238,Nandini More,58,37,Operations,95000,4500,5700,1243,1014,82543,0,7799,28757,6556,3563,46675,8813,11898,Low,0.5654628496662346,0.10676859333922925,0.14414305271191985,0.34838811286238686
EMP03239,Saloni Pawar,53,30,Finance,130000,9500,7800,3819,1842,107039,0,13319,0,2448,2886,18653,60244,6809,High,0.174263586169527,0.5628228963275068,0.06361232821681817,0.0
EMP03240,Pooja Purohit,53,26,Cyber Security,179649,19912,10779,3672,930,144356,0,17716,41444,8229,4243,71632,23961,28639,Medium,0.4962176840588545,0.1659854803402699,0.19839147662722714,0.2870957909612347
EMP03241,Vidhi Sandhu,55,24,HR,70000,2000,4200,1922,1951,59927,0,6845,18067,3593,1750,30255,17044,2238,Medium,0.504864251505999,0.2844127021209138,0.037345436948287083,0.30148347155706107
EMP03242,Sumit Tiwari,43,15,Marketing,73998,2400,4440,1254,1723,64181,0,10388,17980,7694,6196,42258,2801,2683,Low,0.6584191583178822,0.04364219940480828,0.04180364905501628,0.2801452143157632
EMP03243,Abhishek Das,47,26,Cyber Security,178340,19585,10700,3465,2402,142188,0,14388,45697,9939,5506,75530,17359,29268,Medium,0.5311981320505247,0.1220848454159282,0.20584015528736602,0.32138436436267476
EMP03244,Ananya Dubey,39,12,IT,106708,6006,6402,2592,1595,90113,23502,12109,0,2514,3275,41400,30257,4360,Medium,0.4594231686882026,0.33576731437195523,0.04838369602610056,0.0
EMP03245,Mansi Gupta,29,3,HR,41665,417,2500,766,1573,36409,0,4213,11292,4964,3307,23776,1855,2047,Low,0.6530253508747837,0.05094894119585817,0.05622236260265319,0.3101430964871323
EMP03246,Sakshi Thomas,53,25,Data Science,168294,17074,10098,2975,1299,136848,0,16093,0,11803,6636,34532,40371,13895,High,0.25233836080907285,0.2950061381971238,0.10153601075645972,0.0
EMP03247,Simran Tayal,48,18,Finance,106975,6046,6418,2355,1348,90808,0,12183,24132,4151,1910,42376,33488,2760,Medium,0.46665492027134176,0.36877808122632366,0.030393797903268436,0.2657475112324905
EMP03248,Dhruv Chopra,32,7,IT,100306,5046,6018,2555,1695,84992,0,13484,14359,4689,4030,36562,13542,15804,High,0.4301816641566265,0.15933264307228914,0.1859469126506024,0.1689453125
EMP03249,Gaurav Yadav,27,5,IT,96027,4603,5762,1711,950,83001,0,9169,0,15308,6422,30899,6619,5108,Medium,0.372272623221407,0.07974602715629932,0.06154142721172034,0.0
EMP03250,Reema Khandelwal,48,27,Finance,130000,9500,7800,3248,1088,108364,26078,15861,6006,3083,5127,56155,32514,3724,High,0.5182071536672695,0.30004429515337194,0.0343656564910856,0.05542431065667565
EMP03251,Manish Neha Arora,23,2,Customer Support,35000,83,2100,980,1986,29851,0,3156,8895,2006,1823,15880,1318,199,Low,0.5319754782084353,0.044152624702690026,0.006666443335231651,0.297979967170279
EMP03252,Komal Maheshwari,37,11,Customer Support,45714,619,2743,1135,1174,40043,10078,7271,3847,3310,2361,26867,4788,2024,Medium,0.6709537247458982,0.11957146067976925,0.05054566341183228,0.09607172289788478
EMP03253,Anurag Bhardwaj,52,22,Operations,87880,3788,5273,1857,2291,74671,0,11871,0,2337,4007,18215,832,2132,Medium,0.24393673581443934,0.011142210496712244,0.028551914397825125,0.0
EMP03254,Anurag Chauhan,55,28,HR,70000,2000,4200,1708,1459,60633,15096,10170,2488,4631,3080,35465,12481,2303,Medium,0.5849125063909092,0.20584500189665694,0.037982616726864905,0.04103376049346066
EMP03255,Swati Porwal,60,31,IT,150000,13333,9000,3781,1442,122444,0,11835,22763,10055,5558,50211,27131,9213,Medium,0.4100731763091699,0.22157884420633106,0.07524255986410114,0.18590539348600177
EMP03256,Ritika Namrata Reddy,54,23,Sales,79812,2981,4789,2130,1157,68755,0,9944,16723,4385,3210,34262,14234,3315,Medium,0.49832012217293287,0.2070249436404625,0.04821467529634208,0.24322594720383972
EMP03257,Rohit Swain,42,23,Operations,88227,3823,5294,1244,1489,76377,0,11985,0,3399,4204,19588,689,496,Medium,0.25646464249708684,0.009021040365555075,0.006494101627453291,0.0
EMP03258,Nitin Kohli,47,18,HR,63234,1495,3794,1837,1665,54443,12916,9315,4865,3230,2662,32988,7944,2846,Medium,0.6059181161949194,0.14591407527138475,0.05227485627169701,0.0893595136197491
EMP03259,Khushi Neha Porwal,36,16,Finance,105293,5794,6318,3548,1914,87719,0,14335,0,5090,5710,25135,29237,6737,Medium,0.2865399742359124,0.333302933229973,0.07680206112700783,0.0
EMP03260,Ritika Pradhan,52,24,Product Management,204326,26298,12260,3571,1668,160529,0,15602,31208,9645,4610,61065,57848,9667,Medium,0.38039855727002597,0.3603585644961347,0.060219648786200626,0.19440724105924787
EMP03261,Khushi Parmar,33,10,IT,98435,4844,5906,1606,2168,83911,18837,10648,0,5463,3032,37980,18587,6142,Medium,0.4526224213750283,0.2215085030568102,0.07319660116075366,0.0
EMP03262,Harsh Rathore,50,25,IT,147537,12841,8852,3160,1823,120861,0,15034,26111,7582,6637,55364,19532,18951,Medium,0.4580799430751028,0.16160713546967176,0.15679996028495544,0.21604156841330124
EMP03263,Sakshi Narang,42,19,HR,64235,1545,3854,1298,1950,55588,10651,8947,1954,2255,1163,24970,18717,2088,High,0.44919766856156007,0.33670936173274807,0.037562063754767214,0.035151471540620274
EMP03264,Divya Parth Reddy,56,29,Operations,95000,4500,5700,1234,2116,81450,0,13248,5110,6078,5063,29499,20371,5873,Medium,0.3621731123388582,0.25010435850214857,0.07210558624923266,0.0627378759975445
EMP03265,Siddharth Yash Ahuja,52,30,Marketing,90000,4000,5400,1405,1725,77470,18885,11529,0,3354,3511,37279,23744,2956,High,0.4812056279850265,0.30649283593649157,0.038156705821608364,0.0
EMP03266,Ankit Shinde,48,15,IT,119426,7914,7166,2901,2002,99443,24909,15434,7165,7224,5872,60604,14350,5309,Medium,0.6094345504459842,0.14430377201009623,0.053387367637742225,0.07205132588518046
EMP03267,Yash Kohli,23,1,Marketing,53656,1016,3219,878,1474,47069,0,5451,4585,7130,3324,20490,5754,2898,Medium,0.43531836240413013,0.12224606428859759,0.06156918566360025,0.09741018504748349
EMP03268,Anjali Mishra,43,26,Cyber Security,171938,17984,10316,2791,1462,139385,0,18287,29823,8856,5993,62959,18269,26133,Medium,0.45169135846755387,0.13106862287907595,0.1874878932453277,0.21396133012878
EMP03269,Pooja Somani,40,15,Finance,106860,6029,6412,3800,1771,88848,0,12704,0,3297,3809,19810,45284,5647,High,0.22296506392940751,0.5096794525481722,0.06355798667386998,0.0
EMP03270,Palak Thomas,23,1,IT,80000,3000,4800,1405,1506,69289,14450,6078,0,5324,2527,28379,20637,4141,Medium,0.40957439131752515,0.2978394839007635,0.059764176131853544,0.0
EMP03271,Vivaan Aman Reddy,59,22,Sales,79932,2993,4796,1896,835,69412,0,7801,15410,5629,3262,32102,13262,5235,Medium,0.46248487293263413,0.19106206419639254,0.07541923586699706,0.222007722007722
EMP03272,Sneha Dubey,26,6,Customer Support,38779,272,2327,797,1005,34378,9320,5876,3617,2187,2221,23221,4381,1578,Medium,0.6754610506719414,0.1274361510268195,0.04590144860084938,0.10521263598813195
EMP03273,Siddharth Seth,35,12,Cyber Security,137612,10856,8257,3245,1350,113904,0,9261,0,6130,2435,17826,61846,5260,High,0.15650021070375053,0.5429660064615817,0.04617923865711476,0.0
EMP03274,Ankit Chopra,46,25,Sales,85000,3500,5100,1551,996,73853,0,12190,20657,10216,4662,47725,4013,4301,Low,0.6462161320460915,0.05433767077843825,0.058237309249455,0.2797042774159479
EMP03275,Komal Suri,35,6,Customer Support,39671,317,2380,1061,1289,34624,9760,4684,0,4694,2639,21777,1490,2077,Low,0.6289567929759704,0.04303373382624769,0.05998729205175601,0.0
EMP03276,Anurag Gill,56,35,Product Management,220000,31000,13200,2305,1532,171963,0,25133,38327,8018,9288,80766,18549,33527,Medium,0.4696708012770189,0.10786622703721149,0.19496635904235213,0.22287934032320905
EMP03277,Rohan Saxena,43,26,Operations,95000,4500,5700,1467,2497,80836,0,12939,0,9972,6019,28930,8083,7324,High,0.35788510069770896,0.09999257756445148,0.09060319659557622,0.0
EMP03278,Mohit D'Souza,60,24,Marketing,90000,4000,5400,1999,2164,76437,8837,12075,7918,11280,7553,47663,4735,3388,Low,0.6235592710336617,0.061946439551526095,0.044324083886076115,0.10358857621309052
EMP03279,Anurag Iyer,49,27,IT,147221,12778,8833,3289,1512,120809,0,21745,0,10111,7062,38918,38187,6855,High,0.32214487331241876,0.3160939996192337,0.05674246124047049,0.0
EMP03280,Tushar Vikram Naidu,38,8,Marketing,67328,1733,4040,1221,1144,59190,13926,8266,10479,1304,2047,36022,13703,1579,Medium,0.6085825308329109,0.23150870079405306,0.026676803514107113,0.17704004054738975
EMP03281,Megha Ahuja,58,29,Customer Support,60000,1333,3600,1435,1448,52184,0,8437,13681,1216,3007,26341,653,1079,Low,0.5047715774950177,0.012513414073279166,0.020676835811743063,0.26216848076038635
EMP03282,Shruti Parmar,33,12,Finance,98236,4824,5894,1948,933,84637,20348,10087,0,6521,3829,40785,21579,4484,High,0.48188144664862886,0.2549594149130995,0.05297919349693397,0.0
EMP03283,Rohan Sharma,45,21,Sales,81035,3104,4862,1772,811,70486,17463,12285,2572,1693,4046,38059,1889,147,Medium,0.5399511959821809,0.02679964815708084,0.0020855205288993557,0.036489515648497575
EMP03284,Kunal Jindal,52,24,Customer Support,60000,1333,3600,1813,1806,51448,0,9133,14030,6703,3492,33358,4010,2304,Low,0.6483828331519204,0.07794277717306795,0.04478308194682009,0.2727025345980407
EMP03285,Sai Bansal,33,12,IT,111057,6659,6663,2871,1497,93367,0,8479,27797,9596,5201,51073,11871,16719,Medium,0.5470133987383122,0.12714342326517936,0.17906755063352148,0.29771760900532307
EMP03286,Sneha Singh,44,19,Operations,81998,3200,4920,2135,1197,70546,19871,10740,0,4238,4454,39303,14402,2835,Medium,0.5571258469651008,0.20415048337255123,0.04018654494939472,0.0
EMP03287,Rashmi Arjun Mundra,25,3,Sales,46198,643,2772,1129,2319,39335,13679,5252,2415,6875,2874,31095,1770,785,Low,0.7905173509597051,0.04499809330113131,0.019956781492309648,0.061395703571882544
EMP03288,Shivam Jain,24,3,Data Science,103209,5481,6193,3487,1761,86287,19530,6709,0,5231,2787,34257,29837,4239,Medium,0.39701229617439476,0.34578789388899833,0.04912675142257814,0.0
EMP03289,Shreya Kulkarni,53,23,IT,128928,9339,7736,2210,1505,108138,32878,16530,12727,11314,9745,83194,3347,4191,Low,0.7693317797628956,0.03095119199541327,0.038756033956610994,0.11769220810445911
EMP03290,Kartik Jadhav,45,22,Sales,82265,3226,4936,1678,1774,70651,0,12860,8112,4062,4611,29645,19156,5103,Medium,0.41959774100861985,0.2711355819450539,0.07222827702367977,0.11481790774369789
EMP03291,Akash Dubey,42,25,Operations,93069,4307,5584,2006,1043,80129,0,12676,26848,4483,3495,47502,12236,3230,Medium,0.592819079234734,0.15270376517864942,0.04031000012479876,0.3350597162076152
EMP03292,Megha Ghosh,24,0,Marketing,50000,833,3000,1110,1605,43452,0,4831,2771,2134,2603,12339,3049,774,Medium,0.2839685169842585,0.07016938230691337,0.017812758906379452,0.06377151799687011
EMP03293,Siddharth Bansal,22,3,Sales,49870,827,2992,1070,1369,43612,14446,4626,0,7266,3251,29589,3275,1686,Low,0.678460056865083,0.07509401082270935,0.03865908465559938,0.0
EMP03294,Mansi More,47,24,Cyber Security,170013,17503,10201,3732,1806,136771,31182,22443,0,8576,8688,70889,21333,26500,High,0.518304318898012,0.15597604755394054,0.19375452398534776,0.0
EMP03295,Ashish Vikram Chauhan,50,23,Product Management,197580,24395,11855,3792,2413,155125,0,25148,0,3867,6433,35448,3596,4179,Medium,0.22851248992747783,0.02318130539887188,0.026939564867042708,0.0
EMP03296,Nikhil Malhotra,56,33,IT,150000,13333,9000,3532,1800,122335,32727,16793,0,7433,5956,62909,25930,6938,Medium,0.5142355008787346,0.21195896513671475,0.05671312379940328,0.0
EMP03297,Komal Jain,34,7,Operations,64563,1561,3874,1583,1724,55821,3406,9167,0,1295,3869,17737,1672,1301,Medium,0.31774780100678957,0.029952885114920908,0.023306640869923505,0.0
EMP03298,Komal Singh,54,25,IT,142841,11902,8570,2558,2551,117260,27992,18793,0,5502,4305,56592,24110,7518,Medium,0.48261981920518504,0.2056114617090227,0.06411393484564216,0.0
EMP03299,Tarun Yadav,57,27,Finance,130000,9500,7800,2972,954,108774,0,15656,36109,6834,5877,64476,16121,6569,Low,0.5927519443984776,0.14820637284645227,0.060391269972603745,0.3319635206942836
EMP03300,Kartik Mishra,59,23,Marketing,89184,3918,5351,1712,1987,76216,0,11574,0,2749,3591,17914,4791,1402,Medium,0.23504251075889576,0.06286081662643014,0.01839508764563871,0.0
EMP03301,Kartik Yadav,27,6,Sales,53442,1005,3207,893,1905,46432,14712,6911,3395,5134,4730,34882,2426,1755,Low,0.7512491385251551,0.05224844934527912,0.037797208821502414,0.07311767746381806
EMP03302,Saurabh Tiwari,47,23,Customer Support,60000,1333,3600,1810,2016,51241,0,6646,11738,2326,2177,22887,5966,10908,Medium,0.4466540465642747,0.11643020237700279,0.2128764075642552,0.22907437403641615
EMP03303,Mohit Mukherjee,47,24,Finance,119321,7898,7159,3076,1863,99325,0,15510,18979,2795,2333,39617,40897,4642,Medium,0.3988623206644853,0.4117493078278379,0.046735464384596026,0.19107978857286684
EMP03304,Komal Gill,58,29,IT,148346,13003,8901,3561,1809,121072,26976,19381,0,7849,5476,59682,30188,6282,Medium,0.4929463459759482,0.2493392361569975,0.051886480771772166,0.0
EMP03305,Ashish Bagri,49,24,HR,70000,2000,4200,1303,2003,60494,0,7794,16206,5210,3995,33205,12231,3434,Medium,0.5488974113135187,0.20218534069494495,0.056765960260521706,0.26789433662842593
EMP03306,Ishita Gill,52,30,Sales,85000,3500,5100,1504,1892,73004,0,10856,19329,12457,6788,49430,4194,2400,Low,0.6770861870582434,0.05744890690921045,0.032874910963782804,0.26476631417456575
EMP03307,Ritika Divya Parmar,46,18,Operations,83277,3328,4997,1722,1729,71501,15632,7914,0,4187,1879,29612,29281,1912,Medium,0.4141480538733724,0.40951874798953863,0.02674088474287073,0.0
EMP03308,Rahul Tanvi Somani,34,5,Marketing,56626,1165,3398,1023,936,50104,0,8326,12593,3929,3107,27955,9413,2896,Low,0.5579394858693917,0.18786923199744532,0.0577997764649529,0.25133721858534247
EMP03309,Abhishek Sharma,43,22,Operations,92286,4229,5537,1238,1129,80153,14726,8844,4869,1461,2274,32174,29134,3731,High,0.4014073085224508,0.36347984479682605,0.046548476039574314,0.06074632265791673
EMP03310,Ankit Dhruv Rajput,24,0,Operations,51567,912,3094,814,1818,44929,0,3483,0,3015,1890,8388,22979,3184,High,0.18669456253199493,0.5114514010995126,0.07086736851476774,0.0
EMP03311,Sai Rathore,31,7,IT,98852,4885,5931,1226,1588,85222,6440,12632,0,2837,3679,25588,32229,6375,High,0.300251108868602,0.37817699655018655,0.07480462791298022,0.0
EMP03312,Rohan Bohra,51,37,Cyber Security,180000,20000,10800,2439,2066,144695,0,23915,41934,4934,6409,77192,41481,4485,Medium,0.533480769895297,0.28667887625695426,0.030996233456581083,0.2898095995024016
EMP03313,Aman Roy,28,5,Marketing,61720,1419,3703,1609,1433,53556,8983,6395,0,991,1381,17750,18020,2835,High,0.33142878482336247,0.33647023676152066,0.05293524535066099,0.0
EMP03314,Rahul Reddy,51,32,Sales,85000,3500,5100,1916,1001,73483,0,11229,13585,4467,4254,33535,17700,4926,Medium,0.4563640569927738,0.24087203843065744,0.06703591306832873,0.18487269164296505
EMP03315,Abhishek Kohli,45,28,Sales,85000,3500,5100,2092,1826,72482,0,11649,0,5103,3754,20506,23334,7045,High,0.28291161943654974,0.32192820286415935,0.09719654534919014,0.0
EMP03316,Siddharth Porwal,59,32,Sales,85000,3500,5100,1860,2113,72427,0,8182,21614,2334,2333,34463,23971,2573,Medium,0.47583083656647385,0.3309677330277383,0.03552542560094992,0.29842462065251907
EMP03317,Ananya Lodha,56,38,Data Science,170000,17500,10200,2360,1503,138437,31312,18374,0,7693,6122,63501,24691,23016,High,0.4586996251002261,0.1783554974464919,0.16625613094765126,0.0
EMP03318,Namrata Karan Maheshwari,32,7,Data Science,111515,6727,6691,3621,2046,92430,7391,11257,0,8662,5335,32645,25583,6677,High,0.35318619495834686,0.27678242994698693,0.07223845071946337,0.0
EMP03319,Kavya Rohit Jain,55,23,HR,63936,1530,3836,1311,2172,55087,0,8554,16228,1448,3118,29348,437,487,Low,0.5327572748561367,0.007932906130302975,0.0088405612939532,0.29458855991431737
EMP03320,Tanvi Daga,55,32,Marketing,90000,4000,5400,1275,1548,77777,0,13039,0,3003,2603,18645,37758,3851,High,0.23972382580968668,0.4854648546485465,0.04951335227637991,0.0
EMP03321,Dev Menon,28,2,Finance,78509,2851,4711,1965,731,68251,0,6891,0,4161,3183,14235,32018,3680,Medium,0.20856837262457692,0.4691213315555816,0.05391862390294648,0.0
EMP03322,Sakshi Wadhwa,41,27,Operations,95000,4500,5700,1634,1171,81995,0,13055,22347,6258,3553,45213,17024,4207,Medium,0.5514116714433807,0.20762241600097567,0.051308006585767424,0.2725410085980852
EMP03323,Neha Diya Agarwal,51,27,Operations,95000,4500,5700,1771,1149,81880,0,9421,26552,6389,5625,47987,926,414,Low,0.5860649731314118,0.01130923302393747,0.0050561797752808986,0.32427943331704934
EMP03324,Manish Dhruv Chopra,37,9,HR,51863,926,3112,1062,1847,44916,3849,5844,0,1985,1886,13564,18828,2491,High,0.30198592929023066,0.4191824739513759,0.05545907917000623,0.0
EMP03325,Sonia Vihaan Bajaj,38,11,Operations,72757,2276,4365,1217,942,63957,0,9606,0,2654,3489,15749,945,1970,Medium,0.24624356989852558,0.014775552324217834,0.03080194505683506,0.0
EMP03326,Rashmi Rawat,60,27,Operations,95000,4500,5700,1914,2022,80864,20139,12441,5300,3691,4637,46208,111,247,Low,0.5714285714285714,0.0013726751088246932,0.0030545112781954886,0.06554214483577364
EMP03327,Rahul Chaudhary,35,11,Marketing,67562,1756,4054,1413,1822,58517,17383,9803,0,3108,2936,33230,1063,832,Medium,0.5678691662251996,0.018165661260830187,0.014218090469436232,0.0
EMP03328,Yuvraj Sharma,50,28,Sales,85000,3500,5100,1497,819,74084,0,8821,21040,13152,6753,49766,2753,3336,Low,0.6717509853679607,0.037160520490254305,0.04502996598455807,0.2840019437395389
EMP03329,Rahul D'Souza,59,38,Finance,130000,9500,7800,2911,1210,108579,6495,18124,6042,7189,7119,44969,26036,8287,Medium,0.4141592757347185,0.23978854106226802,0.07632230910212841,0.05564611941535656
EMP03330,Sumit Tarun Lakhotia,43,15,Finance,98288,4829,5897,1544,1285,84733,0,12368,20443,3611,3919,40341,26194,4240,Medium,0.47609549998229733,0.3091357558448302,0.05003953595411469,0.24126373431838835
EMP03331,Vivaan Tayal,45,28,Marketing,90000,4000,5400,1420,1516,77664,21877,11584,14009,11308,6672,65450,2507,1899,Low,0.8427327976926247,0.03228007828594973,0.024451483312731767,0.18037958384837247
EMP03332,Mansi Bohra,42,22,Sales,80177,3018,4811,2150,1215,68983,0,8346,5114,2256,2228,17944,27564,3612,High,0.26012205905802877,0.39957670730469824,0.0523607265558181,0.07413420697853094
EMP03333,Divya Mundra,55,35,HR,70000,2000,4200,1573,1399,60828,0,10268,20214,4118,2643,37243,9194,2735,Low,0.612267376865917,0.15114749786282633,0.044962846057736566,0.3323140658907082
EMP03334,Preeti Nikita Kohli,57,33,Finance,130000,9500,7800,2701,2013,107986,0,15270,19510,5744,6742,47266,28278,5283,Medium,0.437704887670624,0.26186727909173413,0.04892300853814383,0.18067156853666216
EMP03335,Atharv Mehta,53,30,HR,70000,2000,4200,2144,1762,59894,6070,7475,7009,3483,3516,27553,2850,1270,Low,0.46002938524727016,0.04758406518182122,0.021204127291548403,0.11702340802083681
EMP03336,Yash Sanya Saini,36,16,IT,117758,7664,7065,2990,1666,98373,0,12186,20524,3746,3350,39806,38622,3901,Medium,0.4046435505677371,0.3926077277301699,0.039655189940329155,0.20863448303904528
EMP03337,Bhavna Kulkarni,34,5,Cyber Security,113746,7062,6825,3232,1927,94700,0,13341,0,9244,6761,29346,9877,7463,Medium,0.30988384371700106,0.10429778247096093,0.07880675818373813,0.0
EMP03338,Ankit Nair,29,5,HR,45679,617,2741,1157,1842,39322,2956,5074,0,6059,4126,18215,4251,2532,Medium,0.4632266924368038,0.1081074207822593,0.06439143482020243,0.0
EMP03339,Hemant Pradhan,60,28,Sales,85000,3500,5100,1601,2393,72406,21261,9671,0,11544,4453,46929,2653,3839,Low,0.6481368947324807,0.036640609894207664,0.05302046791702345,0.0
EMP03340,Neha Shruti Tomar,47,20,Product Management,195324,23831,11719,2486,1625,155663,31717,19916,21100,9064,5028,86825,15545,30032,Medium,0.5577754508136166,0.09986316594181019,0.19292959791344122,0.13554923135234448
EMP03341,Kunal Ghosh,22,3,Cyber Security,102840,5426,6170,3269,1980,85995,27437,10103,0,16387,6572,60499,2859,2946,Low,0.7035176463747892,0.03324611896040468,0.03425780568637712,0.0
EMP03342,Karan Mishra,36,10,Marketing,69332,1933,4160,2111,1492,59636,0,9230,11777,8988,4151,34146,3695,4121,Low,0.5725736132537393,0.061959219263532095,0.06910255550338722,0.19748138708162855
EMP03343,Vivek Shetty,56,26,Operations,90124,4012,5407,1646,1569,77490,0,11898,20865,3581,3150,39494,75,933,Low,0.5096657633242999,0.0009678668215253581,0.012040263259775455,0.2692605497483546
EMP03344,Aisha Malhotra,47,17,Cyber Security,154796,14293,9288,3495,1163,126557,0,18569,0,9557,8309,36435,38220,12072,High,0.28789399243028835,0.3019983090623197,0.09538784895343601,0.0
EMP03345,Sai Chatterjee,47,25,Sales,82528,3253,4952,2019,2020,70284,20553,8287,0,10702,5583,45125,3348,2435,Medium,0.642038017187411,0.04763530817824825,0.03464515394684423,0.0
EMP03346,Pooja Tiwari,37,17,Marketing,81935,3194,4916,1392,2044,70389,0,11063,13283,1809,2723,28878,23901,3084,Medium,0.41026296722499256,0.33955589651792184,0.04381366406682862,0.18870846297006635
EMP03347,Kavya Mohanty,42,23,Sales,81187,3119,4871,1733,1883,69581,19669,13555,9367,5645,3566,51802,7872,2225,Low,0.7444848450007905,0.11313433264828042,0.031977120190856696,0.1346200830686538
EMP03348,Saloni Bohra,42,26,Sales,85000,3500,5100,1747,2036,72617,6190,11130,0,5397,4707,27424,21641,4930,High,0.3776526157786744,0.29801561617802996,0.06789043887794868,0.0
EMP03349,Nisha Nair,30,2,Operations,50307,849,3018,919,2097,43424,10271,7112,0,3128,2882,23393,8430,2401,Medium,0.5387113117170228,0.1941322770817981,0.055292004421518055,0.0
EMP03350,Prachi Jadhav,37,8,IT,100513,5077,6031,2294,1392,85719,0,13709,0,5874,4282,23865,23300,5863,High,0.2784096874671893,0.2718183833222506,0.06839790478190366,0.0
EMP03351,Lokesh Jain,26,3,HR,42509,459,2551,1068,1841,36590,9237,6431,2367,1933,2362,22330,6047,1787,Medium,0.610276031702651,0.16526373326045368,0.04883848045914184,0.064689805957912
EMP03352,Bhavna Agarwal,59,26,Cyber Security,175450,18862,10527,3286,1034,141741,0,18286,36933,8811,4264,68294,21799,20850,Medium,0.48182247902865083,0.1537945971878285,0.1470992867271996,0.26056680847461217
EMP03353,Rishabh Ahuja,39,15,Data Science,132982,9947,7979,2301,1910,110845,0,13456,35798,18682,10039,77975,6212,3758,Low,0.70345978618792,0.0560422211195814,0.033903198159592224,0.3229554783706978
EMP03354,Dhruv Somani,56,35,HR,70000,2000,4200,1265,1517,61018,12499,8983,0,2838,2123,26443,17577,4236,High,0.43336392539906254,0.28806253892294076,0.0694221377298502,0.0
EMP03355,Aakash Jain,47,20,Operations,84237,3424,5054,1448,1515,72796,6808,11578,0,4803,4684,27873,21106,3591,High,0.3828919171383043,0.2899335128303753,0.049329633496345955,0.0
EMP03356,Vihaan Wadhwa,46,23,Operations,90429,4043,5426,1337,1751,77872,19045,10915,0,4260,4116,38336,18478,3584,Medium,0.4922950482843641,0.23728682966920073,0.046024244914731866,0.0
EMP03357,Harsh Dubey,48,18,Operations,88196,3820,5292,1465,2134,75485,0,10679,19975,1796,4029,36479,3878,766,Low,0.4832615751473803,0.05137444525402398,0.010147711465854144,0.2646221103530503
EMP03358,Namrata Menon,50,26,Operations,90534,4053,5432,1828,2196,77025,0,11831,25394,3083,3847,44155,22762,1786,Medium,0.5732554365465757,0.2955144433625446,0.023187276858162933,0.3296851671535216
EMP03359,Nitin Bhardwaj,27,2,Finance,74879,2488,4493,1331,1887,64680,0,10919,0,3400,3409,17728,10225,18057,High,0.2740878169449598,0.15808596165739022,0.2791743970315399,0.0
EMP03360,Ananya More,43,21,Operations,87883,3788,5273,1469,1981,75372,18259,12763,0,3056,3258,37336,1904,1133,Medium,0.49535636575916786,0.025261370270126836,0.015032107413893754,0.0
EMP03361,Siddharth Ritika Sandhu,52,22,IT,134155,10164,8049,3342,949,111651,19582,16458,0,5186,2675,43901,34327,5762,High,0.3931984487375841,0.3074491047997779,0.051607240418805024,0.0
EMP03362,Ritika Soni,58,26,IT,146290,12591,8777,3696,1524,119702,14134,18729,15610,6137,5184,59794,25846,6209,Medium,0.4995238174800755,0.21591953350821205,0.05187047835458054,0.1304071778249319
EMP03363,Atharv Rawat,29,3,Cyber Security,98503,4850,5910,1694,2327,83722,19821,8980,4409,5651,1861,40722,28930,2349,High,0.4863954516136738,0.3455483624375911,0.028057141492080936,0.05266238264733284
EMP03364,Muskan Sanya Mohanty,51,34,Sales,85000,3500,5100,1247,1610,73543,0,12643,0,5517,4317,22477,19138,6961,High,0.3056307194430469,0.26022870973444107,0.09465210829038793,0.0
EMP03365,Ashish Chaudhary,53,27,Operations,95000,4500,5700,1496,1785,81519,27355,8340,0,16669,6064,58428,3322,2259,Low,0.7167408824936518,0.040751235908193184,0.027711331100724983,0.0
EMP03366,Prateek Saurabh Iyer,43,24,Customer Support,60000,1333,3600,2110,2089,50868,0,8552,13058,1553,2046,25209,14517,1803,Medium,0.49557678697806085,0.28538570417551307,0.035444680349138946,0.25670362506880556
EMP03367,Ishaan More,30,3,HR,41853,426,2511,716,1501,36699,9033,5182,1367,1738,1745,19065,6563,1822,Medium,0.5194964440447969,0.1788332107141884,0.049647129349573556,0.037248971361617485
EMP03368,Nisha Mundra,48,25,Sales,83046,3305,4983,1860,1256,71642,17325,11863,0,4868,3473,37529,12154,5076,Medium,0.5238407637977722,0.1696490885234918,0.07085229334747774,0.0
EMP03369,Ankit Sabharwal,32,7,IT,101711,5257,6103,3340,2419,84592,24589,10863,0,8585,5359,49396,16387,4682,Medium,0.583932286741063,0.19371808208814073,0.055348023453754495,0.0
EMP03370,Ayaan Chaudhary,25,0,IT,80628,3063,4838,1262,1014,70451,14890,7685,5492,4953,2361,35381,21124,2558,Medium,0.5022072078465885,0.299839604831727,0.0363089239329463,0.07795489063320606
EMP03371,Ishita Pandey,40,9,HR,47162,691,2830,1108,1201,41332,0,7883,9000,2890,2560,22333,9360,1532,Medium,0.5403319461918127,0.22645891802961385,0.037065711797154746,0.21774895964385949
EMP03372,Payal Srivastava,33,5,Finance,81547,3155,4893,1680,1908,69911,4545,6475,3115,5516,2297,21948,26975,3529,Medium,0.31394201198666877,0.38584772067342765,0.050478465477535726,0.04455665059861824
EMP03373,Varun Agarwal,38,16,Cyber Security,137098,10753,8226,3727,1063,113329,9168,14579,0,7182,4924,35853,29955,7891,High,0.3163620961977958,0.2643189298414351,0.06962913287861007,0.0
EMP03374,Garima Verma,35,10,IT,107255,6088,6435,2651,2198,89883,22545,8028,14567,7431,3834,56405,21017,2009,Medium,0.6275380216503677,0.23382619627738283,0.022351278884772428,0.1620662416697262
EMP03375,Namrata Solanki,27,7,Cyber Security,118915,7837,7135,2867,2138,98938,7341,14201,0,2231,3780,27553,41216,5437,High,0.2784875376498413,0.4165841233904061,0.054953607309628255,0.0
EMP03376,Ananya Shukla,28,5,IT,93982,4398,5639,2075,1406,80464,17705,7881,4516,4396,1983,36481,27206,3988,Medium,0.45338287930005966,0.3381139391529131,0.049562537283754225,0.05612447802744084
EMP03377,Sumit Maheshwari,39,8,Finance,89219,3922,5353,1343,1300,77301,20015,9665,0,7904,3481,41065,11804,10236,High,0.5312350422374872,0.15270177617365882,0.1324174331509295,0.0
EMP03378,Parth Khandelwal,41,19,Operations,90077,4008,5405,1720,2406,76538,0,13357,16353,5372,4459,39541,16015,4416,Medium,0.5166191956936423,0.20924246779377564,0.05769683033264522,0.21365857482557685
EMP03379,Nikita Mishra,55,32,Operations,95000,4500,5700,1259,1864,81677,0,14956,18137,4556,4251,41900,17526,4083,Medium,0.512996314752011,0.2145769310821896,0.04998959315351935,0.2220576171994564
EMP03380,Harsh Jain,34,6,Data Science,110490,6574,6629,3190,1428,92669,19407,9912,8608,6523,4080,48530,28901,3644,High,0.5236918494858043,0.3118734420356322,0.03932275086598539,0.09288974738046164
EMP03381,Varun Shinde,28,4,Finance,76887,2689,4613,2142,1884,65559,0,9291,0,7690,3098,20079,18809,5437,High,0.3062737381595204,0.2869018746472643,0.08293293064262725,0.0
EMP03382,Swati Chatterjee,43,17,Finance,108655,6298,6519,3938,1242,90658,8550,12475,0,3784,2131,26940,36972,4322,Medium,0.2971607580136337,0.40781839440534756,0.04767367468949238,0.0
EMP03383,Sumit Menon,40,15,IT,120436,8065,7226,2707,1370,101068,26560,14017,0,9631,4250,54458,17696,6705,Medium,0.5388253453120672,0.17509003838999485,0.06634147306763763,0.0
EMP03384,Ananya Wadhwa,22,3,Data Science,101749,5262,6105,2333,2364,85685,0,12146,5291,8452,4661,30550,27495,5782,Medium,0.3565384839820272,0.32088463558382446,0.06747972223843146,0.06174943105561067
EMP03385,Tarun Shukla,28,4,IT,85805,3580,5148,1822,1437,73818,0,10241,16786,6557,3177,36761,13882,3511,Medium,0.4979950689533718,0.1880571134411661,0.047562925031835054,0.22739711181554634
EMP03386,Nikita Porwal,23,2,Marketing,57247,1196,3435,1085,1424,50107,0,6556,0,3352,3603,13511,843,156,Medium,0.2696429640569182,0.016823996647175047,0.0031133374578402218,0.0
EMP03387,Aisha Jadhav,59,34,Data Science,170000,17500,10200,2761,939,138600,0,18408,27563,8362,7257,61590,28413,11010,Medium,0.44437229437229436,0.205,0.07943722943722943,0.19886724386724386
EMP03388,Vivek Lakhotia,22,0,Marketing,50000,833,3000,871,1547,43749,15180,4803,1385,8180,4383,33931,2308,815,Low,0.7755834419072436,0.05275549155409266,0.018628997234222497,0.03165786646551921
EMP03389,Siddharth Wadhwa,38,18,Cyber Security,153749,14083,9225,2491,1978,125972,31728,18820,0,6623,8585,65756,30043,7420,Medium,0.5219890134315562,0.23848950560442003,0.05890197821738164,0.0
EMP03390,Aman Suri,22,1,Cyber Security,101316,5197,6079,3373,1924,84743,0,9259,8466,5931,3446,27102,35833,3811,Medium,0.31981402593724556,0.42284318468782084,0.04497126606327366,0.09990205680705191
EMP03391,Parth Naidu,52,32,Sales,85000,3500,5100,1386,1423,73591,19617,10457,7154,7712,6425,51365,3379,3272,Medium,0.6979793724776128,0.045915940807979234,0.04446195866342351,0.09721297441263198
EMP03392,Nikhil Shinde,40,9,Cyber Security,123309,8496,7399,2362,1469,103583,37011,16595,10787,11799,8107,84299,3470,1807,Low,0.8138304548043598,0.03349970555013854,0.017444947530000098,0.10413871001998397
EMP03393,Yash Pillai,27,3,HR,41368,402,2482,881,990,36613,0,3666,9141,1957,1427,16191,920,913,Low,0.4422199765110753,0.02512768688717122,0.024936497965203617,0.24966541938655668
EMP03394,Neha Mundra,33,5,Sales,48932,780,2936,939,2175,42102,14366,6450,0,6421,2809,30046,2793,973,Low,0.7136478077050972,0.06633889126407297,0.023110541066932687,0.0
EMP03395,Vikram Shivam Goel,48,17,Sales,67022,1702,4021,2039,1585,57675,0,7740,17427,1410,3534,30111,796,27,Low,0.5220806241872562,0.013801473775465973,0.00046814044213263977,0.3021586475942783
EMP03396,Tushar Joshi,23,0,Data Science,90000,4000,5400,1501,1250,77849,0,10470,2722,5938,5034,24164,1580,1194,Medium,0.3103957661626996,0.020295700651260774,0.015337383909876812,0.034965124792868243
EMP03397,Diya Shinde,47,24,IT,147770,12887,8866,3978,1033,121006,0,19531,41156,18557,8889,88133,3565,3593,Low,0.7283357850023966,0.02946134902401534,0.029692742508635937,0.3401153661801894
EMP03398,Sneha Goel,27,7,Operations,64215,1544,3853,2063,1203,55552,16486,6521,0,9640,4368,37015,2762,1759,Medium,0.6663126440092166,0.04971918202764977,0.031664026497695855,0.0
EMP03399,Ishita Srivastava,23,0,Customer Support,37976,232,2279,913,1708,32844,7058,3459,1630,3264,1842,17253,5998,1503,Medium,0.5253014249177932,0.18262087443673122,0.04576178297405919,0.04962854707100232
EMP03400,Aarav Thomas,59,25,Sales,79888,2989,4793,1731,1336,69039,21466,12448,3631,12225,5605,55375,2872,1417,Low,0.8020828806906242,0.04159967554570605,0.020524631005663464,0.052593461666594246
EMP03401,Shreya Bohra,45,27,Operations,95000,4500,5700,1605,2198,80997,0,14858,5322,4429,5809,30418,19144,7201,Medium,0.3755447732632073,0.23635443288023014,0.08890452732817265,0.06570613726434313
EMP03402,Ishita Bansal,56,36,Customer Support,60000,1333,3600,2195,1543,51329,0,8984,15101,3382,2695,30162,9205,2845,Low,0.5876210329443394,0.17933332034522395,0.055426756804145806,0.29420015975374547
EMP03403,Tarun Preeti Bose,59,26,Finance,124048,8607,7443,2463,1652,103883,0,16699,21067,2536,7501,47803,4055,2133,Low,0.4601619129212672,0.03903429820086058,0.020532714688640104,0.2027954525764562
EMP03404,Simran Swain,48,20,IT,134584,10250,8075,2250,1438,112571,27683,19239,11457,6175,4969,69523,15184,4807,Low,0.617592452763145,0.1348837622478258,0.04270193922058079,0.10177576818185856
EMP03405,Tarun Karan Pillai,56,32,Sales,85000,3500,5100,1302,1067,74031,0,10758,14338,2680,1666,29442,25845,4570,Medium,0.397698261539085,0.3491105077602626,0.06173089651632424,0.19367562237441072
EMP03406,Ravi Anurag Purohit,39,10,Product Management,153774,14088,9226,3931,1967,124562,29880,18231,0,8392,6238,62741,19753,23173,High,0.5036929400619772,0.1585796631396413,0.1860358696873846,0.0
EMP03407,Mohit Rawat,55,38,Sales,85000,3500,5100,1433,2102,72865,19938,10106,4886,2682,5024,42636,2751,674,Medium,0.5851368970013038,0.037754751938516434,0.009249982844987304,0.06705551362108007
EMP03408,Vivek Kunal Maheshwari,34,10,Marketing,65954,1631,3957,2109,2225,56032,12851,7961,0,2797,1727,25336,10042,9535,High,0.452170188463735,0.17921901770416904,0.1701706167904055,0.0
EMP03409,Sneha Vikram Saini,37,12,Sales,66355,1651,3981,2095,1430,57198,0,7632,12029,2698,2389,24748,14158,4498,Medium,0.4326724710654219,0.24752613727752718,0.07863911325570824,0.21030455610336027
EMP03410,Sai Khanna,50,19,Sales,72547,2255,4353,1555,1236,63148,17089,9330,2007,3421,4621,36468,11169,3122,Medium,0.5775004750744284,0.17687020966618103,0.04943941217457402,0.0317824792550833
EMP03411,Trisha Shetty,35,5,HR,45887,628,2753,971,1913,39622,9070,6557,6899,2014,2013,26553,7994,1034,Medium,0.6701579930341729,0.20175659986875977,0.02609661299278179,0.17412043814042705
EMP03412,Muskan Tiwari,34,11,Sales,62857,1476,3771,1225,1133,55252,0,7696,11896,3319,3460,26371,11716,3274,Medium,0.4772858901035257,0.2120466227466879,0.059255773546658945,0.2153044233692898
EMP03413,Tanvi Rajput,55,38,Customer Support,60000,1333,3600,1652,1088,52327,0,7557,14175,3615,2255,27602,10273,3158,Medium,0.5274905880329467,0.19632312190647275,0.06035125269937126,0.2708926557991094
EMP03414,Siddharth Riya D'Souza,58,25,Marketing,87732,3773,5264,1765,1163,75767,17244,13020,0,6035,3570,39869,14396,5268,Medium,0.5262053400556971,0.19000356355669354,0.06952895059854554,0.0
EMP03415,Anjali Singh,59,23,IT,135505,10434,8130,3077,2122,111742,0,11373,22226,7270,2836,43705,34744,7235,Medium,0.3911241968105099,0.31093053641423996,0.06474736446457018,0.19890461957008107
EMP03416,Neha Behera,52,31,Finance,130000,9500,7800,3894,1432,107374,0,13242,0,2166,2480,17888,55789,6313,Medium,0.16659526514798742,0.5195764337735392,0.05879449401158567,0.0
EMP03417,Deepak Vivek Nagpal,56,28,IT,149382,13210,8963,2280,1772,123157,0,20010,39088,6643,6960,72701,22579,6823,Medium,0.5903115535454745,0.18333509260537362,0.055400829835088546,0.3173835023587778
EMP03418,Priya Mishra,26,5,Data Science,103091,5464,6185,2446,1571,87425,5007,10290,6305,2267,3832,27701,30791,4919,Medium,0.31685444666857304,0.3521990277380612,0.05626537031741493,0.07211895910780669
EMP03419,Aditya Sonia Nagpal,40,16,IT,117919,7688,7075,3880,2076,97200,0,16712,29250,7038,6438,59438,13853,3974,Low,0.6115020576131687,0.14252057613168725,0.040884773662551444,0.30092592592592593
EMP03420,Payal Yadav,57,33,Operations,95000,4500,5700,1346,1914,81540,0,12496,22663,5244,3633,44036,14533,5152,Medium,0.5400539612460142,0.17823154280107922,0.06318371351483934,0.27793720873191075
EMP03421,Payal Khurana,22,1,Finance,74038,2404,4442,2000,1766,63426,5957,6652,4110,5018,3662,25399,13004,13935,High,0.40045091918140824,0.20502632989625705,0.21970485289944186,0.06479992432125627
EMP03422,Pankaj Sneha Mittal,60,26,IT,149664,13266,8980,3319,1102,122997,0,15435,39019,4135,2468,61057,40678,4300,Medium,0.4964104815564607,0.33072351358163204,0.034960202281356455,0.3172353797247087
EMP03423,Yuvraj Khandelwal,26,7,IT,96276,4628,5777,1372,1008,83491,18489,11132,13460,3129,4117,50327,19941,3174,Medium,0.6027835335545149,0.23884011450335965,0.038016073588770044,0.16121498125546466
EMP03424,Vivaan Nitin Wadhwa,48,24,Customer Support,60000,1333,3600,1307,1858,51902,0,7774,0,2744,3283,13801,15145,4523,High,0.26590497476012487,0.29179993063851106,0.08714500404608685,0.0
EMP03425,Karan Joshi,58,33,IT,150000,13333,9000,2902,2351,122414,35281,16072,0,19148,10340,80841,9232,5507,Low,0.6603901514532652,0.07541621056415115,0.04498668452954727,0.0
EMP03426,Krishna Mehta,34,9,IT,105687,5853,6341,3224,1566,88703,17520,8538,0,6273,2191,34522,35849,3419,High,0.3891863860297848,0.4041464212033415,0.038544355884242924,0.0
EMP03427,Yash Aarav Somani,44,28,Finance,130000,9500,7800,3973,1435,107292,0,15770,0,2876,3204,21850,52919,5397,Medium,0.2036498527383216,0.4932240987212467,0.05030197964433509,0.0
EMP03428,Shivam Suri,36,13,Cyber Security,132628,9894,7958,3083,1922,109771,0,13813,34418,6601,5615,60447,16832,16864,Medium,0.5506645653223529,0.15333740241047272,0.1536289183846371,0.313543649962194
EMP03429,Pooja Pandey,46,25,HR,70000,2000,4200,1719,1602,60479,0,9118,0,1463,2825,13406,50,356,Medium,0.22166371798475504,0.0008267332462507647,0.0058863407133054445,0.0
EMP03430,Manish Patel,23,0,Operations,50483,857,3029,771,1427,44399,9295,4577,0,3572,1278,18722,15469,2419,High,0.4216761638775648,0.34840874794477356,0.054483209081285615,0.0
EMP03431,Avantika Bansal,37,17,Product Management,184270,21068,11056,3428,1131,147587,0,20425,33283,15921,12250,81879,13485,8872,Low,0.554784635503127,0.09136983609667518,0.06011369565070094,0.22551444232893142
EMP03432,Vikram Chopra,46,27,Sales,85000,3500,5100,1620,924,73856,5812,10865,12300,2991,4102,36070,10171,11228,Medium,0.48838279896013864,0.13771392980935876,0.15202556325823224,0.166540294627383
EMP03433,Yuvraj Purohit,23,2,Cyber Security,106535,5980,6392,2668,2312,89183,23237,10699,0,6714,4869,45519,26822,3699,High,0.5103999641187221,0.3007523855443302,0.041476514582375563,0.0
EMP03434,Krishna Khanna,53,29,Finance,130000,9500,7800,3083,1824,107793,0,14211,31470,4323,5793,55797,35996,2564,Medium,0.5176310150009741,0.33393634094978336,0.023786331208891117,0.2919484567643539
EMP03435,Vivaan Seth,34,5,Marketing,62527,1460,3752,1695,2142,53478,5719,8155,0,2328,1221,17423,22906,2280,High,0.3257975242155653,0.42832566662926813,0.042634354313923484,0.0
EMP03436,Nikita Mundra,59,29,HR,70000,2000,4200,1994,914,60892,0,6898,20042,5085,2599,34624,10197,2509,Medium,0.5686132825330092,0.16746042173027656,0.04120409906063194,0.3291401169283321
EMP03437,Kunal Garima Ghosh,60,22,HR,66415,1654,3985,1417,967,58392,0,7221,0,5367,3840,16428,18603,5484,High,0.28133990957665433,0.3185881627620222,0.09391697492807234,0.0
EMP03438,Ankit Tomar,52,29,Customer Support,60000,1333,3600,1706,1032,52329,0,7840,14326,1640,2474,26280,2601,1127,Low,0.5022071891303101,0.04970475262282864,0.02153681515029907,0.27376789160885934
EMP03439,Sumit More,44,20,IT,134074,10148,8044,3098,1571,111213,8857,20453,18864,12866,8943,69983,5908,6934,Low,0.6292699594471869,0.053123285946786794,0.062348826126442054,0.16962045803997733
EMP03440,Muskan Kumawat,41,17,HR,63614,1514,3817,1783,2154,54346,0,8797,14431,2345,2746,28319,2531,307,Low,0.5210871085268465,0.04657196481801788,0.005648989806057484,0.2655393221212233
EMP03441,Garima Mundra,37,15,Sales,69552,1955,4173,2135,1222,60067,19428,8135,0,9118,5380,42061,1947,2471,Low,0.7002347378760384,0.03241380458488022,0.041137396573825896,0.0
EMP03442,Aditya Fernandes,52,38,Cyber Security,180000,20000,10800,2972,1228,145000,0,13674,0,15857,5706,35237,34609,33815,High,0.24301379310344828,0.23868275862068966,0.23320689655172414,0.0
EMP03443,Shivam Manish Naidu,44,19,IT,130009,9501,7801,2715,1886,108106,0,13320,0,11583,6865,31768,34767,7201,Medium,0.29385973026474016,0.3216010212199138,0.06661054890570366,0.0
EMP03444,Bhavna Rawat,40,17,Finance,107398,6110,6444,3039,1168,90637,25387,14447,10215,3359,4769,58177,2227,1265,Low,0.6418681112569922,0.024570539625097917,0.013956772620453016,0.1127023180378874
EMP03445,Arjun Arora,60,38,Operations,95000,4500,5700,1856,1627,81317,0,13882,26205,5179,4355,49621,10233,8974,Medium,0.6102168058339584,0.12584084508774304,0.11035822767686954,0.32225733856389194
EMP03446,Gaurav Suri,33,12,Sales,63858,1526,3831,1540,2259,54702,17722,6891,0,8663,3431,36707,3565,1756,Medium,0.6710357939380645,0.06517129172607948,0.032101202881064675,0.0
EMP03447,Siddharth Soni,31,7,IT,96099,4610,5766,1723,1559,82441,26727,15806,0,10949,7210,60692,5072,1910,Low,0.7361870913744375,0.06152278599240669,0.023168083841777758,0.0
EMP03448,Trisha Fernandes,60,24,Marketing,88207,3821,5292,1610,1117,76367,0,9335,15533,2907,2961,30736,27686,4304,Medium,0.40247750991920594,0.3625387929341208,0.05635942226354315,0.20339937407518954
EMP03449,Aakash Saini,53,34,HR,70000,2000,4200,1873,1519,60408,0,7116,12386,1121,1806,22429,21732,3077,Medium,0.371291881869951,0.35975367500993244,0.05093696199178917,0.20503906767315588
EMP03450,Avantika Khanna,50,17,Operations,83320,3332,4999,1756,1034,72199,0,8301,23011,7702,3523,42537,10546,4088,Low,0.5891632848100389,0.1460685051039488,0.05662128284325268,0.31871632571088243
EMP03451,Sneha Rathore,58,30,IT,150000,13333,9000,3847,1789,122031,25297,10191,10854,11703,4412,62457,17363,19375,Medium,0.5118125722152568,0.1422835181224443,0.15877113192549433,0.08894461243454532
EMP03452,Sneha Reddy,52,35,Sales,85000,3500,5100,1269,1759,73372,6281,10139,3860,2794,2776,25850,28410,4374,High,0.3523142343128169,0.38720492831052716,0.05961402169765033,0.05260862454342256
EMP03453,Garima George,27,6,Operations,57943,1230,3477,819,1603,50814,13800,8402,2395,2220,2166,28983,1983,905,Medium,0.5703743062935411,0.03902467823828079,0.01781005234777817,0.04713267997008699
EMP03454,Anjali Rahul Bagri,49,16,Sales,74183,2418,4451,1246,1759,64309,0,9934,14277,9594,3964,37769,4897,3402,Low,0.5873050428400379,0.07614797306753332,0.052900838140851204,0.22200625106905722
EMP03455,Ayaan Hemant Sandhu,57,29,Finance,130000,9500,7800,2242,1225,109233,0,20702,29147,17595,11574,79018,6662,2518,Low,0.7233894519055597,0.06098889529720872,0.023051641903087894,0.26683328298224895
EMP03456,Tushar Wadhwa,42,15,Marketing,75149,2515,4509,1356,1543,65226,0,9633,0,3268,2839,15740,21473,5656,High,0.24131481311133596,0.32920921105080797,0.0867138871002361,0.0
EMP03457,Khushi Tarun Purohit,38,10,Product Management,152363,13806,9142,3657,1157,124601,43148,23977,0,18608,12428,98161,5811,3924,Low,0.7878026661102239,0.04663686487267357,0.03149252413704545,0.0
EMP03458,Ayaan D'Souza,27,2,Sales,51800,923,3108,1090,1577,45102,0,6660,13065,1915,1626,23266,11934,1620,Medium,0.5158529555230367,0.26460023945723027,0.03591858454170547,0.28967673273912464
EMP03459,Karan Arora,27,7,HR,48777,772,2927,821,1974,42283,13995,5783,0,8329,3988,32095,1982,1610,Low,0.7590521013173143,0.04687463046614478,0.03807676844121751,0.0
EMP03460,Arjun Sandhu,37,10,Cyber Security,127485,9123,7649,2915,862,106936,26041,12979,0,8643,5800,53463,17635,16695,High,0.4999532430612703,0.16491172289967831,0.1561214184184933,0.0
EMP03461,Swati Yadav,26,5,Operations,59779,1322,3587,1035,1461,52374,14584,7933,2367,2938,2333,30155,8315,2353,Medium,0.575762783060297,0.15876198113567802,0.0449268721121167,0.04519418031847863
EMP03462,Sakshi Trivedi,34,5,Data Science,107432,6115,6446,2820,1046,91005,20658,11579,3500,9511,5863,51111,17580,3645,Medium,0.5616284819515411,0.19317619910993902,0.04005274435470579,0.03845942530630185
EMP03463,Mohit Somani,26,5,IT,90532,4053,5432,1658,1238,78151,0,11831,19162,3303,2928,37224,27161,2528,Medium,0.47630868446980845,0.3475451369784136,0.032347634707169455,0.24519200010236594
EMP03464,Monika Mathew,57,31,Sales,85000,3500,5100,1809,2022,72569,0,13024,14375,9095,4660,41154,5528,4567,Low,0.5671016549766429,0.07617577753586242,0.06293320839476911,0.1980873375683832
EMP03465,Yash Chauhan,50,16,IT,119195,7879,7152,3007,1218,99939,0,18846,0,8162,6442,33450,29061,8773,High,0.33470416954342147,0.2907873803019842,0.08778354796425819,0.0
EMP03466,Vivaan Shukla,43,21,Marketing,87949,3795,5277,1344,1065,76468,8385,9430,0,2160,2676,22651,30496,4619,High,0.2962154103677355,0.39880734424857456,0.06040435214730345,0.0
EMP03467,Vikram Kapoor,60,31,Product Management,220000,31000,13200,2539,1554,171707,0,24767,0,18981,11200,54948,17465,14512,Medium,0.3200102500189276,0.10171396623317629,0.08451606515750669,0.0
EMP03468,Namrata Behera,22,1,IT,84536,3454,5072,1878,2284,71848,5361,8461,0,5100,2191,21113,25992,5009,High,0.2938564747800913,0.36176372341610064,0.06971662398396615,0.0
EMP03469,Avantika Sandhu,49,24,Sales,81098,3110,4866,1261,1884,69977,7735,10566,0,3025,3307,24633,1156,34,Medium,0.3520156622890378,0.016519713620189492,0.00048587393000557326,0.0
EMP03470,Sakshi Maheshwari,37,12,IT,110574,6586,6634,2805,1347,93202,20851,14795,5668,6159,3771,51244,18470,5410,Medium,0.5498165275423275,0.19817171305336795,0.05804596467886955,0.06081414561919272
EMP03471,Ayaan Kulkarni,30,2,Cyber Security,99648,4965,5979,2078,1728,84898,20359,14355,10107,5780,4484,55085,14047,2904,Medium,0.648837428443544,0.1654573723762633,0.03420575278569578,0.11904874084195152
EMP03472,Palak Pradhan,23,2,HR,45375,602,2722,783,1478,39790,13296,4177,7117,6169,3659,34418,1278,647,Low,0.8649912038200553,0.032118622769540084,0.016260366926363408,0.1788640361899975
EMP03473,Ishita Saxena,27,7,Operations,61268,1397,3676,2120,1635,52440,11588,8238,1944,1339,2126,25235,328,650,Medium,0.48121662852784136,0.0062547673531655225,0.012395118230358505,0.037070938215102975
EMP03474,Namrata Naidu,40,17,Finance,112350,6852,6741,3042,2152,93563,20186,15477,0,4255,4317,44235,27392,5463,High,0.4727830445795881,0.2927653025234334,0.058388465525902336,0.0
EMP03475,Garima Nair,23,2,Sales,52174,942,3130,920,1725,45457,0,6352,9296,2849,3638,22135,1180,455,Low,0.48694370503992784,0.02595859823569527,0.010009459489187585,0.2045009569483248
EMP03476,Ankit Abhishek Arora,47,15,IT,120043,8006,7203,2454,1958,100422,31160,13553,24783,16349,6073,91918,1570,1226,Low,0.915317360737687,0.015634024416960428,0.012208480213499033,0.24678855230925495
EMP03477,Aarav Priya Saini,59,37,Operations,95000,4500,5700,2125,953,81722,0,13733,14063,3687,2710,34193,14759,15497,High,0.4184063042999437,0.18060008320892784,0.1896306991997259,0.17208340471354103
EMP03478,Aisha Mundra,29,7,Marketing,61890,1428,3713,1965,1800,52984,4841,6268,3442,9727,4413,28691,2687,3036,Medium,0.5415030952740449,0.05071342292012683,0.05730031707685339,0.06496300770043786
EMP03479,Saurabh Rawat,27,5,Marketing,58272,1247,3496,794,1499,51236,16510,7607,0,7694,3576,35387,3244,1449,Low,0.6906667187134047,0.06331485674135373,0.028280896244827856,0.0
EMP03480,Tushar Shukla,54,32,IT,150000,13333,9000,3100,1772,122795,0,18042,0,7492,4997,30531,25864,36820,High,0.24863390203184169,0.2106274685451362,0.2998493423999348,0.0
EMP03481,Preeti Suri,29,4,IT,92082,4208,5525,1443,1340,79566,0,8598,20876,6825,5215,41514,18488,4430,Medium,0.5217555237161602,0.23236055601638891,0.05567704798532036,0.2623733755624262
EMP03482,Shruti Monika Pandey,22,2,Sales,45212,594,2713,1030,1597,39278,2637,5125,0,5919,3458,17139,3946,2060,Medium,0.4363511380416518,0.10046336371505678,0.0524466622536789,0.0
EMP03483,Yash Sahu,56,32,Marketing,90000,4000,5400,1412,1310,77878,0,13836,8865,5971,5255,33927,17507,4382,Medium,0.4356429286833252,0.22480032871927888,0.056267495313182155,0.11383189090628933
EMP03484,Tanvi Nair,53,22,IT,134187,10171,8051,2634,1422,111909,35653,15375,0,13547,7361,71936,9621,5336,Medium,0.6428079957822874,0.0859716376698925,0.047681598441590936,0.0
EMP03485,Rajat Aditya Somani,25,3,Sales,52094,938,3126,768,1052,46210,0,4860,0,8275,4227,17362,4064,3737,Medium,0.37571954122484313,0.08794633196277862,0.08086994157108851,0.0
EMP03486,Charu Swain,37,13,Operations,69466,1947,4168,1900,2042,59409,0,9060,13022,1275,1720,25077,22760,1955,Medium,0.42210776145028533,0.3831069366594287,0.03290747193186218,0.21919237825918633
EMP03487,Simran Bhardwaj,34,6,IT,99987,4999,5999,1569,1369,86051,20891,13347,0,5024,5426,44688,17164,4533,Medium,0.5193199381761978,0.19946310908647197,0.05267806300914574,0.0
EMP03488,Priya Rathore,23,1,Marketing,51518,909,3091,1068,1871,44579,4736,5342,0,4613,2474,17165,13230,3200,High,0.3850467709010969,0.2967765091186433,0.07178267794252899,0.0
EMP03489,Charu Chauhan,43,19,IT,124388,8658,7463,2464,2082,103721,10773,13142,15092,11619,6863,57489,19926,5140,Medium,0.5542657706732484,0.1921115299698229,0.04955602047801313,0.14550573172260198
EMP03490,Shruti Abhishek Trivedi,43,15,IT,122641,8396,7358,3982,1479,101426,20451,15730,0,6267,4713,47161,12460,17956,Medium,0.4649793938437876,0.12284818488356043,0.17703547413878098,0.0
EMP03491,Varun Mishra,43,20,Sales,82526,3253,4952,2087,1256,70978,14439,10914,0,5164,2682,33199,15966,4980,Medium,0.4677364817267322,0.22494294006593593,0.0701625855899011,0.0
EMP03492,Ananya Mansi Mohanty,54,25,IT,139636,11261,8378,3258,1875,114864,25256,14379,0,3089,5425,48149,36447,4606,High,0.4191826856108093,0.31730568324279146,0.04009959604401727,0.0
EMP03493,Sakshi Somani,47,15,Data Science,131244,9687,7875,2545,1105,110032,0,19597,35476,19506,9215,83794,4110,2218,Low,0.7615420968445543,0.03735277010324269,0.020157772284426348,0.32241529736803837
EMP03494,Shubham Deshmukh,35,6,Sales,59381,1302,3563,1045,1443,52028,16626,10000,0,2145,2775,31546,1268,690,Low,0.6063273621895903,0.024371492273391252,0.013262089644037826,0.0
EMP03495,Rakesh Bagri,32,5,IT,87907,3791,5274,2073,2188,74581,13417,7878,2604,5219,2631,31749,25095,2710,Medium,0.4256982341346992,0.3364798004853783,0.03633633230983763,0.03491505879513549
EMP03496,Gaurav Seth,26,2,HR,42909,479,2575,1049,1640,37166,8969,5573,5335,2050,2361,24288,5106,1403,Medium,0.6535005112199322,0.13738363019964484,0.037749556045848356,0.1435451756982188
EMP03497,Ashish Kumawat,27,4,Operations,56653,1166,3399,1125,2063,48900,18110,9238,3986,9224,3370,43928,630,638,Low,0.8983231083844581,0.012883435582822086,0.013047034764826175,0.08151329243353783
EMP03498,Rohan Jain,46,17,Customer Support,50901,878,3054,929,1964,44076,0,4869,8566,7453,3653,24541,2881,3279,Low,0.556788274798076,0.06536437063254379,0.07439422815137489,0.19434612941283239
EMP03499,Krishna Khanna,27,4,Operations,56398,1153,3384,840,1035,49986,0,8569,14699,2773,3248,29289,8096,2244,Medium,0.5859440643380146,0.16196535029808345,0.044892569919577484,0.29406233745448723
EMP03500,Arjun Singh,36,10,Data Science,114510,7176,6871,3240,1418,95805,0,12755,21303,2525,2471,39054,29768,4473,Medium,0.40764051980585564,0.3107144721047962,0.046688586190699856,0.22235791451385628
EMP03501,Mohit Lodha,48,28,Data Science,169692,17423,10182,3609,1445,137033,0,20830,43085,8675,6615,79205,26077,7720,Low,0.5779994599840914,0.19029722767508556,0.05633679478665723,0.314413316500405
EMP03502,Rahul Shetty,39,17,Operations,81247,3125,4875,1662,1559,70026,22297,9877,3286,6867,6184,48511,4660,2333,Medium,0.6927569759803501,0.06654671122154629,0.033316196841173276,0.04692542769828349
EMP03503,Preeti Sumit Menon,56,28,Operations,94986,4499,5699,1397,1451,81940,0,10804,20436,4139,2880,38259,14383,12573,Medium,0.46691481571881865,0.1755308762509153,0.1534415425921406,0.2494020014644862
EMP03504,Parth Shetty,31,10,Sales,60838,1375,3650,1524,1355,52934,15758,8887,0,3613,3505,31763,9752,1739,Medium,0.6000491177692976,0.18422941776551932,0.032852231080213096,0.0
EMP03505,Namrata Narang,60,25,Finance,130000,9500,7800,3130,1378,108192,0,15303,22586,15165,8216,61270,7667,4417,Low,0.5663080449571133,0.07086475894705709,0.040825569358178056,0.20875850340136054
EMP03506,Siddharth Iyer,36,12,Marketing,74237,2424,4454,1770,2098,63491,0,9637,17781,7761,5000,40179,5081,3645,Low,0.6328298498999858,0.0800270904537651,0.057409711612669515,0.28005544092863555
EMP03507,Megha Sandhu,60,31,Sales,85000,3500,5100,1509,1166,73725,0,6121,16810,4897,2958,30786,8736,14424,Medium,0.4175788402848423,0.11849440488301119,0.19564598168870803,0.22800949474398102
EMP03508,Namrata Gaurav Arora,54,30,Sales,85000,3500,5100,1329,2077,72994,0,10707,24860,6909,5451,47927,5209,2632,Low,0.6565882127298134,0.07136202975587035,0.03605775817190454,0.3405759377483081
EMP03509,Trisha Chopra,49,19,HR,61044,1386,3663,2100,1922,51973,0,8905,17372,2682,3552,32511,913,556,Low,0.6255363361745522,0.017566813537798473,0.010697862351605641,0.3342504762088007
EMP03510,Dhruv Sonia More,22,0,Cyber Security,97957,4796,5877,1897,1591,83796,22164,9593,0,8000,3569,43326,15790,3766,Medium,0.5170413862236861,0.18843381545658505,0.04494247935462313,0.0
EMP03511,Rohan Bhatia,58,24,Sales,80101,3010,4806,1607,1577,69101,20257,10535,0,12080,5079,47951,2205,3012,Low,0.6939262818193659,0.03190981317202356,0.043588370645866195,0.0
EMP03512,Rajat Das,28,5,HR,48261,746,2896,1161,1431,42027,10534,7151,2113,3325,2588,25711,6077,2054,Medium,0.6117733837770957,0.14459752064149237,0.04887334332690889,0.050277202750612704
EMP03513,Sumit Menon,53,32,Operations,95000,4500,5700,1556,1999,81245,19696,12380,0,4069,3255,39400,9188,19212,High,0.4849529201797034,0.11309003630992677,0.23646993661148377,0.0
EMP03514,Sonali Sahu,29,5,Sales,53675,1017,3220,1172,1326,46940,5574,7770,0,957,3054,17355,2564,493,Medium,0.3697273114614401,0.054622922880272685,0.010502769492969749,0.0
EMP03515,Rishabh Sahu,39,17,Sales,71216,2122,4273,1927,808,62086,19208,9883,5074,3148,4811,42124,898,191,Medium,0.6784782398608382,0.014463808265953677,0.003076377927391038,0.08172534870985407
EMP03516,Yuvraj Swain,46,28,Marketing,90000,4000,5400,1825,1981,76794,20254,11613,34557,3319,5074,74817,163,56,Low,0.9742558012344714,0.0021225616584629008,0.0007292236372633279,0.44999609344480035
EMP03517,Amit Bajaj,53,23,Sales,84666,3467,5080,1707,905,73507,5812,10859,0,5601,4423,26695,22499,4522,High,0.3631626919885181,0.30607969309045396,0.06151795067136463,0.0
EMP03518,Aakash Rawat,52,26,Operations,94403,4440,5664,1843,1772,80684,18680,12529,0,3574,3879,38662,21329,3747,Medium,0.47917802786178176,0.264352287938129,0.04644043428684745,0.0
EMP03519,Dev Dhruv Pradhan,24,3,IT,89889,3989,5393,1918,1013,77576,18250,11447,0,5602,3934,39233,13595,3808,Medium,0.5057363101990306,0.1752474992265649,0.04908734660204187,0.0
EMP03520,Nitin Behera,39,18,Data Science,137833,10900,8270,2890,1457,114316,0,17198,0,8698,5823,31719,38528,8564,Medium,0.2774677210539207,0.33703068686798,0.07491514748591623,0.0
EMP03521,Payal Chauhan,59,35,Sales,85000,3500,5100,1332,1927,73141,0,10242,17622,4204,4495,36563,13421,4657,Medium,0.49989745833390303,0.18349489342502837,0.06367153853515813,0.24093189866148945
EMP03522,Varun Sandhu,22,2,IT,84303,3430,5058,1635,881,73299,19156,7932,0,5998,2396,35482,10800,12410,High,0.484072088295884,0.14734170998240084,0.169306538970518,0.0
EMP03523,Garima Bajaj,49,28,HR,70000,2000,4200,1517,1392,60891,0,9646,19658,2957,3331,35592,10679,2268,Medium,0.5845198797851899,0.17537895583912236,0.037246883775927477,0.3228391716345601
EMP03524,Payal Porwal,54,22,Operations,88185,3818,5291,1705,1569,75802,19986,9983,2578,6141,3199,41887,14461,3196,Medium,0.5525843645286405,0.19077333051898368,0.0421624759241181,0.03400965673728926
EMP03525,Prateek Bhardwaj,37,9,HR,51601,913,3096,1096,1341,45155,0,8229,0,3029,2802,14060,13093,3818,High,0.31137194109179495,0.2899568154135755,0.08455320562506921,0.0
EMP03526,Anjali Naidu,48,22,IT,135217,10377,8113,2779,1094,112854,0,14795,30093,6178,6250,57316,20105,7899,Medium,0.5078774345614688,0.17815053077427473,0.06999308841512042,0.2666542612579084
EMP03527,Siddharth Chaudhary,25,1,Sales,46175,642,2770,798,1339,40626,2231,5236,0,3196,1957,12620,8348,7994,High,0.31063850735981885,0.20548417269728744,0.19677054103283612,0.0
EMP03528,Garima Parmar,32,5,Data Science,106096,5914,6366,3322,1278,89216,5327,7625,15079,6229,4250,38510,27156,5707,Medium,0.43164903156384504,0.3043848637015782,0.06396834648493543,0.16901676829268292
EMP03529,Aakash Lakhotia,38,18,Marketing,85611,3561,5137,1771,1585,73557,18051,9616,0,3107,2416,33190,8805,17081,Medium,0.45121470424296806,0.11970308740160691,0.23221447312968174,0.0
EMP03530,Mansi Reddy,30,2,Sales,50665,867,3040,828,2341,43589,0,6313,5511,5281,3695,20800,5477,2802,Medium,0.4771846107963018,0.1256509669870839,0.06428227305054027,0.12643098029319325
EMP03531,Karan Bohra,33,7,Sales,51388,903,3083,1141,1256,45005,10925,7442,0,2236,2741,23344,8657,3247,Medium,0.5186979224530608,0.19235640484390623,0.0721475391623153,0.0
EMP03532,Ravi Reddy,54,33,IT,150000,13333,9000,2661,1122,123884,0,15058,33311,2417,2986,53772,48956,5160,Medium,0.43405120919569923,0.3951761325110587,0.0416518678764005,0.26888863775790256
EMP03533,Swati Bhatia,38,12,Finance,102652,5398,6159,3154,1751,86190,23437,15850,13696,4958,5525,63466,9948,2873,Low,0.7363499245852188,0.11541942220675253,0.03333333333333333,0.1589047453300847
EMP03534,Sonia Shinde,24,0,Finance,70000,2000,4200,1874,1701,60225,16646,6309,0,6629,4071,33655,11684,3388,Medium,0.5588210875882109,0.1940058115400581,0.056255707762557075,0.0
EMP03535,Nandini Patel,38,16,Marketing,76075,2608,4564,1704,1610,65589,0,9414,13454,4617,2814,30299,12480,5198,Medium,0.46195246154080716,0.190275808443489,0.07925109393343396,0.20512585951912668
EMP03536,Nitin Chatterjee,56,38,Data Science,170000,17500,10200,3762,1413,137125,0,23773,24878,11035,7763,67449,33543,8075,Medium,0.4918796718322698,0.244616226071103,0.05888787602552416,0.1814257064721969
EMP03537,Pankaj Patel,60,26,Sales,85000,3500,5100,2025,2110,72265,18344,11297,10960,4490,4133,49224,10463,2358,Low,0.6811596208399641,0.14478654950529302,0.03262990382619525,0.1516640143914758
EMP03538,Pallavi Agarwal,52,26,Finance,125630,8844,7538,2376,2041,104831,0,20087,0,6915,5645,32647,31739,9507,High,0.31142505556562466,0.3027634955309021,0.09068882296267325,0.0
EMP03539,Abhishek Trivedi,44,18,Cyber Security,152974,13928,9178,2546,1647,125675,0,12470,37936,8259,4853,63518,34574,4609,Medium,0.5054147602944102,0.2751064253033618,0.036673960612691466,0.30185796697831707
EMP03540,Ravi Pandey,39,9,Data Science,122962,8444,7378,3458,1684,101998,23281,12560,0,7891,4966,48698,21709,6701,Medium,0.4774407341320418,0.2128375066177768,0.06569736661503167,0.0
EMP03541,Saurabh Jain,34,11,Operations,72467,2247,4348,1872,2050,61950,5621,9271,5761,4839,3762,29254,13289,3850,Medium,0.4722195318805488,0.21451170298627925,0.062146892655367235,0.09299435028248587
EMP03542,Diya Jain,58,38,HR,70000,2000,4200,1645,1273,60882,0,9119,13170,2823,4094,29206,2525,923,Low,0.479714858250386,0.04147367037876548,0.015160474360237836,0.21632009460924412
EMP03543,Rahul Chaudhary,52,24,Sales,85000,3500,5100,1642,1108,73650,0,11590,0,4671,3548,19809,19227,7756,High,0.2689613034623218,0.2610590631364562,0.10530889341479972,0.0
EMP03544,Vidhi Kapoor,29,3,Marketing,53133,990,3188,1030,2108,45817,10951,5005,0,4461,2597,23014,10316,2461,Medium,0.5023026387585394,0.22515660126154047,0.053713687059388435,0.0
EMP03545,Avantika Verma,38,9,Finance,85624,3562,5137,1675,2008,73242,8690,10669,9627,10675,6136,45797,5316,3293,Low,0.6252833073919336,0.07258130580814287,0.04496054176565359,0.13144097648889982
EMP03546,Ritika Bedi,40,12,Sales,61143,1390,3669,1563,1781,52740,12502,8933,0,3729,2346,27510,10790,3004,Medium,0.5216154721274175,0.20458854759196057,0.05695866514979143,0.0
EMP03547,Pallavi Prateek Mohanty,30,4,IT,89038,3904,5342,1626,1202,76964,20034,12455,0,4646,4152,41287,12683,5165,Medium,0.5364456109349826,0.16479133101190166,0.06710929785354192,0.0
EMP03548,Aakash Sabharwal,44,16,Finance,105872,5881,6352,2572,986,90081,0,12303,15311,1878,1917,31409,30661,5700,Medium,0.34867508131570474,0.340371443478647,0.06327638458720485,0.16996924989731463
EMP03549,Sonali Komal Goel,33,12,Sales,65306,1599,3918,1703,1613,56473,17739,8957,0,8700,4896,40292,3864,1451,Low,0.7134736953942592,0.06842207780709365,0.02569369433180458,0.0
EMP03550,Sumit Khanna,33,9,Marketing,60672,1367,3640,1841,1352,52472,0,7648,14259,6778,4227,32912,2971,1878,Low,0.6272297606342431,0.0566206738832139,0.035790516847080345,0.27174493062966915
EMP03551,Sakshi More,33,10,Operations,70120,2012,4207,1734,1251,60916,21533,8905,9943,6529,6275,53185,1500,884,Low,0.8730875303696894,0.02462407249326942,0.014511786722700112,0.16322476853371856
EMP03552,Shruti Mathew,24,3,Finance,77057,2706,4623,1835,1091,66802,0,8280,22152,5829,4012,40273,9640,3712,Low,0.6028711715218107,0.14430705667494986,0.055567198586868656,0.3316068381186192
EMP03553,Ananya Diya Chatterjee,41,24,Marketing,86273,3627,5176,1617,2138,73715,23974,12271,16326,8277,5996,66844,874,953,Low,0.9067896628908635,0.01185647425897036,0.01292816930068507,0.22147459811435935
EMP03554,Parth Behera,46,24,HR,68085,1808,4085,1576,1275,59341,11313,5474,198,4441,2246,23672,22025,2864,High,0.398914746970897,0.37115990630424156,0.04826342663588413,0.003336647511838358
EMP03555,Mayank Saini,29,2,Operations,54769,1072,3286,1069,1674,47668,11353,6777,0,5229,2561,25920,9447,2388,Medium,0.543761013677939,0.19818326760090627,0.0500965007971805,0.0
EMP03556,Karan Rahul Ghosh,49,20,Marketing,88334,3833,5300,1501,1236,76464,24151,9036,0,14532,6460,54179,3880,1895,Low,0.708555660179954,0.050742833228708935,0.024782904373299854,0.0
EMP03557,Kavya Jain,54,36,Data Science,170000,17500,10200,3298,1985,137017,38975,24306,0,8252,8868,80401,27195,6602,Medium,0.5867957990614303,0.19847902085142718,0.048183802009969565,0.0
EMP03558,Tushar Tayal,50,17,Finance,104326,5649,6260,2324,1041,89052,0,11924,30365,3527,4052,49868,23038,2775,Medium,0.5599874230786507,0.25870278039796973,0.031161568521762564,0.3409805506894848
EMP03559,Ravi Ayush Pandey,43,15,Data Science,131300,9695,7878,3269,1599,108859,25954,15311,0,7471,4585,53321,25110,7324,Medium,0.48981710285782526,0.23066535610284863,0.06727969207874407,0.0
EMP03560,Nitin Chaudhary,37,8,IT,105185,5778,6311,2512,1373,89211,0,12593,0,4134,4789,21516,18088,22635,High,0.24118102027776844,0.2027552656062593,0.25372431650805394,0.0
EMP03561,Nitin Saini,56,36,IT,150000,13333,9000,2932,1604,123131,0,19273,34127,7854,7151,68405,25683,4928,Medium,0.5555465317426156,0.20858272896346167,0.04002241515134288,0.27716009778203704
EMP03562,Preeti Tiwari,27,4,Data Science,104527,5679,6272,2698,873,89005,18940,12704,15970,2023,3314,52951,21328,2859,Medium,0.594921633616089,0.23962698724790743,0.032121790910623,0.1794281220156171
EMP03563,Sanya Roy,27,2,Data Science,93371,4337,5602,1514,1063,80855,23340,14536,0,5482,3765,47123,16151,4319,Medium,0.5828087316801682,0.19975264362129738,0.05341660998082988,0.0
EMP03564,Deepak Mehta,45,18,Finance,112841,6926,6770,3514,2116,93515,7627,11786,0,1895,2460,23768,37505,6051,Medium,0.2541624338341443,0.40105865369192106,0.06470619686681281,0.0
EMP03565,Khushi Ghosh,23,3,Data Science,100177,5027,6011,3097,1213,84829,0,9440,3905,6549,4592,24486,16000,26258,High,0.28865128670619716,0.18861474259981845,0.30954036944912705,0.046033785615768194
EMP03566,Ankit Reddy,48,20,IT,137212,10776,8233,3682,1528,112993,0,12885,33794,4263,4431,55373,39866,4250,Medium,0.49005690618002884,0.3528183161788783,0.03761294947474622,0.29908047401166443
EMP03567,Vivek More,46,17,Finance,101487,5223,6089,3558,1976,84641,19027,11448,14143,3783,3338,51739,18047,2523,Medium,0.6112758592171642,0.2132181803145048,0.02980824895736109,0.16709396155527462
EMP03568,Varun Gill,50,25,Finance,121573,8236,7294,3436,1317,101290,0,17484,27594,2684,2276,50038,26567,5932,Medium,0.4940073057557508,0.2622865040971468,0.05856451772139402,0.27242570836212854
EMP03569,Sanya Seth,37,14,HR,55633,1115,3338,792,1791,48597,17194,9118,0,8314,3504,38130,2151,1570,Low,0.784616334341626,0.044261991480955616,0.032306520978661234,0.0
EMP03570,Komal Das,47,20,HR,63170,1492,3790,1753,1761,54374,0,7789,0,2141,2417,12347,3844,481,Medium,0.22707544046787068,0.07069555302166476,0.008846139699120903,0.0
EMP03571,Vivek Pradhan,28,4,IT,91728,4173,5504,1281,2135,78635,8908,11535,8508,4785,4516,38252,14338,5200,Medium,0.48645005404718,0.18233610987473772,0.0661283143638329,0.10819609588605583
EMP03572,Sonia Mehta,34,9,IT,104055,5608,6243,3407,1708,87089,23177,8127,0,6429,3231,40964,15854,15518,High,0.47036939223093616,0.18204365648933848,0.1781855343384354,0.0
EMP03573,Lakshay Trivedi,38,18,Customer Support,51901,928,3114,816,2506,44537,15678,6691,7125,5316,2966,37776,830,717,Low,0.8481936367514651,0.01863619013404585,0.01609897388688057,0.15997934301816466
EMP03574,Sanya Mukherjee,24,3,Marketing,50027,835,3002,1084,1478,43628,0,5525,2624,4400,1585,14134,6087,13961,Medium,0.3239662601998716,0.1395204914275236,0.3200009168423948,0.06014486109837719
EMP03575,Rakesh Megha Mittal,34,8,Sales,57967,1232,3478,1059,2267,49931,13590,6402,3271,2705,2863,28831,864,675,Medium,0.577416835232621,0.017303879353507842,0.013518655744928,0.06551040435801406
EMP03576,Simran Rajat Suri,45,20,HR,63227,1495,3794,1486,1142,55310,0,8749,15934,3003,2534,30220,9362,3278,Medium,0.5463749774001084,0.16926414753209185,0.05926595552341349,0.2880853371903815
EMP03577,Shubham Yuvraj Dubey,60,34,IT,150000,13333,9000,2514,911,124242,28971,23209,4902,8351,5747,71180,26516,5706,Medium,0.5729141514141756,0.21342219217333913,0.045926498285603905,0.039455256676486215
EMP03578,Dhruv Sahu,50,23,IT,146091,12552,8765,2428,1738,120608,31231,19205,10525,6471,6533,73965,12762,20183,Medium,0.6132677765985672,0.10581387635977713,0.1673437914566198,0.08726618466436721
EMP03579,Rupal Nitin Banerjee,30,4,IT,92834,4283,5570,1694,1270,80017,0,8491,0,5067,3590,17148,42536,3828,Medium,0.21430446030218578,0.5315870377544771,0.04783983403526751,0.0
EMP03580,Aman Ghosh,52,23,HR,68990,1899,4139,1286,1040,60626,11617,7421,4221,2723,2483,28465,19684,3066,Medium,0.4695180285686009,0.32467918054959916,0.050572361693003005,0.06962359383762742
EMP03581,Mansi Daga,32,9,Finance,88196,3820,5292,2075,1690,75319,0,9028,20312,3989,2302,35631,19971,4742,Medium,0.4730678845975119,0.26515221922755217,0.06295888155711042,0.26967962931000145
EMP03582,Lakshay Deshmukh,30,7,Sales,60130,1340,3608,1535,1508,52139,15196,9066,0,2488,3384,30134,27,612,Low,0.5779550816087765,0.000517846525633403,0.011737854581023801,0.0
EMP03583,Nikita Trivedi,52,35,Sales,85000,3500,5100,1476,1528,73396,0,12608,23632,12419,7232,55891,2544,1540,Low,0.7614992642650825,0.034661289443566404,0.020982069867567715,0.32197939942231185
EMP03584,Vaishnavi Bansal,43,26,Product Management,217284,30185,13037,2489,1701,169872,36789,21993,0,5672,5775,70229,58151,8121,Medium,0.41342304794197987,0.34232245455401716,0.04780658378072902,0.0
EMP03585,Arjun Tiwari,33,5,Sales,52803,973,3168,1016,1072,46574,0,7627,7266,5537,4830,25260,4842,2155,Medium,0.5423626916305234,0.10396358483273929,0.046270451324773476,0.15600979087044273
EMP03586,Harsh Goel,24,1,HR,40000,333,2400,814,1626,34827,0,4176,9593,3862,2513,20144,5203,1863,Low,0.5784018146840095,0.14939558388606541,0.053492979584804895,0.27544721049760246
EMP03587,Lokesh Tomar,60,27,Marketing,90000,4000,5400,1549,1276,77775,27026,9229,10897,14577,7717,69446,1861,1168,Low,0.8929090324654452,0.023927997428479588,0.015017679202828673,0.14010928961748634
EMP03588,Palak Khurana,24,2,Customer Support,39556,311,2373,722,1588,34562,6477,3642,0,2453,1377,13949,10543,2166,Medium,0.40359354204039116,0.3050460042821596,0.06266998437590417,0.0
EMP03589,Avantika Fernandes,33,12,IT,110848,6627,6651,2417,2242,92911,27982,17526,5286,5279,5137,61210,13778,3163,Medium,0.6588025099288567,0.14829245191635004,0.03404333179063835,0.056893155815780694
EMP03590,Muskan Singh,52,36,IT,150000,13333,9000,2975,2092,122600,0,18822,33908,5677,6611,65018,22825,5760,Medium,0.530326264274062,0.18617455138662317,0.04698205546492659,0.2765742251223491
EMP03591,Ayush Sakshi Swain,25,2,Customer Support,39114,289,2347,717,1544,34217,8296,3537,2262,2471,1172,17738,4859,6069,Medium,0.5183972878978286,0.14200543589443843,0.17736797498319548,0.06610749042873426
EMP03592,Preeti Sharma,56,34,Operations,95000,4500,5700,1742,1856,81202,0,12100,17769,6308,4097,40274,20413,3440,Medium,0.4959730055909953,0.25138543385630896,0.04236348858402503,0.21882465949114555
EMP03593,Gaurav Mittal,29,6,Operations,59385,1303,3563,1046,2135,51338,11525,6939,2933,1145,1447,23989,15427,2639,High,0.4672757022088901,0.30049865596634073,0.0514044177802018,0.057131169893646035
EMP03594,Mansi Bagri,31,11,Sales,60096,1338,3606,1683,1352,52117,16086,7227,0,10662,3920,37895,2675,1559,Low,0.7271139935145922,0.05132682234203811,0.029913463936911182,0.0
EMP03595,Neha Bajaj,36,8,IT,102999,5450,6180,2770,1596,87003,0,12639,0,4621,3469,20729,16232,29990,High,0.23825615208670967,0.18656827925473835,0.34470075744514556,0.0
EMP03596,Siddharth Deepak Somani,42,21,Sales,81394,3139,4884,1547,2080,69744,4884,13193,3863,11793,7250,40983,3467,4624,Low,0.5876204404679972,0.04971036935076852,0.0662996100022941,0.055388277127781604
EMP03597,Riya Bajaj,56,27,Cyber Security,180000,20000,10800,2658,1933,144609,0,21332,0,8672,9940,39944,37135,13656,High,0.2762207054885934,0.25679591173440103,0.09443395639275563,0.0
EMP03598,Aarav Rawat,25,0,Marketing,51637,915,3098,1178,2246,44200,16425,6718,10935,8125,4481,46684,0,0,Low,1.0561990950226243,0.0,0.0,0.24739819004524888
EMP03599,Anurag Palak Somani,25,2,Finance,78320,2832,4699,1205,2242,67342,6856,9215,0,7035,4204,27310,19760,4281,High,0.4055418609485908,0.29342757862849334,0.06357102551156782,0.0
EMP03600,Ankit Kulkarni,43,21,IT,136031,10540,8162,3184,1473,112672,23651,14981,0,4205,5047,47884,35921,4699,High,0.4249857994887816,0.3188103521726782,0.041705126384549845,0.0
EMP03601,Rupal Iyer,45,16,Customer Support,48885,778,2933,1021,1843,42310,0,5926,2599,2582,2079,13186,11943,4098,High,0.31165209170408886,0.2822736941621366,0.09685653509808556,0.06142755849680927
EMP03602,Avantika Narang,36,14,Operations,76219,2622,4573,1407,1082,66535,3352,9798,5624,2960,2524,24258,23258,3102,High,0.36459006537912375,0.3495603817539641,0.04662207860524536,0.0845269407078981
EMP03603,Mansi Seth,47,18,Customer Support,54713,1069,3283,935,1791,47635,11563,8306,6183,3188,3389,32629,6449,1405,Medium,0.6849795318568279,0.13538364647842974,0.029495119135089745,0.1297995171617508
EMP03604,Rajat Jindal,30,4,IT,89855,3986,5391,1286,1369,77823,19148,10623,6049,4010,3160,42990,13170,3814,Medium,0.5524073859912879,0.16923017616899888,0.049008647829047965,0.07772766405818331
EMP03605,Diya Kohli,36,15,Customer Support,51743,920,3105,921,1675,45122,11089,7837,4433,2695,2610,28664,6975,1913,Medium,0.6352555294534816,0.1545809139665795,0.04239617038251851,0.09824475865431496
EMP03606,Payal Riya Khanna,30,2,Finance,70000,2000,4200,1436,1872,60492,16642,8059,0,7063,3613,35377,12098,2133,Medium,0.584821133373008,0.19999338755537924,0.03526086094028962,0.0
EMP03607,Arjun Chopra,52,37,Operations,95000,4500,5700,1986,1698,81116,0,12285,22654,11730,7096,53765,5595,2382,Low,0.6628162138172494,0.06897529463977514,0.02936535332116968,0.27927905715271956
EMP03608,Rajat Srivastava,44,26,Finance,125998,8900,7560,3395,1741,104402,0,16571,0,6470,7657,30698,33083,10073,High,0.2940365127104845,0.3168809026646999,0.09648282599950192,0.0
EMP03609,Parth Nair,45,16,Sales,69708,1971,4182,1989,1263,60303,0,8067,18183,1475,2488,30213,2864,394,Low,0.5010198497587185,0.0474934912027594,0.006533671624960616,0.30152728719964184
EMP03610,Komal Bansal,56,34,Sales,85000,3500,5100,1691,1233,73476,3732,10348,10162,3952,2080,30274,10850,13187,Medium,0.4120256954651859,0.1476672655016604,0.17947356960095814,0.1383036637813708
EMP03611,Aakash Mundra,39,10,HR,54026,1035,3242,820,1030,47899,0,6571,10644,1205,2184,20604,16925,2500,Medium,0.4301551180609198,0.3533476690536337,0.05219315643332846,0.22221758283053927
EMP03612,Ishita Shinde,43,22,IT,139488,11231,8369,2363,2297,115228,28663,13052,8492,13598,8086,71891,20924,3604,Medium,0.6239021765543097,0.1815878085187628,0.031277120144409344,0.07369736522373034
EMP03613,Namrata Verma,56,32,Finance,130000,9500,7800,3580,1422,107698,29277,18569,0,7226,5936,61008,19972,4870,Medium,0.5664729150030641,0.18544448364872143,0.045219038422254824,0.0
EMP03614,Yuvraj Khushi Suri,34,9,Operations,62467,1457,3748,1410,1079,54773,13893,7735,9084,1069,3349,35130,529,213,Low,0.6413743997955197,0.009658043196465411,0.0038887773172913663,0.1658481368557501
EMP03615,Ishita Bedi,55,24,Sales,85000,3500,5100,2153,1984,72263,0,11176,13526,10677,6226,41605,7478,4110,Medium,0.5757441567607212,0.10348311030541217,0.0568755794805087,0.18717739368694905
EMP03616,Mohit Tayal,34,5,Sales,54729,1070,3284,1118,1978,47279,11602,7230,3619,2877,3120,28448,7025,2302,Medium,0.6017047737896317,0.14858605300450517,0.04868969309841579,0.07654561221684046
EMP03617,Vikram Daga,42,15,Operations,75743,2574,4545,1660,1529,65435,0,10252,19665,2925,2171,35013,18526,2517,Medium,0.5350806143501184,0.2831206540842057,0.03846565293803011,0.30052724077328646
EMP03618,Vikram Rishabh Swain,44,23,Operations,89603,3960,5376,1739,1262,77266,23781,12923,0,12895,4806,54405,2426,2466,Low,0.7041260062640747,0.03139802759299045,0.031915719721481633,0.0
EMP03619,Garima Mohanty,31,9,Cyber Security,125314,8797,7519,2217,1590,105191,0,12898,36583,8939,3027,61447,30081,2055,Medium,0.5841469327223812,0.2859655293703834,0.019535891853865825,0.34777690106568054
EMP03620,Sanya Kohli,51,31,Operations,95000,4500,5700,1207,1643,81950,0,12623,0,4243,4554,21420,26465,7245,High,0.26137888956680905,0.3229408175716901,0.08840756558877365,0.0
EMP03621,Anurag Jadhav,56,23,Cyber Security,166603,16654,9996,3439,1466,135048,0,19397,35645,6603,6459,68104,42845,5100,Medium,0.5042947692672235,0.3172575676796398,0.0377643504531722,0.26394319056927906
EMP03622,Vaishnavi Khanna,60,38,Customer Support,60000,1333,3600,1250,1865,51952,0,7939,11854,5509,3015,28317,10713,2205,Medium,0.5450608253772713,0.20620957807206652,0.04244302433015091,0.22817215891592238
EMP03623,Aarav Patel,38,8,Customer Support,41609,414,2497,1121,2115,35462,9281,5564,5386,1885,1932,24048,5327,1077,Medium,0.678134340984716,0.15021713383339913,0.03037053747673566,0.15188088658282103
EMP03624,Aditya Tiwari,36,18,Data Science,151013,13536,9061,2247,2298,123871,41811,21026,0,19441,9334,91612,7130,3546,Low,0.7395758490687893,0.05755988084378103,0.028626555045167958,0.0
EMP03625,Preeti Sandhu,37,12,IT,107891,6184,6473,3800,1529,89905,7580,13335,10610,5283,4866,41674,20567,6265,Medium,0.4635337300483844,0.22876369501140092,0.06968466714865691,0.11801345865079807
EMP03626,Kunal Tomar,47,24,Operations,95000,4500,5700,2078,1665,81057,0,14938,16493,6289,5758,43478,15739,4691,Medium,0.5363879738949134,0.1941720024180515,0.05787285490457333,0.20347409847391343
EMP03627,Vihaan Khandelwal,46,21,Operations,87155,3716,5229,1374,1129,75707,16404,7710,4395,6883,4196,39588,17400,4520,Medium,0.5229106951801022,0.22983343680240928,0.05970385829579827,0.0580527560199189
EMP03628,Rohan Iyer,25,1,Operations,51514,909,3091,905,1727,44882,13583,5388,0,6971,3818,29760,3024,2329,Medium,0.6630720556124949,0.06737667661868901,0.05189162693284613,0.0
EMP03629,Akash Banerjee,24,2,IT,83785,3378,5027,1586,1201,72593,17009,9084,2285,4725,3457,36560,23487,2229,Medium,0.5036298265672999,0.32354359235738983,0.030705439918449436,0.031476864160456246
EMP03630,Simran Chopra,25,1,Sales,50199,843,3012,752,2277,43315,14129,6275,9264,8227,3298,41193,243,298,Low,0.9510100427103775,0.005610065797067991,0.006879833775828235,0.21387510100427104
EMP03631,Palak Reddy,50,27,Sales,85000,3500,5100,1295,1340,73765,0,13314,13568,2546,5644,35072,1346,317,Low,0.47545583949027315,0.01824713617569308,0.004297431030976751,0.18393547075171152
EMP03632,Garima Payal Jain,29,3,HR,46980,682,2819,956,1647,40876,11075,7418,0,2598,2252,23343,8120,1860,Medium,0.5710685977101477,0.19864957432234073,0.04550347392112731,0.0
EMP03633,Nisha Gupta,50,25,Marketing,90000,4000,5400,1617,2017,76966,0,11128,22363,11361,5882,50734,3007,3464,Low,0.6591741808071097,0.0390691993867422,0.0450068861575241,0.29055686926694907
EMP03634,Pooja Pawar,32,5,Data Science,110979,6647,6659,3460,2028,92185,21820,10452,0,9437,4539,46248,17785,4677,Medium,0.5016868254054347,0.19292726582415795,0.05073493518468297,0.0
EMP03635,Rahul Lodha,46,24,Sales,82031,3203,4922,1268,1332,71306,17637,9477,0,4315,3314,34743,17868,3325,High,0.4872381005805963,0.250581998709786,0.04663001710935966,0.0
EMP03636,Simran Reddy,28,7,Customer Support,45374,602,2722,898,1551,39601,0,5044,2694,2678,3119,13535,1561,1038,Medium,0.34178429837630364,0.03941819651018914,0.026211459306583168,0.06802858513673897
EMP03637,Rupal Seth,53,25,Operations,93276,4328,5597,2027,1435,79889,25722,14544,24364,9102,5785,79517,66,49,Low,0.9953435391605853,0.0008261462779606705,0.0006133510245465583,0.3049731502459663
EMP03638,Ritika Mukherjee,60,37,Sales,85000,3500,5100,2001,1232,73167,0,10559,18976,7201,3683,40419,15027,4069,Low,0.5524211734798474,0.205379474353192,0.055612502904314784,0.25935189361324096
EMP03639,Amit Gupta,48,18,Product Management,187621,21905,11257,3595,1504,149360,31654,24127,6975,8028,5783,76567,29563,7473,Medium,0.5126339046598821,0.19793117300482058,0.05003347616497054,0.04669925013390466
EMP03640,Vidhi Iyer,51,36,Operations,95000,4500,5700,1400,1905,81495,0,12544,21202,4128,3925,41799,14621,5549,Medium,0.5129026320633168,0.1794097797410884,0.06809006687526842,0.26016320019633105
EMP03641,Palak Tiwari,34,9,Finance,92789,4279,5567,2095,1883,78965,0,15560,0,6497,5633,27690,18312,5685,Medium,0.3506616855568923,0.23190020895333374,0.07199392135756348,0.0
EMP03642,Simran Naidu,36,9,IT,101249,5187,6075,3907,1257,84823,27076,13612,14693,9818,5877,71076,2382,1594,Low,0.8379331077655825,0.02808200605967721,0.018792072904754608,0.17321952772243376
EMP03643,Gaurav Bansal,50,23,Sales,84915,3492,5095,1631,1189,73508,0,11147,0,8763,6128,26038,10167,5328,Medium,0.35421994884910485,0.1383114763018991,0.07248190673124014,0.0
EMP03644,Megha Mishra,44,25,Finance,126613,8992,7597,2729,1780,105515,23287,12715,0,4555,4873,45430,40734,4312,Medium,0.4305548974079515,0.38604937686584845,0.04086622755058523,0.0
EMP03645,Yash Rashmi Kumawat,49,23,Customer Support,60000,1333,3600,1261,1998,51808,10952,6792,0,2211,1321,21276,20558,2207,Medium,0.4106701667696109,0.3968113032736257,0.042599598517603456,0.0
EMP03646,Yash Lakhotia,54,26,Operations,92089,4209,5525,1713,831,79811,0,13875,20681,4297,3764,42617,16719,3387,Medium,0.5339740136071469,0.20948240217513878,0.04243775920612447,0.25912468206136996
EMP03647,Rupal Kunal Roy,43,21,Operations,84603,3460,5076,1714,1881,72472,7017,11570,5622,3227,2515,29951,25272,4021,High,0.41327685174964124,0.34871398609118004,0.05548349707473231,0.07757478750413953
EMP03648,Charu Nagpal,55,36,Cyber Security,180000,20000,10800,2746,1073,145381,0,22223,42423,8458,8298,81402,14572,26434,Medium,0.5599218604907106,0.10023318040184068,0.1818256856122877,0.29180566924151025
EMP03649,Parth Porwal,27,2,HR,44429,555,2666,1010,676,39522,8007,4566,0,2218,1719,16510,12120,2013,High,0.41774201710439757,0.3066646424776074,0.05093365720358282,0.0
EMP03650,Ishaan Chaudhary,30,6,Customer Support,41829,425,2510,827,2077,35990,0,5990,0,2129,1596,9715,7686,10079,High,0.26993609335926644,0.2135593220338983,0.280050013892748,0.0
EMP03651,Prachi Bedi,25,1,Customer Support,40055,336,2403,1186,919,35211,0,3371,0,2729,1761,7861,14194,2420,Medium,0.22325409673113517,0.40311266365624376,0.06872852233676977,0.0
EMP03652,Atharv Akash Bhatia,35,8,Finance,84274,3427,5056,1776,1046,72969,15301,12068,10622,4757,3240,45988,12389,2400,Medium,0.6302402390056051,0.16978442900409763,0.03289067960366731,0.14556866614589759
EMP03653,Sneha More,60,35,Sales,85000,3500,5100,1955,1922,72523,0,10299,22538,4221,3464,40522,2148,1024,Low,0.5587468803000427,0.029618190091419274,0.014119658591067662,0.31077037629441695
EMP03654,Vaishnavi Malhotra,23,3,Finance,74679,2468,4481,1200,1470,65060,15411,11753,0,4374,4601,36139,12720,3245,Medium,0.5554718721180448,0.19551183522901935,0.04987703658161697,0.0
EMP03655,Nisha Patel,27,4,Marketing,60394,1353,3624,1725,1922,51770,10896,7256,6894,2662,3271,30979,10251,2470,Medium,0.5983967548773421,0.19801043075140043,0.047711029553795636,0.13316592621209195
EMP03656,Saloni Megha Kapoor,44,26,Marketing,90000,4000,5400,1686,1305,77609,18967,12267,8453,4726,3536,47949,14471,2539,Medium,0.617827829246608,0.18646033320877733,0.03271527786725766,0.10891778015436354
EMP03657,Mayank Ishaan Thomas,26,2,Sales,46387,653,2783,1036,2347,39568,13258,5803,3583,6940,3528,33112,1089,770,Low,0.8368378487666801,0.02752224019409624,0.01946016983420946,0.09055297209866559
EMP03658,Nikhil Tiwari,45,20,HR,63744,1521,3825,1277,1705,55416,3174,6452,6849,1395,2177,20047,20881,2512,Medium,0.3617547278764256,0.376804532986863,0.045329868629998556,0.12359246427024687
EMP03659,Aisha Rajput,45,23,Sales,82041,3204,4922,1504,1717,70694,21124,11337,0,11639,5539,49639,2845,1937,Low,0.7021670863156704,0.04024386793787309,0.027399779330636264,0.0
EMP03660,Simran Mundra,49,26,Cyber Security,180000,20000,10800,2848,1900,144452,0,26733,41283,22217,13230,103463,4389,5043,Low,0.7162448425774651,0.030383795309168442,0.0349112507961122,0.28579043557721595
EMP03661,Palak Rawat,46,21,Marketing,86066,3607,5164,2106,2030,73159,0,12452,19812,8954,6689,47907,6233,3163,Low,0.6548339917166719,0.08519799341161033,0.04323459861397778,0.2708074194562528
EMP03662,Mansi Somani,44,23,Operations,95000,4500,5700,1882,1287,81631,15348,11295,10455,3091,2915,43104,21468,3248,Medium,0.5280346927025272,0.26298832551359164,0.0397888057233159,0.12807634354595682
EMP03663,Rishabh Lakhotia,31,10,IT,100448,5067,6027,3535,1735,84084,23453,12914,9065,6303,5905,57640,9756,4147,Low,0.6855049712192569,0.1160268303125446,0.04931972789115646,0.10780885780885781
EMP03664,Sakshi Maheshwari,49,28,Marketing,90000,4000,5400,1835,1535,77230,0,10217,15374,6506,4857,36954,14496,4142,Medium,0.478492813673443,0.18769908066813415,0.05363200828693513,0.19906771979800594
EMP03665,Shivam Khandelwal,29,4,Sales,50968,882,3058,924,2067,44037,12991,5958,0,7165,3471,29585,2118,2056,Medium,0.6718214228943843,0.04809591934055454,0.046688012353248404,0.0
EMP03666,Sakshi Mukherjee,31,7,Sales,59862,1326,3592,1101,1536,52307,18397,9439,0,8741,4750,41327,1988,1679,Low,0.7900854570134016,0.03800638537863001,0.032098954250865085,0.0
EMP03667,Pankaj Chauhan,25,2,Operations,54402,1053,3264,942,1560,47583,14010,6112,7024,9374,3374,39894,1124,1113,Low,0.838408675367253,0.023621881764495724,0.02339070676502112,0.14761574511905512
EMP03668,Manish Maheshwari,59,22,Finance,120097,8015,7206,3098,1546,100232,23891,11630,7676,9395,4717,57309,20374,4409,Medium,0.571763508659909,0.20326841727192912,0.043987947960731105,0.0765823289967276
EMP03669,Bhavna Nisha Verma,28,4,Marketing,56743,1170,3405,797,2104,49267,0,6365,0,4347,2022,12734,17395,4698,High,0.2584691578541417,0.3530760955609231,0.09535794751050398,0.0
EMP03670,Khushi Pillai,43,25,Cyber Security,165954,16524,9957,2750,1455,135268,11448,16925,16145,7957,7859,60334,19617,28622,Medium,0.44603306029511786,0.14502321317680456,0.2115947600319366,0.11935564952538665
EMP03671,Sonia Monika Gill,39,14,Finance,96040,4604,5762,1455,1289,82930,6519,9428,0,8077,4749,28773,25930,5595,Medium,0.34695526347522004,0.31267333896056915,0.0674665380441336,0.0
EMP03672,Komal Mishra,31,12,Cyber Security,132943,9941,7977,2773,1448,110804,26594,21346,0,5945,6541,60426,19552,6737,Medium,0.5453413234179272,0.1764557236200859,0.06080105411356991,0.0
EMP03673,Shruti Rawat,59,30,Sales,85000,3500,5100,1676,1927,72797,0,9429,0,2390,3479,15298,40106,3004,Medium,0.21014602250092723,0.5509292965369452,0.04126543676250395,0.0
EMP03674,Tarun Trivedi,34,11,Customer Support,47430,705,2846,1081,1547,41251,10283,6377,0,2362,2924,21946,7526,2695,Medium,0.5320113451795108,0.18244406196213425,0.06533174953334464,0.0
EMP03675,Monika Daga,32,7,Sales,52608,964,3156,1022,1159,46307,15265,6099,0,8332,4665,34361,2098,1851,Low,0.7420260435787246,0.045306325177618935,0.03997235839074006,0.0
EMP03676,Aisha Tomar,38,13,Sales,66128,1640,3968,1957,989,57574,14709,9346,1766,3669,2915,32405,10842,2340,Medium,0.562840865668531,0.18831416959044012,0.04064334595477125,0.03067356792996839
EMP03677,Monika George,22,2,Cyber Security,106090,5914,6365,2258,2002,89551,20674,9213,11597,8624,4836,54944,16051,3577,Medium,0.6135498207725207,0.17923864613460486,0.03994371922144923,0.129501624772476
EMP03678,Ravi Parmar,53,35,IT,150000,13333,9000,3130,2013,122524,0,18139,38156,8922,7626,72843,24788,4222,Medium,0.5945202572557213,0.2023113838921354,0.034458555058600765,0.3114165388005615
EMP03679,Rajat Ghosh,60,36,Operations,95000,4500,5700,1692,1191,81917,28018,15242,6028,10887,7275,67450,3334,1996,Low,0.8233944114164337,0.0406997326562252,0.02436612668920981,0.07358667919967772
EMP03680,Payal Trivedi,22,3,IT,88462,3846,5308,1794,1571,75943,0,10056,0,7314,3498,20868,26997,4220,High,0.2747850361455302,0.35549030193697906,0.05556799178331117,0.0
EMP03681,Pallavi Bedi,60,27,Operations,94254,4425,5655,1664,1373,81137,0,12657,24089,2857,5942,45545,1096,656,Low,0.5613345329504419,0.013508017304065962,0.00808509064914897,0.2968929095233987
EMP03682,Mohit Amit Banerjee,55,27,Marketing,90000,4000,5400,2091,1816,76693,0,11446,0,4624,4483,20553,23975,6840,High,0.2679905597642549,0.3126100165595296,0.08918675759195754,0.0
EMP03683,Pooja Das,50,25,Customer Support,60000,1333,3600,1910,2152,51005,11493,7857,3929,1505,1048,25832,17159,1605,High,0.5064601509655916,0.3364179982354671,0.03146750318596216,0.07703166356239584
EMP03684,Krishna Roy,44,27,Marketing,90000,4000,5400,1805,1282,77513,20124,13095,9307,4391,4878,51795,11052,3223,Medium,0.6682104937236335,0.14258253454259284,0.041580122044044224,0.12007018177596016
EMP03685,Vihaan Suri,28,2,Marketing,53094,988,3186,1039,1065,46816,10356,4738,2566,2683,2430,22773,15415,1409,Medium,0.48643626110731375,0.32926777170198224,0.03009654818865345,0.05481032125768968
EMP03686,Vivaan Parmar,27,4,Sales,53781,1022,3227,770,1965,46797,0,6325,0,6795,3608,16728,5631,3307,Medium,0.3574588114622732,0.12032822616834413,0.07066692309336069,0.0
EMP03687,Mansi Swain,25,2,Operations,52776,972,3167,829,2343,45465,0,5233,10977,7931,4645,28786,3921,2278,Low,0.6331463763334433,0.08624216430221049,0.05010447597052678,0.24143846915209502
EMP03688,Simran Bagri,29,3,IT,86253,3625,5175,1355,2274,73824,0,8616,21669,7165,4250,41700,13843,3269,Medium,0.5648569570871261,0.18751354573038578,0.04428099263112267,0.29352243172951886
EMP03689,Gaurav Seth,47,26,Marketing,89896,3990,5394,1865,2138,76509,8135,11378,4808,4442,4736,33499,17213,5489,Medium,0.43784391378792037,0.22498006770445306,0.07174319361120914,0.06284227999320341
EMP03690,Rashmi Jindal,36,10,Operations,66663,1666,4000,2141,1561,57295,15917,9712,9175,3723,2998,41525,5643,1618,Low,0.724757832271577,0.09849026965703814,0.028239811501876256,0.16013613753381623
EMP03691,Shreya Ahuja,34,7,IT,99912,4991,5995,2041,1120,85765,27156,9537,0,14426,5000,56119,4869,4090,Medium,0.654334518743077,0.05677141024893605,0.047688450999825105,0.0
EMP03692,Nikhil Jindal,56,26,Customer Support,57119,1189,3427,1163,1923,49417,0,8363,0,1751,3018,13132,748,1120,Medium,0.2657385110387114,0.015136491490782524,0.022664265333792014,0.0
EMP03693,Saloni Sharma,32,7,Sales,58445,1256,3507,1086,855,51741,14625,8621,5642,1428,2374,32690,1839,122,Low,0.6318006996385845,0.035542413173305504,0.0023578979919213,0.10904311860999981
EMP03694,Ravi Goel,36,10,Finance,95339,4534,5720,1408,2171,81506,0,12555,27092,6212,4582,50441,15480,2475,Low,0.6188624150369298,0.1899246681225922,0.030365862635879568,0.33239270728535325
EMP03695,Saurabh Fernandes,30,2,IT,85929,3593,5156,1653,1399,74128,19261,12811,11134,4422,3922,51550,8710,2863,Medium,0.6954187351608029,0.11749946039283402,0.03862238290524498,0.15019965465141377
EMP03696,Palak Khushi Sandhu,53,26,HR,70000,2000,4200,2109,823,60868,0,10430,0,3702,2521,16653,18949,5702,High,0.2735920352237629,0.3113130051915621,0.0936781231517382,0.0
EMP03697,Yash Srivastava,51,34,Sales,85000,3500,5100,1776,1271,73353,0,11351,18886,4305,3611,38153,7669,12828,Medium,0.520128692759669,0.1045492345234687,0.17488037299087972,0.2574673155835481
EMP03698,Ayaan More,36,11,Customer Support,44648,566,2679,1078,1552,38773,0,4723,7375,1555,1256,14909,13451,2341,Medium,0.3845201557785057,0.3469166688159286,0.060377066515358624,0.19020968199520286
EMP03699,Namrata Mayank Maheshwari,42,20,HR,62803,1473,3768,1692,767,55103,0,7950,18373,2270,2088,30681,2407,729,Low,0.5567936409995826,0.043681832205143094,0.013229769704008855,0.33343012177195436
EMP03700,Aakash Pawar,51,28,Sales,85000,3500,5100,2185,1261,72954,0,10538,0,3594,4669,18801,20724,7961,High,0.25771033802121884,0.28406941360309235,0.10912355731008581,0.0
EMP03701,Palak Rawat,29,4,Marketing,55721,1119,3343,700,1605,48954,5539,8558,0,6378,4834,25309,2830,3914,Medium,0.5169955468398905,0.05780937206356988,0.07995260857131184,0.0
EMP03702,Dhruv Preeti Verma,36,11,Sales,58095,1238,3486,981,1659,50731,0,7005,13297,1710,2423,24435,16908,2213,Medium,0.48165815773392995,0.333287339102324,0.043622242810116105,0.262107981313201
EMP03703,Rakesh Pandey,41,25,Data Science,159355,15204,9561,3644,1020,129926,0,22803,37281,9334,6046,75464,20089,7950,Low,0.5808229299755245,0.1546187829995536,0.06118867663131321,0.28694025830087894
EMP03704,Riya Trivedi,27,4,IT,94877,4488,5693,1706,2126,80864,28133,9272,3138,11182,7897,59622,2436,3581,Low,0.737312030075188,0.03012465373961219,0.044284230312623664,0.038805896319746735
EMP03705,Krishna Prateek Banerjee,26,4,Data Science,106571,5986,6394,3122,991,90078,25930,15117,0,9702,7114,57863,3235,3616,Medium,0.6423655054508315,0.03591331956748595,0.04014298718888075,0.0
EMP03706,Tushar Mohanty,59,35,Operations,95000,4500,5700,1651,1186,81963,0,12796,7638,13733,6723,40890,9393,3169,Medium,0.4988836426192306,0.11460049046520991,0.03866378731866818,0.09318838988324
EMP03707,Lakshay Maheshwari,54,26,Data Science,165995,16532,9960,3373,1796,134334,31863,13749,0,8721,4015,58348,39062,8063,High,0.43435020173597155,0.2907826760164962,0.06002203463010109,0.0
EMP03708,Avantika Sahu,48,25,Sales,85000,3500,5100,1832,1739,72829,0,13160,0,5422,4961,23543,21293,6673,High,0.32326408436199866,0.2923697977454036,0.09162558870779497,0.0
EMP03709,Saurabh Das,59,32,Cyber Security,180000,20000,10800,2329,1345,145526,0,26575,48067,11919,10398,96959,21256,4947,Low,0.6662658219149843,0.14606324643019117,0.03399392548410593,0.330298365927738
EMP03710,Jyoti Sabharwal,52,35,IT,150000,13333,9000,2219,1139,124309,0,22725,28034,6247,8973,65979,4626,1375,Low,0.5307660748618362,0.03721371742995278,0.01106114601517187,0.2255186671922387
EMP03711,Palak Tayal,40,16,Finance,102972,5446,6178,3324,1445,86579,0,14949,29479,5935,3799,54162,12477,3736,Low,0.6255789510158353,0.14411115859504037,0.04315134154933645,0.340486723108375
EMP03712,Kunal Solanki,59,23,Sales,78833,2883,4730,1761,1980,67479,12749,9610,0,2360,3236,27955,23815,3635,Medium,0.41427703433660845,0.35292461358348526,0.05386861097526638,0.0
EMP03713,Hemant Gill,57,26,Operations,95000,4500,5700,1375,900,82525,7587,13467,11612,2123,3462,38251,4210,967,Low,0.46350802787034234,0.05101484398667071,0.011717661314753105,0.14070887609815208
EMP03714,Ritika Arora,55,38,IT,150000,13333,9000,2502,1748,123417,0,12169,0,7004,4823,23996,67447,6275,Medium,0.194430264874369,0.5464968359302204,0.05084388698477519,0.0
EMP03715,Muskan Trivedi,25,3,Data Science,92744,4274,5565,1981,2205,78719,0,7382,0,5009,4685,17076,251,1971,Medium,0.21692348734104855,0.00318855676520281,0.025038427825556726,0.0
EMP03716,Tarun Rajput,53,26,Sales,85000,3500,5100,1749,1268,73383,0,10864,0,9512,6468,26844,9808,4187,Medium,0.36580679448918685,0.1336549337039914,0.05705681152310481,0.0
EMP03717,Khushi Varun Jain,49,25,Data Science,158392,15012,9504,3770,1878,128228,35967,22942,0,9296,7894,76099,24202,4211,Medium,0.5934663256075117,0.18874192843996632,0.03283994135446237,0.0
EMP03718,Ritika Ghosh,60,33,Sales,85000,3500,5100,2139,1488,72773,0,13398,18041,6085,4824,42348,14651,2784,Low,0.5819191183543347,0.2013246671155511,0.038255946573591854,0.2479078779217567
EMP03719,Monika Mathew,29,2,Sales,51019,884,3061,832,1938,44304,12610,5829,7638,7258,4081,37416,1356,1053,Low,0.8445287107258939,0.030606717226435536,0.023767605633802816,0.17239978331527628
EMP03720,Shreya Chauhan,29,7,Operations,59528,1310,3572,796,1310,52540,13993,8061,6779,3098,2507,34438,8528,1576,Medium,0.6554625047582794,0.1623144271031595,0.029996193376475067,0.12902550437761706
EMP03721,Avantika Daga,60,34,Finance,130000,9500,7800,2274,1185,109241,6708,16088,0,7718,4691,35205,36768,5926,Medium,0.3222691114142126,0.3365769262456404,0.05424703179209271,0.0
EMP03722,Rahul Kumawat,41,18,Finance,105938,5891,6356,3249,1656,88786,0,13129,0,6207,4668,24004,19582,21101,High,0.2703579393147568,0.2205527898542563,0.23766134300452774,0.0
EMP03723,Mansi Maheshwari,30,4,Finance,80465,3046,4828,1268,2110,69213,0,9183,8492,14048,6779,38502,5746,4429,Low,0.5562827792466734,0.08301908600985364,0.06399086876742809,0.12269371360871513
EMP03724,Harsh Verma,23,1,Sales,46093,638,2766,959,1832,39898,0,4359,0,4114,1929,10402,13586,3049,Medium,0.26071482279813524,0.340518321720387,0.07641987067020903,0.0
EMP03725,Payal Simran Kulkarni,43,23,Marketing,86262,3626,5176,1941,1351,74168,16749,11430,9827,5127,3299,46432,11287,3034,Medium,0.6260381835832165,0.15218153381512242,0.040907129759465,0.1324964944450437
EMP03726,Karan Maheshwari,39,11,Data Science,128534,9280,7712,2647,1086,107809,0,16905,34812,12009,7600,71326,5414,4273,Low,0.6615959706518009,0.05021844187405504,0.039634909886929665,0.3229043957369051
EMP03727,Swati Saini,54,31,Marketing,90000,4000,5400,1393,1831,77376,0,10989,14838,6010,3632,35469,17726,4607,Medium,0.458397952853598,0.22908912324234904,0.059540425971877586,0.191764888337469
EMP03728,Vivaan Naidu,24,2,Sales,49741,820,2984,812,1159,43966,2812,6432,2533,4018,2381,18176,11919,3382,High,0.41341036255288177,0.2710958467907019,0.07692307692307693,0.05761270072328618
EMP03729,Krishna Rawat,57,26,Marketing,90000,4000,5400,1845,1753,77002,8365,9112,0,7694,4767,29938,23227,5822,Medium,0.38879509623126673,0.30164151580478427,0.0756084257551752,0.0
EMP03730,Rupal Tiwari,40,11,Data Science,122933,8440,7376,2979,938,103200,0,12858,7805,4262,4666,29591,15883,23719,High,0.286734496124031,0.15390503875968992,0.22983527131782946,0.07562984496124031
EMP03731,Charu Mukherjee,31,10,IT,100484,5073,6029,3659,1786,83937,0,12050,0,4136,3487,19673,27773,5954,Medium,0.23437816457581281,0.33087911171473844,0.07093415299569915,0.0
EMP03732,Shreya Bhardwaj,48,24,Finance,121638,8246,7298,2701,1714,101679,10944,18191,13032,4359,8070,54596,2384,1887,Medium,0.5369446985119838,0.023446336018253522,0.01855840439028708,0.12816805830112413
EMP03733,Shreya More,58,30,Finance,127778,9167,7667,2759,1210,106975,0,14371,28981,3295,2901,49548,28824,5683,Medium,0.463173638700631,0.26944613227389574,0.05312456181350783,0.27091376489834074
EMP03734,Deepak Agarwal,59,23,IT,144461,12226,8668,3612,1774,118181,0,17870,0,6191,6691,30752,21518,37859,High,0.2602110322302231,0.18207664514600486,0.3203476024064782,0.0
EMP03735,Pallavi Dhruv Bansal,52,23,Customer Support,57244,1196,3435,1051,1049,50513,11348,7908,2087,3117,2162,26622,11367,2955,Medium,0.5270326450616672,0.22503118009225348,0.05849979213271831,0.041316096846356384
EMP03736,Preeti Kohli,26,5,Product Management,131018,9653,7861,3143,1273,109088,31606,19001,6310,15750,9185,81852,2934,4226,Low,0.7503300088002347,0.026895717219125842,0.038739366383103546,0.05784320915224406
EMP03737,Aisha Rawat,37,10,HR,50405,854,3024,912,1277,44338,0,6296,9942,7396,3381,27015,1937,2673,Low,0.6092967657539807,0.043687130677973744,0.06028688709459155,0.22423203572556272
EMP03738,Arjun Tomar,47,20,Data Science,154257,14185,9255,3468,1794,125555,27234,19197,0,3435,4210,54076,47670,5638,Medium,0.4306957110429692,0.37967424634622277,0.044904623471785275,0.0
EMP03739,Rashmi Pooja Arora,29,6,Marketing,62216,1444,3733,1241,1779,54019,14076,6330,2711,4239,1379,28735,14391,1944,High,0.5319424646883504,0.26640626446250393,0.03598733778855588,0.050186045650604416
EMP03740,Mansi Shukla,35,9,IT,100698,5105,6042,3001,2216,84334,0,10345,0,5069,2488,17902,15018,30588,High,0.21227500177864206,0.17807764365499087,0.3627006901131216,0.0
EMP03741,Yuvraj Mayank Sahu,54,24,Sales,85000,3500,5100,1671,1557,73172,0,10671,22580,3182,5224,41657,940,370,Low,0.5693024654239327,0.012846443994970754,0.005056579019296999,0.3085879844749358
EMP03742,Amit Rajput,24,2,Sales,47461,706,2848,1187,1082,41638,0,5787,0,3234,3247,12268,1842,1224,Medium,0.29463470867957153,0.04423843604399827,0.029396224602526538,0.0
EMP03743,Harsh Bagri,50,19,Data Science,153284,13990,9197,2717,1862,125518,26144,12779,0,8136,3260,50319,38211,7419,Medium,0.4008907089023088,0.3044264567631734,0.05910706034194299,0.0
EMP03744,Shreya Arora,47,18,IT,129046,9357,7743,3250,1752,106944,0,20263,27384,8162,6624,62433,18488,4317,Medium,0.5837915170556554,0.1728755236385398,0.040366921005386,0.25605924596050267
EMP03745,Yuvraj Goel,37,16,Operations,84919,3492,5095,2098,1129,73105,17420,9880,0,7675,4187,39162,15942,3464,Medium,0.5356952328842076,0.21806989945968128,0.04738389987004993,0.0
EMP03746,Reema Shreya Sharma,48,17,Operations,78154,2815,4689,1764,1131,67755,0,11331,21938,4470,2609,40348,12468,3547,Medium,0.5954984871965169,0.18401593978304184,0.052350380045753084,0.3237842225666003
EMP03747,Sai Purohit,52,23,Data Science,163942,16122,9837,3941,942,133100,0,18780,41254,4560,2926,67520,36324,5363,Medium,0.5072877535687453,0.27290758827948913,0.040293012772351616,0.3099474079639369
EMP03748,Yuvraj Mathew,34,6,HR,45937,630,2756,948,1286,40317,9930,6317,0,1937,1917,20101,11652,1895,Medium,0.4985738026142818,0.2890095989284917,0.0470025051467123,0.0
EMP03749,Prachi Chauhan,56,27,Finance,130000,9500,7800,2238,1367,109095,20438,13819,0,2751,5212,42220,36817,7093,Medium,0.38700215408588845,0.337476511297493,0.06501672853934644,0.0
EMP03750,Sonali Vidhi More,49,28,Customer Support,60000,1333,3600,1458,1354,52255,0,8621,9503,6387,3523,28034,5520,3288,Medium,0.5364845469333078,0.10563582432303129,0.06292220840110994,0.18185819538800116
EMP03751,Tanvi Patel,45,23,Marketing,88703,3870,5322,1880,1549,76082,6937,11210,0,1717,3991,23855,1382,1696,Medium,0.31354328224810074,0.018164611866144424,0.02229173786178071,0.0
EMP03752,Garima Nair,54,35,Product Management,220000,31000,13200,2756,979,172065,40415,21490,0,8418,6967,77290,48451,10717,Medium,0.4491907128120187,0.2815854473600093,0.06228460174933891,0.0
EMP03753,Tanvi Parmar,26,5,Operations,61399,1403,3684,1352,2358,52602,3018,6815,0,2887,2208,14928,16363,3698,High,0.2837914908178396,0.31107182236416864,0.07030150944830996,0.0
EMP03754,Krishna Vidhi Patel,42,17,Finance,111843,6776,6711,2596,996,94764,0,8732,31927,6005,4767,51431,27036,4033,Medium,0.5427271959815964,0.28529821451183995,0.04255835549364738,0.336910641171753
EMP03755,Ayaan Trivedi,35,10,IT,97646,4765,5859,1907,2101,83014,0,14657,27246,6686,4808,53397,11062,3301,Low,0.6432288529645602,0.13325463174886165,0.039764377093020456,0.32820969956874746
EMP03756,Rashmi Seth,40,15,IT,115134,7270,6908,3496,1681,95779,24154,14089,16749,6105,6706,67803,13188,2264,Low,0.7079109199302561,0.1376919784086282,0.023637749402269807,0.17487131834744568
EMP03757,Megha Tomar,29,3,Sales,49946,831,2997,752,1853,43513,11093,7488,2569,3307,2810,27267,6370,1765,Medium,0.6266403143888033,0.146393031967458,0.04056259049019833,0.05903982717808471
EMP03758,Ritika Iyer,40,14,IT,111743,6761,6705,2622,1582,94073,0,11501,0,9588,6069,27158,25691,6377,Medium,0.28869069764969757,0.2730964251166647,0.06778778182900513,0.0
EMP03759,Rishabh Patel,28,2,Sales,46134,640,2768,938,2234,39554,13413,3997,0,8111,2445,27966,2135,1281,Low,0.707033422662689,0.05397684178591293,0.03238610507154776,0.0
EMP03760,Sneha Saini,48,28,Product Management,210504,28151,12630,2797,1262,165664,0,17581,40761,11958,5487,75787,21966,28798,Medium,0.45747416457407764,0.13259368360054086,0.1738337840448136,0.24604621402356577
EMP03761,Komal Mundra,30,5,Data Science,104300,5645,6258,3772,1613,87012,22385,12025,5339,6424,4904,51077,14370,3505,Medium,0.5870109869903002,0.16514963453316783,0.04028180021146509,0.061359352732956375
EMP03762,Ritika Khandelwal,51,36,Cyber Security,180000,20000,10800,3775,2174,143251,16385,21423,0,5812,4197,47817,58714,8218,Medium,0.3337987169374036,0.4098679939407055,0.0573678368737391,0.0
EMP03763,Vikram Tiwari,26,5,Product Management,139927,11319,8396,2574,2099,115539,32782,20063,0,14400,8047,75292,7272,3766,Medium,0.651658747262829,0.06293978656557526,0.032595054483767386,0.0
EMP03764,Ayaan Roy,24,3,Sales,46603,663,2796,745,1535,40864,4394,3724,3100,3751,2235,17204,9318,3481,Medium,0.4210062646828504,0.22802466718872358,0.08518500391542679,0.07586139389193422
EMP03765,Vaishnavi Lodha,30,6,Customer Support,42041,435,2522,973,1012,37099,8350,5787,0,1674,2366,18177,158,918,Medium,0.48995929809428823,0.0042588749022884715,0.024744602280384918,0.0
EMP03766,Vikram Goel,52,32,Operations,95000,4500,5700,1414,2000,81386,0,11924,22191,4597,4519,43231,14640,4780,Medium,0.5311847246455165,0.17988351804978744,0.05873246012827759,0.27266360307669624
EMP03767,Khushi Khanna,59,38,Marketing,90000,4000,5400,1929,1691,76980,0,10645,0,10646,6597,27888,8494,7533,Medium,0.3622759158222915,0.11034034814237464,0.09785658612626656,0.0
EMP03768,Shivam Ishaan Goel,49,15,IT,118424,7764,7105,3528,1606,98421,0,13425,0,4789,4956,23170,15296,32807,High,0.23541723819103647,0.15541398685239938,0.3333333333333333,0.0
EMP03769,Dev Soni,60,25,Sales,85000,3500,5100,2114,1720,72566,4413,12326,0,5909,3140,25788,18623,5949,High,0.35537303971556927,0.25663533886393075,0.08198054185155583,0.0
EMP03770,Ananya Monika Nair,50,26,HR,70000,2000,4200,1241,1711,60848,4801,9350,0,4570,2421,21142,18238,4779,High,0.3474559558243492,0.2997304759400473,0.07853996844596371,0.0
EMP03771,Karan Parmar,58,27,Data Science,164963,16326,9898,3492,1137,134110,0,17377,31133,5550,5345,59405,17249,29254,Medium,0.44295727387965106,0.12861829841175154,0.21813436731041683,0.23214525389605548
EMP03772,Muskan Soni,41,22,Marketing,87550,3755,5253,1817,1622,75103,4703,9814,5328,4556,5814,30215,3566,1966,Medium,0.40231415522682185,0.047481458796586024,0.02617738306059678,0.07094257220084417
EMP03773,Mansi Khanna,44,16,IT,125873,8881,7552,3287,2403,103750,0,17304,23318,7521,4022,52165,20995,7625,Medium,0.5027951807228915,0.20236144578313253,0.07349397590361446,0.22475180722891566
EMP03774,Sai Agarwal,46,25,Sales,84992,3499,5100,2095,941,73357,0,8925,21278,5050,3045,38298,21986,2349,Medium,0.5220769660700411,0.2997123655547528,0.03202148397562605,0.29006093488010687
EMP03775,Trisha Kohli,48,18,Finance,107581,6137,6455,2777,1596,90616,0,13097,22255,3868,2838,42058,32063,3844,Medium,0.4641343692063212,0.3538337600423766,0.042420764544892735,0.24559680409640683
EMP03776,Priya Solanki,53,36,Sales,85000,3500,5100,1787,1919,72694,0,11360,18852,1615,4486,36313,3299,1588,Low,0.49953228602085453,0.04538201227061381,0.021844994084793793,0.2593336451426528
EMP03777,Mayank Chaudhary,53,25,Data Science,161779,15689,9707,3926,2015,130442,0,20645,36857,5954,3801,67257,37177,4866,Medium,0.5156084696646785,0.28500789622974193,0.03730393584888303,0.2825546986400086
EMP03778,Avantika Iyer,25,3,Cyber Security,100192,5029,6012,2864,865,85422,18768,9997,6418,7932,4181,47296,10163,15748,Medium,0.5536746973847486,0.11897403479197396,0.18435531830207674,0.07513286975252277
EMP03779,Priya Mukherjee,47,19,Data Science,154271,14188,9256,2821,1504,126502,0,20313,23235,5019,5550,54117,50506,4350,Medium,0.4277956079745775,0.399250604733522,0.03438680811370571,0.18367298540734533
EMP03780,Ravi Divya Tiwari,44,26,Customer Support,60000,1333,3600,1949,1548,51570,17617,7673,5576,7208,4276,42350,1888,899,Low,0.8212138840411092,0.036610432421950743,0.017432615861935234,0.10812487880550707
EMP03781,Shruti Rawat,55,33,Marketing,90000,4000,5400,1854,1005,77741,4340,8921,9812,6925,4907,34905,16658,4262,Medium,0.4489908799732445,0.21427560746581598,0.054823066335653,0.126213966890058
EMP03782,Nitin Gupta,39,9,Sales,59953,1331,3597,904,2003,52118,0,8426,10285,7573,5060,31344,4087,3217,Low,0.6014045051613646,0.0784182048428566,0.061725315629916726,0.19734065006331786
EMP03783,Anjali Bajaj,30,4,IT,84895,3490,5094,1978,1886,72447,0,12235,12437,4036,4972,33680,17993,4450,Medium,0.4648915759106657,0.24836087070548124,0.061424213563018484,0.17167032451309233
EMP03784,Avantika Mukherjee,22,3,IT,89671,3967,5380,1999,766,77559,25742,8590,0,11341,6970,52643,5655,2895,Medium,0.678747792003507,0.07291223455691796,0.0373264224654779,0.0
EMP03785,Vivaan Yash Chopra,57,38,Customer Support,60000,1333,3600,2016,1578,51473,16247,8364,0,6278,3433,34322,3583,2004,Medium,0.6667961844073592,0.06960930973520098,0.03893303285217493,0.0
EMP03786,Rohit Purohit,29,7,Cyber Security,114227,7134,6854,3393,1407,95439,21949,17108,0,6143,6257,51457,16960,5109,Medium,0.5391611395760643,0.17770513102610044,0.05353157514223745,0.0
EMP03787,Simran Yuvraj Malhotra,57,28,Operations,95000,4500,5700,2002,1605,81193,16848,12320,0,2886,3637,35691,25723,3098,High,0.43958222999519664,0.31681302575345166,0.03815599866983607,0.0
EMP03788,Yuvraj Behera,51,32,HR,70000,2000,4200,1424,1234,61142,15428,10581,0,1730,2221,29960,20982,2095,Medium,0.49000686925517645,0.3431683621733015,0.0342644990350332,0.0
EMP03789,Preeti Fernandes,59,22,Operations,92109,4211,5527,2131,1793,78447,21122,12029,0,4591,3499,41241,14613,4205,Medium,0.5257180006883628,0.18627863398217906,0.05360306958838451,0.0
EMP03790,Ashish Chaudhary,59,22,Data Science,151885,13710,9113,3923,1576,123563,32646,17580,0,5191,8989,64406,4498,168,Medium,0.5212401770756618,0.03640248294392334,0.0013596303100442688,0.0
EMP03791,Rohit Joshi,40,14,Customer Support,51051,886,3063,1077,2265,43760,10843,6963,0,3043,2181,23030,9247,1835,Medium,0.5262797074954296,0.21131170018281537,0.04193327239488117,0.0
EMP03792,Abhishek Narang,40,14,Customer Support,45311,599,2719,872,1130,39991,0,6519,0,2055,1903,10477,14104,3045,High,0.26198394638793726,0.3526793528543922,0.07614213197969544,0.0
EMP03793,Ayush Gill,48,28,IT,150000,13333,9000,3196,1638,122833,0,14509,38725,12391,7152,72777,11069,16116,Low,0.5924873608883606,0.09011422012000032,0.13120252700821441,0.3152654416972638
EMP03794,Siddharth Nair,53,34,Sales,85000,3500,5100,1723,2200,72477,0,10733,0,1955,1623,14311,30027,4879,Medium,0.1974557445810395,0.41429694937704376,0.06731790775004484,0.0
EMP03795,Kartik Pawar,37,9,Marketing,64447,1556,3867,1298,1808,55918,12149,9303,9356,3442,2247,36497,7862,2732,Medium,0.6526878643728317,0.14059873386029542,0.04885725526664044,0.16731642762616689
EMP03796,Diya Arora,22,2,Finance,73894,2389,4434,1576,1629,63866,13558,6858,0,4295,2207,26918,18989,2787,Medium,0.42147621582688755,0.29732565058090377,0.043638242570381736,0.0
EMP03797,Ishaan Menon,51,30,Finance,130000,9500,7800,3270,1996,107434,0,12916,31625,4442,3577,52560,36286,4110,Medium,0.4892305973900255,0.3377515497887075,0.038256045572165234,0.294366774019398
EMP03798,Nisha Purohit,27,5,Operations,60396,1353,3624,2162,1209,52048,0,9299,0,2773,2437,14509,17291,3444,High,0.27876191208115586,0.33221257300952967,0.06616968951736858,0.0
EMP03799,Akash Bohra,59,34,Marketing,90000,4000,5400,1253,1116,78231,0,7828,16032,8037,3803,35700,17693,3885,Medium,0.45634083675269393,0.22616354130715446,0.049660620470146105,0.20493154887448709
EMP03800,Yash Singh,47,25,Finance,121656,8248,7299,2978,1666,101465,19478,10678,0,7027,2961,40144,39284,5093,Medium,0.3956438180653427,0.38716798896171095,0.050194648400926425,0.0
EMP03801,Sai Fernandes,50,23,Finance,123816,8572,7429,2423,1719,103673,0,11364,28422,10955,4491,55232,18818,5255,Medium,0.5327520183654375,0.18151302653535636,0.05068822161990103,0.2741504538307949
EMP03802,Pallavi Naidu,60,37,Finance,130000,9500,7800,3347,1615,107738,0,14550,28809,15994,9011,68364,8670,4699,Low,0.6345393454491451,0.08047299931314857,0.04361506617906403,0.2673986894132061
EMP03803,Pooja Narang,40,9,Customer Support,45614,614,2737,772,2073,39418,11389,5250,0,4333,3173,24145,3420,2000,Medium,0.6125374194530417,0.08676239281546502,0.05073824141255264,0.0
EMP03804,Vivaan Arora,55,37,Data Science,170000,17500,10200,3152,1881,137267,0,23037,26190,3746,10765,63738,4733,1252,Low,0.4643359292473792,0.03448024652684185,0.009120910342616943,0.19079603983477456
EMP03805,Harsh Swain,54,23,Sales,80853,3085,4851,2171,2162,68584,19367,11555,0,5390,4640,40952,10813,3902,Medium,0.5971071970138808,0.15766067887553947,0.0568937361483728,0.0
EMP03806,Saurabh Maheshwari,30,6,Data Science,110255,6538,6615,3553,1104,92445,10764,15972,0,2986,4782,34504,2858,2635,Medium,0.37323814159770674,0.030915679593271676,0.028503434474552437,0.0
EMP03807,Aditi Tomar,56,32,Customer Support,60000,1333,3600,1517,1040,52510,0,8316,13647,1974,4139,28076,2151,237,Low,0.5346791087411922,0.04096362597600457,0.004513426014092554,0.2598933536469244
EMP03808,Ishita Seth,55,31,Sales,85000,3500,5100,1989,1872,72539,0,10656,24415,11368,5472,51911,3849,2093,Low,0.7156288341443913,0.0530611119535698,0.028853444354071604,0.3365775651718386
EMP03809,Abhishek Rathore,42,24,Finance,121611,8242,7297,2731,2105,101236,0,19812,31216,7528,5220,63776,17024,3464,Low,0.6299735272037615,0.168161523568691,0.03421707692915563,0.30834880872416925
EMP03810,Sneha Fernandes,47,17,Marketing,74968,2497,4498,1889,1675,64409,17708,10991,7668,4669,3158,44194,7502,2847,Low,0.6861463460075455,0.11647440575074912,0.044201897250384266,0.11905168532347964
EMP03811,Lokesh Soni,33,11,IT,108719,6308,6523,3580,1821,90487,0,13037,0,2262,3610,18909,48907,3727,High,0.20896924420082444,0.5404864787207002,0.04118823698431819,0.0
EMP03812,Preeti Vikram Kulkarni,40,15,Customer Support,51364,902,3082,947,1491,44942,13764,8324,0,1958,2925,26971,426,9,Low,0.6001290552267367,0.00947888389479774,0.00020025811045347336,0.0
EMP03813,Vikram Mishra,40,11,Sales,61077,1387,3665,1362,1166,53497,0,8675,10561,4440,3243,26919,10476,2806,Medium,0.5031870946034357,0.19582406490083556,0.052451539338654506,0.19741293904331084
EMP03814,Charu Porwal,49,25,IT,147923,12918,8875,3883,2140,120107,0,15934,30946,5181,4990,57051,37543,4830,Medium,0.47500145703414454,0.31257961650861316,0.040214142389702515,0.2576535922136095
EMP03815,Sonia Daga,47,15,Customer Support,49382,802,2963,754,1606,43257,10353,5687,0,3505,2828,22373,8851,2472,Medium,0.5172110872228772,0.2046142820815128,0.05714682016783411,0.0
EMP03816,Saloni Lakshay Bhatia,41,16,Marketing,75777,2578,4547,1770,1398,65484,5872,10776,0,8807,4563,30018,7216,3505,Medium,0.45840205240974896,0.11019485675890293,0.05352452507482744,0.0
EMP03817,Monika Shukla,58,27,Cyber Security,180000,20000,10800,2242,1410,145548,0,20528,31711,11161,6377,69777,33007,7197,Medium,0.47940885481078405,0.22677742050732405,0.049447604913842855,0.21787314150658202
EMP03818,Akash Shukla,28,7,IT,94643,4464,5679,2075,1357,81068,26996,9821,0,16580,7199,60596,2184,2002,Low,0.7474712586964031,0.026940346375881975,0.024695317511225143,0.0
EMP03819,Pooja Soni,39,12,IT,114634,7195,6878,3598,2100,94863,27568,15018,0,8891,7499,58976,7590,2890,Medium,0.6216965518695382,0.08001011985705701,0.030464986348734492,0.0
EMP03820,Nandini Nagpal,43,16,Finance,106694,6004,6402,2506,1261,90521,16280,11014,9133,1910,3120,41457,30274,3964,Medium,0.4579821256945902,0.3344417317528529,0.04379094353796357,0.10089371527048972
EMP03821,Simran Gill,39,9,IT,105516,5827,6331,3847,920,88591,23558,11831,0,7728,5824,48941,18481,3363,Medium,0.5524376065288799,0.20861035545371426,0.03796096668961858,0.0
EMP03822,Aditya Rathore,38,18,HR,60021,1334,3601,1440,2098,51548,11505,6968,6094,2981,2094,29642,10197,2426,Medium,0.5750368588500039,0.19781562815240164,0.04706293163653294,0.11821991153875999
EMP03823,Bhavna Mathew,36,10,Marketing,62065,1437,3724,1724,1027,54153,14769,9677,0,1199,4158,29803,1714,208,Low,0.5503480878252359,0.031651062729673336,0.003840969106051373,0.0
EMP03824,Bhavna Gill,52,29,Operations,95000,4500,5700,2119,1921,80760,20997,9412,0,6551,4615,41575,15924,5219,Medium,0.5147969291728578,0.19717682020802377,0.06462357602773651,0.0
EMP03825,Megha Wadhwa,43,27,Marketing,90000,4000,5400,1835,908,77857,4230,13713,0,6408,4377,28728,23781,5428,High,0.3689841632736941,0.3054445971460498,0.06971755911478737,0.0
EMP03826,Nitin Nagpal,31,9,Finance,91009,4101,5461,1898,1191,78358,18234,13262,0,5985,4971,42452,15177,3442,Medium,0.5417698256719161,0.19368794507261544,0.0439265933280584,0.0
EMP03827,Rohit Bose,42,28,Data Science,167266,16816,10036,2498,1558,136358,0,16620,39964,7881,4463,68928,14540,29595,Medium,0.5054928937062731,0.10663107408439548,0.21703897094413235,0.29308144736649117
EMP03828,Parth Sharma,44,20,Marketing,85812,3581,5149,1318,1465,74299,0,9704,19810,14835,5306,49655,5391,3401,Low,0.6683131670681974,0.07255817709525027,0.045774505713401255,0.2666253919972005
EMP03829,Nikita Khanna,24,3,Cyber Security,109597,6440,6576,3076,1858,91647,7616,10922,0,7212,2337,28087,43080,3303,Medium,0.30646938797778434,0.4700644865625716,0.03604045958951193,0.0
EMP03830,Krishna Khanna,58,33,Sales,85000,3500,5100,1716,1736,72948,0,10897,19477,5474,3088,38936,16906,3489,Medium,0.5337500685419752,0.23175412622690136,0.04782859022865603,0.26699840982617756
EMP03831,Sonia Malhotra,54,30,Sales,85000,3500,5100,1463,800,74137,0,13302,25122,10216,5855,54495,4353,1578,Low,0.7350580681710887,0.05871562107989263,0.02128491846176673,0.33885913916128246
EMP03832,Kartik Trivedi,59,28,Operations,95000,4500,5700,1234,1929,81637,24486,11984,0,13364,5846,55680,4029,3674,Medium,0.6820436811739775,0.04935262197287994,0.04500410353148695,0.0
EMP03833,Harsh Narang,49,26,IT,143367,12007,8602,3741,2143,116874,38003,12238,13512,21679,8543,93975,5518,2341,Low,0.8040710508753016,0.04721323818813423,0.020030117904752127,0.11561168437804815
EMP03834,Payal Srivastava,27,5,Customer Support,38314,249,2299,988,1425,33353,0,5386,0,1138,2214,8738,738,223,Medium,0.2619854285971277,0.02212694510238959,0.006686055227415825,0.0
EMP03835,Mohit Arjun Mohanty,29,6,Sales,56121,1139,3367,1163,1608,48844,14461,7682,2666,6611,3229,34649,2215,2363,Low,0.7093808860863157,0.04534845630988453,0.04837851117844567,0.05458193432151339
EMP03836,Mohit Verma,37,12,Finance,96338,4634,5780,1451,1346,83127,19477,13347,10314,5858,4132,53128,13452,2906,Medium,0.6391184573002755,0.16182467790248656,0.03495855738809292,0.12407521022050597
EMP03837,Kartik Kapoor,28,5,Data Science,104224,5634,6253,3203,2340,86794,29138,9034,7902,12770,6823,65667,3378,1895,Low,0.7565845565361661,0.038919740995921374,0.02183330644975459,0.09104315966541467
EMP03838,Rajat Solanki,23,3,Cyber Security,107111,6067,6427,3987,903,89727,21184,12172,0,9120,5303,47779,20172,4356,Medium,0.5324930065643563,0.22481527299475074,0.04854726002206693,0.0
EMP03839,Harsh Muskan Mukherjee,52,22,Cyber Security,160009,15335,9601,3770,2270,129033,0,21328,0,18880,9100,49308,8062,10127,Medium,0.3821348027248843,0.06248014073919075,0.07848379871815737,0.0
EMP03840,Gaurav Nagpal,54,24,Sales,85000,3500,5100,1890,1087,73423,7368,11745,0,3671,1687,24471,28462,4114,High,0.33328793429851683,0.38764419868433597,0.05603148877054874,0.0
EMP03841,Shubham Divya Kohli,51,31,Finance,130000,9500,7800,2638,2134,107928,25089,15695,9109,3366,3449,56708,30864,4317,High,0.5254243569787266,0.28596842339337336,0.03999888814765399,0.0843988584982581
EMP03842,Sakshi Kohli,34,7,Finance,84781,3478,5087,1978,2151,72087,0,10196,16693,5094,4150,36133,15886,3354,Medium,0.5012415553428496,0.22037260532412223,0.046527113071705026,0.23156741159987237
EMP03843,Garima Malhotra,36,15,Operations,73410,2341,4405,2182,1829,62653,14678,9958,0,2612,3015,30263,18722,3264,Medium,0.48302555344516623,0.2988204874467304,0.05209646784671125,0.0
EMP03844,Tushar Mohanty,38,17,IT,125103,8765,7506,2381,2219,104232,0,10851,36311,7972,5232,60366,11563,13047,Medium,0.5791503568961547,0.11093522142911966,0.12517269168777342,0.3483671041522757
EMP03845,Nisha Aditi Ghosh,26,5,Sales,51773,922,3106,887,1382,45476,4209,6453,0,4971,2082,17715,13001,2870,Medium,0.38954613422464596,0.28588706130706304,0.06311021197994547,0.0
EMP03846,Ayaan Patel,48,19,Customer Support,49835,825,2990,1060,1767,43193,0,6444,0,1036,1513,8993,20617,2925,High,0.20820503322297595,0.47732271432871065,0.06771930636908759,0.0
EMP03847,Nitin Pillai,53,25,IT,142899,11913,8574,2824,2195,117393,34496,17596,0,2989,5534,60615,3931,2396,Medium,0.5163425417188419,0.03348581261233634,0.020410075558167862,0.0
EMP03848,Kartik Riya George,46,22,Operations,87006,3701,5220,1233,1827,75025,15093,9983,0,1734,3523,30333,28100,3772,High,0.4043052315894702,0.3745418193935355,0.05027657447517494,0.0
EMP03849,Kunal Khurana,24,1,IT,81388,3139,4883,2033,1161,70172,0,6183,0,4191,3625,13999,33449,4057,High,0.19949552528073874,0.47667160690873855,0.05781508293906401,0.0
EMP03850,Vidhi Chaudhary,39,17,Customer Support,48923,779,2935,848,1538,42823,0,4351,5696,3538,2528,16113,12996,2637,Medium,0.3762697615767228,0.3034817738131378,0.061579057982859675,0.13301263339794037
EMP03851,Anurag Dubey,50,26,Sales,85000,3500,5100,1976,1386,73038,20550,12152,12195,12173,5863,62933,2261,1533,Low,0.8616473616473617,0.030956488403296914,0.020989074180563543,0.16696787973383717
EMP03852,Arjun Jadhav,22,0,Cyber Security,96683,4668,5801,1626,1958,82630,0,10680,0,7082,5256,23018,22553,6768,High,0.2785671063778289,0.27293961031102504,0.08190729759167373,0.0
EMP03853,Lakshay Vivek Agarwal,38,8,Operations,63930,1530,3836,1981,1923,54660,3353,7659,8375,2457,2989,24833,1351,837,Low,0.45431759970728136,0.024716428832784486,0.01531284302963776,0.15321990486644713
EMP03854,Shruti Shruti Deshmukh,35,9,IT,99759,4976,5986,1688,1156,85953,27304,8780,9825,15242,6843,67994,2425,3082,Low,0.7910602305911371,0.028213093202098822,0.03585680546345096,0.11430665596314264
EMP03855,Priya Tayal,34,9,IT,103586,5538,6215,2923,1528,87382,21899,11691,0,2430,2237,38257,27328,3505,High,0.4378132796228056,0.3127417545947678,0.0401112357236044,0.0
EMP03856,Deepak Ghosh,44,18,HR,59227,1295,3554,827,2048,51503,14044,8935,0,2775,2783,28537,10478,1917,Medium,0.5540842281032173,0.20344445954604587,0.03722113274954857,0.0
EMP03857,Sonia Goel,60,29,Data Science,170000,17500,10200,3613,1610,137077,37425,22174,15778,7592,8635,91604,22226,4609,Medium,0.6682667405910546,0.16214244548684317,0.03362343792175201,0.1151031901777833
EMP03858,Akash Ahuja,43,20,IT,134018,10137,8041,2653,2077,111110,29079,17338,0,6523,4700,57640,18058,18832,High,0.5187651876518765,0.16252362523625236,0.16948969489694896,0.0
EMP03859,Shruti Behera,42,15,Customer Support,51300,898,3078,1019,1008,45297,9737,4680,0,2924,2781,20122,1817,51,Medium,0.444223679272358,0.040113031768108265,0.0011259023776409034,0.0
EMP03860,Tanvi Thomas,58,24,Marketing,90000,4000,5400,2150,1930,76520,22594,12393,0,2869,3332,41188,2025,1256,Medium,0.5382645060115002,0.026463669628855203,0.016414009409304757,0.0
EMP03861,Aman Vihaan Lodha,48,18,Data Science,137225,10778,8234,3122,1453,113638,0,10877,38574,9375,5333,64159,31618,4178,Medium,0.5645910698885936,0.27823439342473466,0.03676587057146377,0.3394463119731076
EMP03862,Sumit Bansal,36,10,Finance,91841,4184,5510,1758,1773,78616,17587,10839,0,2071,1736,32233,23506,5025,High,0.41000559682507376,0.2989976595095146,0.06391828635392287,0.0
EMP03863,Aakash Mansi Soni,52,30,Operations,95000,4500,5700,1444,1438,81918,0,10194,24905,1528,3438,40065,28920,2821,Medium,0.489086647623233,0.35303596279206034,0.034436875900290535,0.3040235357308528
EMP03864,Ravi Bohra,43,17,Operations,80512,3051,4831,1709,1472,69449,0,8619,0,7470,3778,19867,21050,4621,High,0.2860660340681651,0.3031001166323489,0.06653803510489711,0.0
EMP03865,Vihaan Malhotra,29,5,Cyber Security,110277,6542,6617,2595,2404,92119,23377,12302,0,8296,3741,47716,16636,5671,Medium,0.5179821752298657,0.18059249449082165,0.06156167565865891,0.0
EMP03866,Vivek Reddy,44,28,HR,70000,2000,4200,1891,1439,60470,15695,9298,0,3718,3313,32024,13095,3816,Medium,0.5295849181412271,0.21655366297337522,0.0631056722341657,0.0
EMP03867,Abhishek Chopra,30,3,Product Management,130233,9535,7814,3881,1332,107671,0,15618,28210,16928,7560,68316,9648,2981,Low,0.6344883952039082,0.08960630067520502,0.0276861921965989,0.26200183893527507
EMP03868,Ananya Purohit,42,27,Marketing,90000,4000,5400,1906,2125,76569,0,12708,23514,3069,2362,41653,21022,2971,Medium,0.543992999777978,0.27454975251080727,0.03880160378220951,0.3070955608666693
EMP03869,Gaurav Sanya Khurana,41,25,Product Management,209557,27867,12573,3740,1074,164303,39211,13958,0,12702,6538,72409,20634,42132,High,0.4407040650505469,0.12558504713851848,0.2564286714180508,0.0
EMP03870,Diya Nagpal,25,2,Marketing,51883,927,3113,1085,2104,44654,0,5727,0,3687,2679,12093,11620,3433,Medium,0.27081560442513547,0.26022304832713755,0.07688001074931697,0.0
EMP03871,Simran Shetty,50,16,Operations,78226,2823,4694,1810,1985,66914,0,7954,17609,3185,2426,31174,24211,2221,Medium,0.4658815793406462,0.3618226380129719,0.03319185820605553,0.26315868129240516
EMP03872,Nitin Jain,31,5,Finance,81420,3142,4885,1384,840,71169,17639,8866,0,7106,3688,37299,12928,3464,Medium,0.5240905450406779,0.18165212381795445,0.04867287723587517,0.0
EMP03873,Lokesh Das,48,25,Finance,123531,8530,7412,2423,2038,103128,21589,13765,0,5553,5713,46620,26798,6205,Medium,0.4520595764486851,0.2598518346132961,0.06016794662943139,0.0
EMP03874,Mansi Wadhwa,44,17,Cyber Security,151439,13621,9086,2343,1259,125130,26001,15068,0,4061,3265,48395,40679,7270,High,0.3867577719172061,0.32509390234156477,0.05809957644050188,0.0
EMP03875,Anurag Menon,59,22,IT,137860,10905,8272,3525,1464,113694,23950,14475,0,11104,4349,53878,24465,6447,Medium,0.47388604499797704,0.21518285925378647,0.05670483930550425,0.0
EMP03876,Rishabh Kulkarni,58,37,Operations,95000,4500,5700,1838,1449,81513,17080,12124,8010,2873,1793,41880,26755,2554,Medium,0.5137830775459129,0.32822985290689827,0.031332425502680554,0.09826653417246328
EMP03877,Riya Trivedi,37,15,Customer Support,49542,810,2973,947,1672,43140,4302,7256,2569,2804,2368,19299,10365,2684,Medium,0.4473574408901252,0.2402642559109875,0.0622160407974038,0.0595503013444599
EMP03878,Aman Tomar,45,18,Marketing,78760,2876,4726,2124,1422,67612,0,10474,17285,2454,4083,34296,789,298,Low,0.5072472342187777,0.011669526119623736,0.0044075016269301305,0.25564988463586347
EMP03879,Khushi Fernandes,39,16,Product Management,179827,19957,10790,2633,1135,145312,47435,23865,25230,19442,11169,127141,2425,2073,Low,0.8749518277912354,0.016688229464875578,0.01426585553842766,0.17362640387579828
EMP03880,Nikhil Kulkarni,30,6,Data Science,106701,6005,6402,2397,1905,89992,0,14236,28681,6197,4538,53652,15773,3194,Low,0.5961863276735709,0.17527113521201884,0.035492043737221084,0.31870610720952974
EMP03881,Lakshay Vivek Solanki,25,0,Finance,70000,2000,4200,1885,1251,60664,14482,6087,6875,3338,2913,33695,18367,1396,Medium,0.5554365027034155,0.30276605565079784,0.023012000527495715,0.11332915732559673
EMP03882,Riya Khandelwal,59,27,IT,150000,13333,9000,2502,1924,123241,25111,18622,0,3845,2868,50446,38580,8531,Medium,0.40932806452398146,0.3130451716555367,0.06922209329687361,0.0
EMP03883,Reema Swain,56,30,Finance,130000,9500,7800,2673,1508,108519,0,18478,34765,2955,8883,65081,2707,1112,Low,0.5997198647241497,0.024944940517328762,0.010247053511366674,0.32035864687289783
EMP03884,Muskan Thomas,34,6,Marketing,59144,1291,3549,817,2295,51192,13329,7491,5774,3209,2699,32502,7505,1843,Medium,0.6349038912330052,0.14660493827160495,0.03600171901859665,0.1127910611032974
EMP03885,Deepak Suri,55,36,Customer Support,60000,1333,3600,1774,1227,52066,16489,8799,7398,8017,4417,45120,1475,860,Low,0.8665924019513694,0.028329428033649597,0.016517497023009257,0.14208888718165405
EMP03886,Khushi Mukherjee,40,14,Sales,71999,2200,4320,1401,2120,61958,16597,11690,0,2417,3177,33881,735,751,Medium,0.5468381807030569,0.011862874850705316,0.012121114303237677,0.0
EMP03887,Harsh Roy,22,1,Finance,70249,2025,4215,1518,2175,60316,19255,8383,0,10322,5837,43797,3990,1432,Low,0.72612573778102,0.06615160156509052,0.023741627428874593,0.0
EMP03888,Ashish Chauhan,42,23,Operations,94996,4500,5700,2142,1928,80726,21330,12115,0,2613,5669,41727,1245,743,Medium,0.5168966627852241,0.015422540445457473,0.009203973936526026,0.0
EMP03889,Aarav Patel,35,5,Operations,58924,1280,3535,980,1594,51535,11941,6748,1736,3559,3130,27114,1530,680,Medium,0.5261278742602115,0.029688561172019016,0.013194916076452895,0.03368584457165034
EMP03890,Lokesh Naidu,41,27,Sales,85000,3500,5100,1381,1587,73432,0,11862,12244,8648,6373,39127,5047,3813,Low,0.5328330972872862,0.06873025384028761,0.05192559102298725,0.16673929621963177
EMP03891,Ayaan Lodha,52,22,HR,62984,1483,3779,1204,1228,55290,0,9766,14565,8052,3798,36181,2873,2438,Low,0.6543859649122807,0.05196238017724724,0.04409477301501176,0.2634291915355399
EMP03892,Prateek Ahuja,42,25,IT,139381,11210,8363,2946,1253,115609,0,10457,37002,11015,5765,64239,12133,16311,Medium,0.5556574315148475,0.10494857666790648,0.1410876315857762,0.3200615869006738
EMP03893,Jyoti Kulkarni,60,23,Customer Support,55061,1086,3304,1085,1691,47895,10189,6360,0,1772,1697,20018,15975,2695,Medium,0.41795594529700386,0.3335421233949264,0.05626892159933187,0.0
EMP03894,Prachi Pandey,59,23,Sales,82201,3220,4932,1287,1714,71048,23341,11601,3126,12264,7116,57448,2575,1818,Low,0.808580114851931,0.03624310325413805,0.025588334646999212,0.04399842360094584
EMP03895,Aarav Shivam Porwal,26,5,Product Management,140651,11464,8439,3678,1084,115986,0,13492,30206,11637,7266,62601,11817,23444,Medium,0.5397289328022348,0.10188298587760591,0.20212784301553635,0.26042798268756573
EMP03896,Aakash Verma,35,6,Cyber Security,115350,7302,6921,3513,1190,96424,0,10245,0,6844,3157,20246,48831,4554,Medium,0.2099684725794408,0.506419563594126,0.04722890566663901,0.0
EMP03897,Lokesh Chopra,58,27,Customer Support,60000,1333,3600,1211,1538,52318,0,8024,15833,3879,3226,30962,7595,2744,Low,0.5918039680415919,0.14516992239764517,0.05244848809205245,0.30263006995680264
EMP03898,Rajat Shukla,39,14,Operations,78113,2811,4687,2166,1778,66671,0,10957,16244,10359,4346,41906,3771,4115,Low,0.6285491443056201,0.05656132351397159,0.061720988135771176,0.2436441631293966
EMP03899,Shivam Ghosh,39,17,IT,121297,8195,7278,2240,1819,101765,0,14237,29826,5783,5208,55054,12514,14222,Medium,0.5409915000245664,0.12296958679310176,0.13975335331400776,0.29308701419938094
EMP03900,Sai Pankaj Ahuja,43,28,Customer Support,60000,1333,3600,1651,1979,51437,3427,8205,0,8195,5199,25026,4432,3039,Medium,0.4865369286700235,0.08616365651184944,0.05908198378599063,0.0
EMP03901,Ishita Aditi Mehta,47,24,IT,144560,12245,8674,3769,1597,118275,0,15273,0,4971,5808,26052,21361,37831,High,0.22026632847178187,0.18060452335658422,0.319856267173959,0.0
EMP03902,Muskan Naidu,47,26,Sales,85000,3500,5100,1878,1507,73015,21897,12584,12798,10254,5357,62890,2214,961,Low,0.8613298637266316,0.03032253646510991,0.013161679107032802,0.17527905224953777
EMP03903,Divya Bajaj,25,3,Operations,52866,977,3172,718,2146,45853,12014,4615,0,7889,2543,27061,4366,2583,Medium,0.5901685822083615,0.09521732492966654,0.05633219200488518,0.0
EMP03904,Charu Pradhan,25,2,Operations,53328,1000,3200,1076,2460,45592,5165,5462,0,5272,3063,18962,10926,2680,Medium,0.4159062993507633,0.2396473065450079,0.05878224249868398,0.0
EMP03905,Pooja Yadav,40,10,Cyber Security,123186,8478,7391,3968,1674,101675,17804,14925,0,3710,2868,39307,43563,3564,Medium,0.3865945414310302,0.42845340545856897,0.035052864519301695,0.0
EMP03906,Vivek Iyer,45,26,Cyber Security,176043,19011,10563,3779,1299,141391,36938,22999,15046,9937,6558,91478,10961,15870,Low,0.6469860174975777,0.07752261459357385,0.11224193902016394,0.10641412819769293
EMP03907,Swati Sharma,34,8,Marketing,59014,1284,3541,1182,1328,51679,3695,7932,0,8680,4608,24915,3814,3837,Medium,0.4821107219566942,0.07380173764972232,0.07424679270109716,0.0
EMP03908,Nisha Rajput,41,24,Sales,79791,2979,4787,1836,1891,68298,20772,10370,8595,7558,4874,52169,3585,1586,Low,0.7638437435942488,0.05249055609241852,0.02322176344841723,0.12584555916717913
EMP03909,Aman Tomar,29,4,Data Science,102631,5395,6158,2290,2202,86586,17985,10136,5103,8514,3837,45575,14070,13702,High,0.5263552999330146,0.1624974014274825,0.1582472917099762,0.05893562469683321
EMP03910,Nisha Sahu,40,13,Finance,101422,5213,6085,2784,1207,86133,0,14832,0,6246,3869,24947,21423,6758,Medium,0.28963347381375315,0.2487200027863885,0.07846005595996888,0.0
EMP03911,Aakash Bhardwaj,56,38,Data Science,170000,17500,10200,2666,2179,137455,0,25675,34333,7950,6676,74634,24470,9504,Medium,0.542970426685097,0.17802189807573388,0.06914262849659888,0.24977629042232002
EMP03912,Tarun Verma,33,10,Data Science,119310,7896,7159,2801,1099,100355,0,18745,24518,7721,7101,58085,19874,5286,Medium,0.5787952767674754,0.1980369687608988,0.05267301081161875,0.2443126899506751
EMP03913,Vivek Soni,44,21,IT,127886,9183,7673,2344,1832,106854,12365,16817,0,7402,5931,42515,29108,7816,Medium,0.3978793493926292,0.2724090815505269,0.07314653639545549,0.0
EMP03914,Sonia Saini,48,20,IT,128553,9283,7713,3864,1085,106608,23297,15464,6566,3121,7210,55658,179,979,Medium,0.5220808944919706,0.0016790484766621642,0.009183175746660664,0.061590124568512684
EMP03915,Abhishek Rupal Singh,49,16,IT,119410,7912,7165,2432,2289,99612,6525,14024,30024,2122,4853,57548,3153,1033,Low,0.5777215596514477,0.03165281291410674,0.010370236517688631,0.30140946873870617
EMP03916,Rishabh Seth,24,3,IT,84147,3415,5049,2135,1005,72543,0,7887,0,6264,4215,18366,25720,6324,High,0.25317397957073734,0.35454833684848985,0.08717588189074066,0.0
EMP03917,Monika Bajaj,44,21,Sales,79716,2972,4783,1533,2233,68195,12612,5419,0,3994,2953,24978,24338,3165,Medium,0.36627318718381113,0.3568883349219151,0.04641102720140773,0.0
EMP03918,Tanvi Bhatia,47,20,HR,64493,1558,3870,1834,1520,55711,0,5921,18509,5129,3027,32586,10266,2356,Low,0.5849114178528477,0.18427240580854767,0.04228967349356501,0.33223241370644935
EMP03919,Ayaan Maheshwari,32,5,Finance,83102,3310,4986,1855,2077,70874,5062,10031,0,3663,3592,22348,24969,5141,High,0.3153201456105201,0.35230126703727743,0.07253717865507803,0.0
EMP03920,Namrata Daga,57,24,Operations,93012,4301,5581,1830,2126,79174,0,11969,20980,10857,7156,50962,5581,2747,Low,0.6436709020638088,0.07049031247631798,0.03469573344784904,0.26498598024604036
EMP03921,Riya Yuvraj Das,37,16,Operations,78854,2885,4731,1706,1826,67706,0,11996,19440,9943,7182,48561,4174,2039,Low,0.717233332348684,0.061648893746492184,0.03011549936490119,0.2871237408796857
EMP03922,Tushar Nair,32,7,Sales,52498,958,3150,708,1242,46440,12460,6581,11344,5830,3695,39910,801,991,Low,0.8593884582256676,0.017248062015503877,0.021339362618432386,0.24427217915590008
EMP03923,Yash Shinde,40,10,Sales,60496,1358,3630,2069,2041,51398,14334,8780,0,1663,3295,28072,176,114,Medium,0.5461691116385852,0.0034242577532199695,0.0022179851356083895,0.0
EMP03924,Divya Verma,30,4,Customer Support,37323,199,2239,914,1168,32803,7833,3924,4184,3293,2066,21300,5425,1009,Medium,0.6493308538853154,0.16538121513276224,0.030759381763863062,0.12754930951437368
EMP03925,Sonali Mohanty,26,2,Sales,51127,890,3068,815,1979,44375,10574,3914,0,3159,1897,19544,6257,8299,Medium,0.4404281690140845,0.14100281690140845,0.18701971830985917,0.0
EMP03926,Avantika Banerjee,22,2,Product Management,120000,8000,7200,2360,1214,101226,24120,13162,0,11683,6084,55049,22454,4477,Medium,0.5438227332898662,0.22182048090411555,0.044227767569596746,0.0
EMP03927,Nikhil Shukla,24,3,Data Science,101148,5172,6069,2347,1535,86025,0,7082,0,6676,3618,17376,16299,31210,High,0.20198779424585875,0.18946817785527462,0.362801511188608,0.0
EMP03928,Hemant Malhotra,53,25,Sales,83203,3320,4992,1866,1357,71668,0,10596,0,2351,3087,16034,36826,4350,High,0.2237260702126472,0.5138416029469219,0.06069654518055478,0.0
EMP03929,Saloni Maheshwari,45,18,Marketing,82705,3270,4962,1911,1962,70600,0,9553,19233,2453,1741,32980,25738,2172,Medium,0.4671388101983003,0.36456090651558076,0.030764872521246458,0.2724220963172804
EMP03930,Ankit Sumit Shinde,33,6,HR,45454,606,2727,776,1030,40315,9659,6711,0,2659,2017,21046,8668,2142,Medium,0.5220389433213444,0.2150068212824011,0.05313158873868287,0.0
EMP03931,Rashmi Seth,32,7,Finance,83352,3335,5001,2001,2087,70928,19652,7406,3718,10091,5369,46236,6040,2900,Medium,0.65187232122716,0.0851567787051658,0.040886532822016694,0.05241935483870968
EMP03932,Aisha Kohli,32,6,Customer Support,44109,539,2647,761,1350,38812,9729,6815,4243,3138,2031,25956,5157,1784,Medium,0.6687622384829435,0.13287127692466247,0.04596516541275894,0.1093218592187983
EMP03933,Sai Iyer,53,35,HR,70000,2000,4200,1690,1533,60577,0,8903,13709,2857,2836,28305,16505,3773,Medium,0.46725654951549267,0.27246314607854466,0.062284365353186856,0.22630701421331528
EMP03934,Karan Verma,32,9,IT,104941,5741,6296,3002,1481,88421,0,11740,0,6395,4595,22730,25025,9732,High,0.25706562920573167,0.2830210017982154,0.1100643512287805,0.0
EMP03935,Ananya Divya Lodha,43,26,Finance,128459,9269,7708,3787,2189,105506,0,18138,0,5562,6251,29951,36105,9591,High,0.28387958978636285,0.3422080260838246,0.09090478266638864,0.0
EMP03936,Trisha Tayal,36,8,Sales,58739,1270,3524,794,1937,51214,0,8242,0,7379,3852,19473,5163,4029,Medium,0.3802280626391221,0.1008122778927637,0.07866989495059945,0.0
EMP03937,Pallavi Tomar,53,28,Marketing,90000,4000,5400,1456,1008,78136,0,13861,21807,14082,6461,56211,4876,2794,Low,0.7193995085491963,0.062404013514897105,0.035758165250332756,0.2790903040851848
EMP03938,Vihaan Chopra,28,4,Finance,77103,2710,4626,1973,2324,65470,17407,7684,3830,6358,3831,39110,10244,2604,Medium,0.5973728425232931,0.1564686115778219,0.0397739422636322,0.05850007637085688
EMP03939,Aditi Sumit Bedi,50,22,Cyber Security,163653,16064,9819,3617,1281,132872,0,25493,31258,7581,6455,70787,27850,7828,Medium,0.5327458004696249,0.20960021674995485,0.058913841892949605,0.23524896140646637
EMP03940,Priya Kohli,60,28,Sales,85000,3500,5100,1843,2311,72246,0,11260,15388,10572,4692,41912,5202,4770,Low,0.5801290036818647,0.07200398637986878,0.06602441657669629,0.2129944910444869
EMP03941,Kunal Pandey,50,25,Operations,90575,4058,5434,1722,1803,77558,0,13732,24373,1838,4428,44371,348,395,Low,0.5721008793419119,0.0044869645942391505,0.00509296268598984,0.31425513809020345
EMP03942,Ishaan Mohanty,40,10,Data Science,115266,7290,6916,2934,2215,95911,27897,16311,0,14927,6767,65902,5734,3312,Medium,0.6871161806257885,0.05978459196546799,0.03453201405469654,0.0
EMP03943,Prateek Gupta,47,16,Sales,71064,2106,4264,1377,2324,60993,16530,9124,0,4712,4028,34394,12574,2822,Medium,0.5639007754988278,0.2061548046497139,0.04626760447920253,0.0
EMP03944,Bhavna Chaudhary,60,28,Customer Support,60000,1333,3600,2003,823,52241,0,9147,11398,2544,4368,27457,833,896,Low,0.5255833540705576,0.015945330296127564,0.017151279646254857,0.2181811221071572
EMP03945,Aditya Sandhu,41,17,Sales,75540,2554,4532,2088,1780,64586,15812,9024,8089,6097,3377,42399,7998,3034,Low,0.6564735391570928,0.12383488681757657,0.046976124856780106,0.12524386089864675
EMP03946,Aarav Mathew,41,18,Sales,76583,2658,4595,2121,1438,65771,0,10559,21159,3707,2834,38259,10807,3116,Medium,0.581700141399705,0.16431253896094022,0.047376503322132855,0.3217071353636101
EMP03947,Rakesh Bansal,52,27,Marketing,90000,4000,5400,1310,1854,77436,15783,12330,0,2076,1715,31904,25491,4545,High,0.41200475231158634,0.3291879745854641,0.058693630869363085,0.0
EMP03948,Sanya Swati Parmar,28,2,Customer Support,35000,83,2100,1016,1409,30392,5821,2262,0,1784,1280,11147,12449,1504,Medium,0.36677415109239275,0.4096143722032114,0.04948670702816531,0.0
EMP03949,Monika Neha Tayal,24,0,Marketing,50000,833,3000,1075,969,44123,11029,5561,0,3908,2079,22577,8953,2670,Medium,0.5116832490991093,0.20291004691430772,0.06051265779752057,0.0
EMP03950,Pankaj D'Souza,51,38,Sales,85000,3500,5100,1849,1773,72778,0,7010,17411,5680,3665,33766,17175,3445,Medium,0.46395888867514906,0.23599164582703563,0.04733573332600511,0.23923438401714803
EMP03951,Charu Purohit,59,38,Marketing,90000,4000,5400,1524,1698,77378,0,11120,17960,4624,3499,37203,16157,5225,Medium,0.4807955749696296,0.2088061206027553,0.06752565328646386,0.23210731732533796
EMP03952,Ankit Daga,27,2,Data Science,95440,4544,5726,1576,1823,81771,18218,10898,0,1657,2045,32818,24669,4143,Medium,0.40134032847831136,0.30168397108999523,0.05066588399310269,0.0
EMP03953,Sai Jadhav,58,27,IT,141198,11573,8472,2442,1983,116728,29229,19886,0,4692,8736,62543,5365,1158,Medium,0.5358011788088548,0.04596155164142279,0.009920498937701323,0.0
EMP03954,Vivaan Nair,27,6,HR,42954,481,2577,1165,1801,36930,10070,5017,0,3494,1922,20503,7828,1811,Medium,0.5551854860546981,0.21196858922285405,0.049038721906309236,0.0
EMP03955,Ravi Varun Khurana,53,34,IT,150000,13333,9000,3055,1519,123093,31931,12763,8436,10031,4942,68103,27264,5674,Medium,0.5532646048109966,0.22149106772927787,0.0460952288107366,0.06853354780531792
EMP03956,Shivam Chatterjee,60,38,Operations,95000,4500,5700,1739,1123,81938,0,13619,16241,14949,6742,51551,7161,4578,Medium,0.6291464277868632,0.08739534770192096,0.055871512607093166,0.1982108423442115
EMP03957,Lokesh Pawar,57,36,Sales,85000,3500,5100,2182,1278,72940,0,10017,21014,2269,5051,38351,574,673,Low,0.5257883191664382,0.007869481765834933,0.009226761721963258,0.2880998080614203
EMP03958,Sneha Sneha More,37,9,Finance,86718,3672,5203,1558,1281,75004,12606,10383,0,2741,2879,28609,31412,3096,High,0.3814329902405205,0.4188043304357101,0.0412777985174124,0.0
EMP03959,Ravi Bohra,49,22,Sales,78704,2870,4722,1283,1766,68063,0,9842,0,4125,3131,17098,22951,4615,Medium,0.25120843924011577,0.33720229787109,0.0678048278800523,0.0
EMP03960,Dhruv Solanki,47,24,IT,137773,10888,8266,2325,1827,114467,0,20778,36550,6195,7737,71260,17981,3899,Low,0.6225374998907982,0.157084574593551,0.0340622188054199,0.31930600085614197
EMP03961,Jyoti Bansal,53,22,IT,134568,10247,8074,2244,1227,112776,24653,17209,16261,7475,7305,72903,9253,13594,Medium,0.6464407320706533,0.08204759877988224,0.12053983116975243,0.14418847981840108
EMP03962,Ananya Iyer,40,15,IT,112704,6906,6762,2985,1742,94309,22228,15663,0,6626,4983,49500,20739,5368,Medium,0.5248703729230508,0.21990478109194245,0.05691927599698862,0.0
EMP03963,Vikram Nagpal,50,19,Operations,86810,3681,5209,1362,1903,74655,0,13459,20013,5695,5557,44724,11218,3678,Medium,0.5990757484428371,0.15026455026455027,0.04926662648181636,0.2680731364275668
EMP03964,Nandini D'Souza,51,37,HR,70000,2000,4200,1546,1495,60759,0,8274,19437,2148,2388,32247,16327,2084,Medium,0.5307361872315213,0.2687173916621406,0.03429944534966013,0.3199032242136967
EMP03965,Diya Solanki,33,10,Sales,63020,1484,3781,2027,1540,54188,0,8263,1825,3734,2231,16053,15540,5629,High,0.296246401417288,0.2867793607440762,0.10387908762087547,0.033679043330626705
EMP03966,Rajat Chatterjee,33,5,Sales,58156,1241,3489,726,1363,51337,16707,5988,4944,3877,3973,35489,308,662,Low,0.6912947776457525,0.005999571459181487,0.012895182811617351,0.0963048093967314
EMP03967,Priya Saini,42,22,Finance,118279,7742,7097,2530,1561,99349,24830,14656,4619,4544,5262,53911,18424,5613,Medium,0.5426426033477941,0.18544726167349446,0.0564978006824427,0.04649266726388791
EMP03968,Shubham Soni,55,36,Marketing,90000,4000,5400,2099,1963,76538,20835,13743,5027,4577,5610,49792,11786,2891,Medium,0.6505526666492462,0.15398886827458255,0.03777208706786172,0.06567979304397815
EMP03969,Sumit Jindal,33,6,HR,47232,695,2834,928,1675,41100,8679,5200,0,784,1488,16151,13230,2524,Medium,0.3929683698296837,0.3218978102189781,0.06141119221411192,0.0
EMP03970,Rohan Seth,31,9,Finance,87055,3706,5223,1788,1394,74944,0,12468,0,5970,4104,22542,22443,7021,High,0.30078458582408196,0.2994635994876174,0.09368328351836037,0.0
EMP03971,Rohit Bagri,30,3,Finance,80552,3055,4833,2019,1476,69169,0,10620,0,2986,3340,16946,4827,2063,Medium,0.2449941447758389,0.06978559759429802,0.029825499862655237,0.0
EMP03972,Swati Rakesh Bedi,27,5,Operations,60442,1355,3627,1269,1803,52388,12331,7549,0,1542,1891,23313,19345,2268,Medium,0.4450064900358861,0.3692639535771551,0.0432923570283271,0.0
EMP03973,Deepak Wadhwa,33,9,Marketing,62590,1463,3755,1539,1320,54513,13906,6275,0,4592,2468,27241,10154,3426,Medium,0.49971566415350466,0.18626749582668353,0.06284739419954873,0.0
EMP03974,Reema Arora,34,5,Finance,87170,3717,5230,1230,1902,75091,15093,9565,7603,3997,3472,39730,8967,12960,Medium,0.5290913691387783,0.11941510966693746,0.17259059008403138,0.10125048274759958
EMP03975,Sneha Megha Fernandes,49,15,HR,54722,1069,3283,831,1410,48129,0,7415,15872,3030,2239,28556,7773,2894,Medium,0.5933221134866712,0.16150345945272082,0.06013006711130504,0.32978038189033637
EMP03976,Kartik Lodha,38,16,Sales,73749,2375,4425,1783,1604,63562,6976,9528,0,1857,3748,22109,2538,29,Medium,0.3478336112771782,0.03992951763632359,0.0004562474434410497,0.0
EMP03977,Garima Tomar,57,32,Operations,95000,4500,5700,1251,2256,81293,6628,13066,0,2557,4202,26453,32597,4778,Medium,0.3254031712447566,0.4009816343350596,0.05877504828213991,0.0
EMP03978,Rishabh Menon,39,9,HR,51761,921,3106,864,1598,45272,8868,7381,3612,1300,1555,22716,13125,1824,High,0.5017670966601873,0.2899142958119809,0.04028980385227072,0.07978441420745715
EMP03979,Reema More,55,30,Finance,129818,9473,7789,2951,1551,108054,0,15166,22210,6644,5688,49708,21751,9054,Medium,0.4600292446369408,0.20129749939844893,0.08379143761452607,0.20554537546041793
EMP03980,Tarun Purohit,33,9,Sales,61903,1428,3714,1308,1912,53541,0,7220,2924,5335,3394,18873,5624,3544,Medium,0.3524962178517398,0.10504099661941316,0.06619226387254627,0.054612353149922487
EMP03981,Abhishek Chauhan,39,16,Customer Support,53664,1017,3220,799,1528,47100,0,7473,9237,6442,3076,26228,3037,2411,Low,0.5568577494692144,0.06447983014861995,0.05118895966029724,0.19611464968152867
EMP03982,Mayank Khanna,26,3,Product Management,130733,9610,7844,3335,1718,108226,0,12034,33806,9371,6143,61354,14806,17496,Medium,0.5669062886921812,0.13680631271598323,0.16166170790752685,0.3123648661135032
EMP03983,Monika Divya Chatterjee,24,2,Cyber Security,103644,5547,6219,3848,1257,86773,22392,11046,15121,8162,4484,61205,9051,3168,Low,0.7053461330137255,0.10430663916195129,0.036509052354995214,0.17425927419819529
EMP03984,Ayaan Chaudhary,24,2,Sales,51929,930,3116,1134,1686,45063,0,5480,2856,4096,2297,14729,13033,3755,High,0.32685351618844727,0.28921731797705436,0.08332778554468188,0.06337793755409094
EMP03985,Shubham Kavya Pradhan,52,25,Customer Support,60000,1333,3600,1257,1559,52251,16101,5936,4960,10886,4095,41978,1846,886,Low,0.8033913226541118,0.03532946737861476,0.016956613270559414,0.0949264128916193
EMP03986,Saurabh Maheshwari,25,1,Marketing,51665,917,3100,970,1870,44808,0,5689,0,2321,3103,11113,3330,511,Medium,0.24801374754508124,0.07431708623460097,0.011404213533297625,0.0
EMP03987,Sumit Chopra,49,23,Finance,121191,8179,7271,2722,1602,101417,0,15997,24390,5353,6289,52029,22034,4862,Medium,0.5130204995217764,0.21726140587869883,0.047940680556514195,0.24049222516935032
EMP03988,Monika Tomar,34,9,Operations,63351,1501,3801,1225,1230,55594,14413,9141,0,1412,2787,27753,16895,1652,High,0.499208547685002,0.3038997014066266,0.029715436917652983,0.0
EMP03989,Nikhil Bajaj,37,16,Operations,76902,2690,4614,2129,1800,65669,0,6851,14972,5452,3445,30720,15936,3927,Medium,0.46780063652560566,0.24267158019765794,0.05979990558711112,0.2279918987650185
EMP03990,Ishita Bagri,59,30,Sales,85000,3500,5100,1813,2147,72440,0,9295,19280,2288,3611,34474,3361,572,Low,0.4758972943125345,0.04639701822197681,0.0078961899503037,0.26615129762562123
EMP03991,Ayush Mohanty,35,9,Sales,63786,1523,3827,1267,2394,54775,10916,6995,4566,3373,2247,28097,12255,2218,Medium,0.5129529895025102,0.2237334550433592,0.04049292560474669,0.0833591967138293
EMP03992,Vivaan Diya Sahu,37,10,HR,53017,984,3181,961,1927,45964,12090,7873,0,2893,2618,25474,8078,2853,Medium,0.5542163432251327,0.1757462361848403,0.06207031589939953,0.0
EMP03993,Varun Mehta,43,20,Finance,110302,6545,6618,2306,1762,93071,0,9025,25778,8309,3665,46777,11450,16065,Medium,0.5025947932223787,0.12302435774838565,0.17261015783649042,0.2769713444574572
EMP03994,Megha Trivedi,44,27,Data Science,170000,17500,10200,2881,1063,138356,0,23698,43691,9162,7026,83577,24898,6243,Medium,0.6040721038480442,0.17995605539333315,0.04512272687848738,0.31578681083581484
EMP03995,Charu Saini,54,22,IT,126745,9012,7605,2499,1983,105646,0,14358,0,4371,4112,22841,23801,33117,High,0.21620316907407758,0.22529011983416314,0.31347140450182687,0.0
EMP03996,Ishaan Bose,55,37,Sales,85000,3500,5100,2002,2273,72125,0,10471,17320,11900,6425,46116,5572,3853,Low,0.6393899480069324,0.07725476603119584,0.053421143847487,0.24013864818024264
EMP03997,Aisha Patel,38,12,Marketing,71833,2183,4310,1385,1473,62482,0,10614,0,4608,3991,19213,20063,4562,High,0.3074965590089946,0.32110047693735794,0.07301302775199257,0.0
EMP03998,Rupal George,28,4,Operations,57486,1208,3449,865,1665,50299,5312,6344,0,2804,2023,16483,18866,3593,Medium,0.32770035189566393,0.37507703930495634,0.07143283166663353,0.0
EMP03999,Riya Pradhan,32,9,Sales,62058,1436,3723,1696,1795,53408,0,8890,0,5853,4693,19436,7417,5213,Medium,0.3639155182744158,0.13887432594367885,0.09760710005991612,0.0
EMP04000,Rakesh Wadhwa,58,22,Data Science,152859,13905,9172,3447,1318,125017,0,17025,34582,14904,8817,75328,24367,3957,Low,0.6025420542806178,0.19490949230904597,0.03165169536942976,0.27661837990033356
EMP04001,Rishabh Rawat,49,25,Operations,92715,4272,5563,1235,2107,79538,0,6289,24308,5640,3013,39250,22922,3540,Medium,0.493474817068571,0.2881892931680455,0.0445070280872036,0.30561492619879804
EMP04002,Aman Sabharwal,36,16,Cyber Security,153573,14048,9214,3329,2072,124910,0,12553,27352,8814,2747,51466,50582,5237,Medium,0.4120246577535826,0.40494756224481626,0.041926186854535266,0.21897366103594587
EMP04003,Rohan Purohit,36,13,Finance,103260,5489,6196,3502,1418,86655,20727,12814,0,6218,4046,43805,9022,17857,Medium,0.5055103571634643,0.10411401534821996,0.20607004789106226,0.0
EMP04004,Atharv Yadav,28,5,Operations,59757,1321,3585,1078,1614,52159,12735,6990,7583,4669,2179,34156,8486,1683,Medium,0.6548438428650856,0.16269483694089226,0.03226672290496367,0.14538238846603654
EMP04005,Prachi Parmar,34,6,IT,96462,4646,5788,2134,2370,81524,21594,14087,0,6353,3593,45627,13601,5263,Medium,0.5596756783278544,0.16683430646190078,0.06455767626711152,0.0
EMP04006,Nikita Iyer,44,16,Marketing,76869,2687,4612,1999,1291,66280,0,11435,14510,3952,4403,34300,14518,2709,Medium,0.5175015087507544,0.21904043452021726,0.040872057936028966,0.21891973445986723
EMP04007,Ishaan Lakshay Jain,29,6,Marketing,61798,1423,3708,1201,1189,54277,12468,7902,2780,2836,2542,28528,9363,3842,Medium,0.5256001621312895,0.17250400722221199,0.07078504707334599,0.05121874827274905
EMP04008,Ishita Goel,24,0,Data Science,90000,4000,5400,1504,950,78146,0,10191,0,6575,4657,21423,26050,6366,High,0.2741407109768894,0.3333503954137128,0.08146290277173496,0.0
EMP04009,Ayaan Rohit Sandhu,35,7,Marketing,65412,1604,3925,1262,1498,57123,14038,8225,10194,2380,2778,37615,12050,1743,Medium,0.6584913257356931,0.2109483045358262,0.03051310330339793,0.17845701381229978
EMP04010,Nisha Shinde,60,34,Cyber Security,180000,20000,10800,2840,1738,144622,41095,21853,5498,9737,6058,84241,29779,6336,Medium,0.5824909073308349,0.20590919777074027,0.043810761848128224,0.0380163460607653
EMP04011,Shreya Lakhotia,36,13,HR,59173,1292,3550,818,1916,51597,0,5605,10118,5127,3526,24376,11453,3732,Medium,0.4724305676686629,0.2219702695893172,0.07232978661550091,0.19609667228714847
EMP04012,Manish Bhatia,29,2,Finance,73687,2369,4421,2191,1474,63232,0,6469,9334,5692,2797,24292,14536,4333,Medium,0.38417257085020245,0.2298836032388664,0.06852543016194332,0.14761513157894737
EMP04013,Gaurav Monika Chauhan,50,26,Sales,85000,3500,5100,1614,1472,73314,0,11071,14137,2675,2679,30562,23316,3012,Medium,0.4168644460812396,0.31802929863327606,0.041083558392667155,0.19282810922879667
EMP04014,Vaishnavi D'Souza,43,22,Finance,125511,8827,7531,3593,2213,103347,0,19023,33577,7739,4473,64812,18815,4544,Low,0.6271299602310663,0.1820565667121445,0.04396837837576321,0.32489573959573087
EMP04015,Abhishek Tomar,32,6,Sales,52968,982,3178,1136,2218,45454,16044,7168,0,8184,3884,35280,1433,1579,Low,0.7761693140317684,0.031526378316539795,0.03473841686100233,0.0
EMP04016,Divya Seth,51,31,Sales,85000,3500,5100,1826,2100,72474,7720,12550,9611,4825,3884,38590,11965,4267,Medium,0.5324668156856251,0.16509368877114552,0.05887628666832243,0.13261307503380523
EMP04017,Rupal Pandey,25,1,Finance,70000,2000,4200,1816,1701,60283,3563,8207,0,10944,5061,27775,7408,3588,Medium,0.4607434931904517,0.12288704941691687,0.059519267455169785,0.0
EMP04018,Rohit Sneha Mohanty,33,5,Data Science,101360,5204,6082,3873,1439,84762,25168,8333,0,15752,7670,56923,3632,3656,Low,0.6715627285812038,0.042849390056865104,0.043132535806139544,0.0
EMP04019,Pallavi Akash Gupta,47,15,Cyber Security,145551,12444,8733,2479,1874,120021,0,15610,28030,11281,5547,60468,23689,8857,Medium,0.5038118329292374,0.1973737929195724,0.0737954191349847,0.23354246340223794
EMP04020,Akash Yadav,32,8,Sales,56800,1173,3408,1030,1952,49237,0,7352,6936,3504,2471,20263,10864,4469,Medium,0.4115401019558462,0.220647074354652,0.09076507504518959,0.140869671182241
EMP04021,Divya Jain,23,2,Operations,50000,833,3000,882,1861,43424,9096,5418,0,2444,1761,18719,15905,1932,High,0.43107498157700813,0.3662721075902727,0.04449152542372881,0.0
EMP04022,Shubham Bhardwaj,42,19,HR,62544,1461,3753,1442,1680,54208,14179,8453,7197,4357,3322,37508,6097,2467,Low,0.6919273907910272,0.11247417355371901,0.04550988783943329,0.1327663813459268
EMP04023,Ashish Shinde,30,3,Finance,76081,2608,4565,1250,912,66746,14969,6622,2871,5305,1763,31530,20447,2413,High,0.47238785844844633,0.30634045485871814,0.036151979144817666,0.04301381356186138
EMP04024,Amit Banerjee,57,35,Customer Support,60000,1333,3600,1716,1633,51718,0,7229,15733,5176,3160,31298,4509,1642,Low,0.6051664797555977,0.08718434587571058,0.03174910089330601,0.304207432615337
EMP04025,Ishita Kulkarni,26,4,IT,95431,4543,5726,2007,1265,81890,0,9273,0,2217,1622,13112,46624,5035,High,0.16011723043106607,0.5693491268775186,0.06148491879350348,0.0
EMP04026,Ravi Narang,48,19,IT,128652,9298,7719,2598,834,108203,0,16180,27954,18074,8435,70643,4837,5423,Low,0.6528746892415183,0.04470301193127732,0.05011875825993734,0.25834773527536203
EMP04027,Yuvraj Bansal,22,0,Customer Support,36137,140,2168,879,1901,31049,0,3335,0,2008,1388,6731,1168,458,Medium,0.21678636993139877,0.037617958710425455,0.014750877645012721,0.0
EMP04028,Ayaan Lodha,38,15,Data Science,132161,9824,7930,3275,1572,109560,29446,17384,0,7178,7463,61471,22767,5098,Medium,0.5610715589631252,0.2078039430449069,0.046531580868930264,0.0
EMP04029,Prachi Harsh Arora,26,6,Cyber Security,116537,7481,6992,3736,2316,96012,21328,12120,10020,3657,4397,51522,25843,4133,Medium,0.5366204224471941,0.2691642711327751,0.043046702495521394,0.10436195475565554
EMP04030,Parth Porwal,56,29,Cyber Security,179564,19891,10774,2347,1756,144796,33024,21972,0,10031,6998,72025,27128,10726,Medium,0.49742396198790023,0.18735324180225973,0.07407663195115888,0.0
EMP04031,Prateek Shubham Khurana,45,19,Data Science,146995,12732,8820,3973,1341,120129,0,17041,32093,5071,6254,60459,31854,4973,Medium,0.5032839697325375,0.26516494768124266,0.04139716471459847,0.26715447560539085
EMP04032,Pallavi Bansal,35,8,Sales,56819,1174,3409,1158,1521,49557,0,8504,0,3457,3547,15508,16827,4068,High,0.3129325826825676,0.3395483988134875,0.08208729341969853,0.0
EMP04033,Vidhi Khushi Chopra,57,30,Finance,130000,9500,7800,3280,1931,107489,0,15939,25690,5343,6692,53664,24652,6800,Medium,0.49925108615765335,0.22934439803142648,0.06326228730381714,0.23900120012280326
EMP04034,Nisha Iyer,55,29,IT,148293,12992,8898,3084,2105,121214,0,21442,23690,2895,6989,55016,5371,2623,Medium,0.45387496493804347,0.04431006319402049,0.02163941458907387,0.19543947068820433
EMP04035,Prachi Shinde,54,26,Data Science,170000,17500,10200,2906,1366,138028,32052,21322,0,7160,7496,68030,34385,7471,Medium,0.4928710116787898,0.2491161213666792,0.05412669893065175,0.0
EMP04036,Rohit Kohli,56,38,Finance,130000,9500,7800,3854,1266,107580,0,20282,23937,2411,5215,51845,1374,827,Low,0.48192043130693435,0.012771890686001116,0.007687302472578547,0.22250418293363078
EMP04037,Atharv Shukla,55,25,Data Science,170000,17500,10200,3966,1103,137231,7345,15202,14983,10940,10541,59011,4132,1057,Low,0.4300121692620472,0.03010981483775532,0.007702341307722016,0.10918087021154112
EMP04038,Neha Vikram Ahuja,43,25,Sales,81405,3140,4884,1974,1407,70000,20114,10322,0,2549,3408,36393,1114,759,Medium,0.5199,0.015914285714285714,0.010842857142857144,0.0
EMP04039,Pankaj Palak Nair,25,1,Finance,73396,2340,4404,1203,2172,63277,13190,6983,8886,3591,2521,35171,15057,2430,Medium,0.555825971522038,0.2379537588697315,0.038402579136179026,0.14043017210044725
EMP04040,Ayush Bhardwaj,55,22,Cyber Security,161265,15586,9676,3050,1362,131591,0,22766,37663,7193,6230,73852,16453,18580,Medium,0.5612237919006619,0.12503134712860303,0.14119506653190567,0.28621258292740387
EMP04041,Krishna Trivedi,42,23,Customer Support,54075,1037,3244,737,1262,47795,13043,6395,3312,5692,3829,32271,1905,2506,Medium,0.675196150224919,0.03985772570352547,0.05243226278899466,0.06929595145935767
EMP04042,Charu Naidu,57,23,Finance,116552,7483,6993,3051,1735,97290,0,12387,25032,8870,4335,50624,20195,4596,Medium,0.5203412478158084,0.2075752903689999,0.04724020968239285,0.2572926302806044
EMP04043,Riya Joshi,54,34,Marketing,90000,4000,5400,2100,2070,76430,0,14159,19681,9616,5830,49286,5489,3319,Low,0.6448514981028391,0.07181734920842602,0.04342535653539186,0.2575035980635876
EMP04044,Rohan Shreya Chatterjee,25,2,Operations,56084,1138,3365,960,1457,49164,0,6357,6309,3939,2220,18825,652,649,Low,0.3829021235050037,0.013261736229761614,0.013200715971035717,0.12832560410056137
EMP04045,Harsh Shruti Bansal,28,3,IT,82080,3208,4925,2190,1774,69983,0,8138,0,3386,3807,15331,17673,19159,High,0.2190674878184702,0.2525327579555035,0.2737664861466356,0.0
EMP04046,Tushar Kumawat,57,31,Sales,85000,3500,5100,1746,1231,73423,21405,10741,0,12515,7140,51801,4749,2404,Low,0.7055146207591627,0.06468000490309576,0.03274178390967408,0.0
EMP04047,Divya Behera,46,21,Operations,84630,3463,5078,1386,2280,72423,0,11120,22602,4557,4405,42684,11816,4034,Medium,0.5893707800008284,0.16315258964693535,0.055700537122184944,0.31208317799594054
EMP04048,Bhavna Mathew,22,0,IT,83438,3344,5006,1743,1859,71486,17737,8329,0,6362,3571,35999,8086,11911,Medium,0.5035811207788937,0.11311305710208992,0.16662003748985815,0.0
EMP04049,Avantika Somani,59,36,HR,70000,2000,4200,1678,1511,60611,15903,9593,0,2619,4497,32612,1062,1184,Medium,0.5380541485868902,0.017521571991882662,0.01953440794575242,0.0
EMP04050,Sumit Lakhotia,59,31,HR,70000,2000,4200,1654,2048,60098,14069,9118,0,3019,3662,29868,10594,3300,Medium,0.4969882525208826,0.17627874471696228,0.05491031315517987,0.0
EMP04051,Tushar Agarwal,52,35,HR,70000,2000,4200,2073,1509,60218,0,8586,15834,2152,3108,29680,383,607,Low,0.4928758842870902,0.006360224517586104,0.010080042512205652,0.26294463449466937
EMP04052,Rupal More,43,20,Sales,73599,2360,4416,1269,1212,64342,0,10522,13678,1565,2517,28282,21435,3495,Medium,0.439557365329023,0.3331416493114917,0.054319107270523144,0.21258276087159242
EMP04053,Mayank Porwal,37,17,IT,120009,8001,7201,3083,837,100887,28604,13747,0,15443,6455,64249,8131,4291,Medium,0.6368412183928553,0.08059512127429698,0.04253273464371029,0.0
EMP04054,Aman Somani,25,3,Cyber Security,102841,5426,6170,3311,1590,86344,17881,8520,0,5685,3070,35156,15106,19910,High,0.4071620494765126,0.17495135736125267,0.23058927082368202,0.0
EMP04055,Nikita Parmar,51,30,Sales,85000,3500,5100,2080,1191,73129,0,12849,0,2796,4888,20533,3377,1897,Medium,0.280777803607324,0.04617867056844754,0.025940461376471713,0.0
EMP04056,Priya Tiwari,46,16,IT,122261,8339,7336,3810,1534,101242,23469,16793,0,5332,6315,51909,24333,3978,High,0.5127219928488177,0.24034491614152229,0.039291993441457104,0.0
EMP04057,Tanvi Mohanty,30,2,IT,83318,3332,4999,2030,1872,71085,21023,10752,7705,8873,4914,53267,1976,1984,Low,0.7493423366392348,0.02779770697052824,0.027910248294295562,0.10839136245340086
EMP04058,Jyoti More,49,27,IT,150000,13333,9000,2271,931,124465,0,17910,0,7570,5408,30888,41191,10217,High,0.2481661511268228,0.3309444422126702,0.08208733378861527,0.0
EMP04059,Dhruv Lodha,38,11,Sales,56733,1170,3404,1189,1957,49013,15183,5893,18454,3675,2532,45737,157,150,Low,0.9331605900475384,0.003203231795646053,0.0030604125436108787,0.376512353865301
EMP04060,Vivek Sahu,27,6,Operations,61369,1402,3682,1886,979,53420,12579,7533,2908,2421,3026,28467,8569,7697,High,0.532890303257207,0.16040808685885435,0.14408461250467988,0.05443654062149008
EMP04061,Komal Verma,40,15,HR,56890,1178,3413,896,1949,49454,12914,7036,4500,3282,2092,29824,9384,2437,Medium,0.6030654749868565,0.1897520928539653,0.04927811703805557,0.09099365066526469
EMP04062,Jyoti Das,38,10,Operations,71042,2104,4263,1529,1310,61836,0,8936,0,3109,3293,15338,18944,5137,High,0.248043211074455,0.30635875541755614,0.08307458438450094,0.0
EMP04063,Anjali Shinde,46,22,HR,64839,1575,3890,1674,1087,56613,17039,9298,8475,7232,4351,46395,1329,1314,Low,0.8195114196385989,0.023475173546711886,0.02321021673467225,0.1497005988023952
EMP04064,Amit Purohit,27,7,Operations,65984,1633,3959,1726,1348,57318,12892,8587,8422,3868,3842,37611,8669,2040,Medium,0.6561813043023134,0.1512439373320772,0.035590913849052656,0.14693464531211836
EMP04065,Akash Bajaj,26,5,IT,95625,4562,5738,1911,1604,81810,21847,10413,0,15107,7649,55016,4661,4229,Medium,0.6724850262804059,0.05697347512529031,0.05169294707248503,0.0
EMP04066,Sneha Tomar,60,28,IT,150000,13333,9000,3042,1548,123077,0,18285,0,9190,6708,34183,39988,11299,High,0.27773670141456164,0.3249022969360644,0.09180431762230148,0.0
EMP04067,Rishabh Lodha,49,24,IT,138156,10965,8289,3484,1061,114357,0,17404,29123,8076,5079,59682,25826,4803,Medium,0.521891969883785,0.22583663439929344,0.042000052467273535,0.2546674012084962
EMP04068,Aditi Jindal,24,3,Sales,47074,687,2824,855,1092,41616,9880,4391,1724,2773,1769,20537,5334,8411,Medium,0.49348808150711265,0.12817185697808536,0.20210976547481738,0.04142637447135717
EMP04069,Ananya Bagri,34,7,Cyber Security,117592,7639,7056,3603,1356,97938,20224,14289,17042,3739,3514,58808,23027,3617,Medium,0.6004615164696032,0.2351181359635688,0.03693152810962037,0.17400804590659397
EMP04070,Aditya Behera,55,37,Operations,95000,4500,5700,1995,1180,81625,0,12614,0,14248,8391,35253,5427,5901,Medium,0.4318897396630934,0.06648698315467075,0.07229402756508423,0.0
EMP04071,Sumit Das,35,9,Sales,60339,1350,3620,1444,1657,52268,17140,8906,0,7017,3385,36448,2252,2116,Medium,0.6973291497665876,0.04308563557052116,0.04048366113109359,0.0
EMP04072,Dhruv Mukherjee,52,34,Cyber Security,180000,20000,10800,3963,2084,143153,0,19484,32241,4387,5157,61269,53304,6037,Medium,0.4279966190020468,0.37235684896579185,0.04217166248698945,0.22522056820325106
EMP04073,Vikram Bohra,24,3,IT,86158,3616,5169,1355,1680,74338,18780,8830,0,6078,2375,36063,7927,15634,Medium,0.48512201027738167,0.10663456105894698,0.21030966665769862,0.0
EMP04074,Preeti Saloni Lakhotia,38,15,Sales,67254,1725,4035,1680,1392,58422,0,8581,19233,10425,3762,42001,3781,1784,Low,0.7189243778028824,0.06471877032624695,0.030536441751395024,0.32920817500256755
EMP04075,Mohit Kunal Bhatia,43,24,IT,145780,12489,8747,2868,1266,120410,28415,15194,0,4429,3949,51987,40131,5304,Medium,0.43174985466323396,0.33328627190432686,0.04404949755003737,0.0
EMP04076,Rohan Iyer,60,26,IT,150000,13333,9000,3381,2098,122188,0,17478,38378,7898,7029,70783,16038,17943,Medium,0.5792958391986119,0.13125675189052935,0.14684748093102432,0.31408976331554656
EMP04077,Riya Gill,25,0,Marketing,50000,833,3000,1191,1560,43416,0,5336,6977,6901,3142,22356,4975,3202,Medium,0.5149253731343284,0.11458909157914134,0.07375161230882624,0.16070112400958173
EMP04078,Mayank Jindal,55,32,Finance,130000,9500,7800,3786,1859,107055,0,15818,26974,5146,6363,54301,25391,5049,Medium,0.5072252580449301,0.2371771519312503,0.04716267339218159,0.2519639437672225
EMP04079,Khushi Sahu,26,5,Data Science,106062,5909,6364,3920,2071,87798,9810,11534,6540,2244,2094,32222,33523,3576,Medium,0.36700152623066584,0.38181963142668396,0.040729857172145154,0.07448916831818493
EMP04080,Nandini Kulkarni,52,29,IT,150000,13333,9000,3105,2068,122494,30740,18786,20947,8753,7320,86546,13725,3991,Low,0.7065325648603197,0.11204630430878247,0.032581187650007344,0.17100429408787368
EMP04081,Trisha Suri,47,20,Data Science,153399,14013,9204,2626,1479,126077,0,18543,10545,5745,4117,38950,52526,5731,High,0.3089381885673041,0.41661841573006975,0.04545634810472965,0.08363936324627014
EMP04082,Ayush Pandey,33,8,Data Science,115753,7363,6945,2367,2042,97036,21107,13494,8146,6354,5941,55042,15924,5217,Medium,0.5672327795869574,0.1641040438600107,0.053763551671544584,0.08394822540088215
EMP04083,Anurag Seth,36,12,Finance,94938,4494,5696,1764,1949,81035,0,11014,26714,3508,2661,43897,24446,2387,Medium,0.541704201888073,0.3016721169864873,0.029456407725057074,0.32966002344665885
EMP04084,Diya Sneha Trivedi,22,0,Customer Support,35000,83,2100,1077,1997,29743,7088,3095,0,1730,698,12611,10770,1286,High,0.42399892411659884,0.36210200719497027,0.04323706418316915,0.0
EMP04085,Kavya Maheshwari,52,36,Cyber Security,180000,20000,10800,2378,1820,145002,0,21840,29181,7636,7257,65914,30763,11125,Medium,0.4545730403718569,0.2121556944042151,0.07672307968165956,0.20124550006206812
EMP04086,Mayank Seth,54,23,Finance,121683,8252,7301,2386,1616,102128,0,16322,24463,5700,7336,53821,18222,6494,Medium,0.5269955350148833,0.17842315525614916,0.06358687137709541,0.23953274322418924
EMP04087,Mansi Ishita Khanna,49,19,IT,130640,9596,7838,3082,986,109138,7897,18333,0,6297,6592,39119,32369,8570,Medium,0.3584361084132016,0.2965878062636295,0.07852443695138266,0.0
EMP04088,Varun Roy,48,25,Data Science,158795,15092,9528,3705,1729,128741,0,15012,41278,7327,6770,70387,19110,23311,Medium,0.5467333638856309,0.14843756068385364,0.18106896792785515,0.3206282380904296
EMP04089,Vikram Agarwal,47,15,Cyber Security,148143,12962,8889,2560,1315,122417,27233,14502,6954,10305,6541,65535,34738,5340,High,0.53534231356756,0.28376777735118486,0.043621392453662484,0.05680583579078069
EMP04090,Nitin Trisha Thomas,26,7,Sales,56346,1151,3381,1011,883,49920,12770,7989,4260,3005,1978,30002,8357,1908,Medium,0.6010016025641025,0.16740785256410257,0.03822115384615385,0.08533653846153846
EMP04091,Rakesh Tiwari,37,11,Sales,62871,1477,3772,2078,1192,54352,3583,7342,0,2602,2605,16132,24957,3129,Medium,0.29680600529879303,0.4591735354724757,0.05756917868707683,0.0
EMP04092,Vikram Bedi,27,5,Operations,56301,1148,3378,831,1052,49892,0,6426,0,3878,3101,13405,13290,5128,High,0.2686803495550389,0.26637537080093,0.10278200913974184,0.0
EMP04093,Amit Patel,32,12,Finance,100159,5024,6010,2841,1752,84532,9681,7194,0,4783,2401,24059,39855,4865,High,0.28461411063265984,0.4714782567548384,0.057552169592580325,0.0
EMP04094,Avantika Pradhan,58,35,Operations,95000,4500,5700,1720,2121,80959,27994,14953,5078,12550,5542,66117,3477,1383,Low,0.8166726367667585,0.04294766486740202,0.017082720883410122,0.06272310675774158
EMP04095,Megha Khurana,31,12,HR,52394,953,3144,1197,903,46197,11163,6737,0,3492,2608,24000,11061,2643,Medium,0.5195142541723489,0.23943113189168128,0.05721150724072992,0.0
EMP04096,Saurabh Agarwal,47,18,IT,121182,8177,7271,3225,1937,100572,0,9369,21550,8528,4772,44219,13354,24714,Medium,0.4396750586644394,0.1327804955653661,0.24573439923636797,0.2142743507139164
EMP04097,Trisha Singh,39,14,HR,60904,1379,3654,1700,1096,53075,0,7792,16017,3529,1951,29289,10534,3234,Medium,0.5518417333961375,0.19847385774846915,0.060932642487046634,0.3017804992934527
EMP04098,Ishaan Rawat,44,21,Cyber Security,159190,15171,9551,2216,1353,130899,30622,19175,4022,9928,8396,72143,29263,5926,Medium,0.5511348444220353,0.22355403784597286,0.04527154523716759,0.030725979572036457
EMP04099,Komal Narang,25,3,IT,88673,3867,5320,1352,1928,76206,0,8658,4349,7093,3482,23582,25494,5363,High,0.3094506994199932,0.3345405873553264,0.07037503608639739,0.057068997191822166
EMP04100,Divya Solanki,54,37,Marketing,90000,4000,5400,1925,1240,77435,0,12916,17298,4572,4568,39354,16794,3613,Medium,0.5082197972493059,0.21687867243494544,0.04665848776393104,0.22338735713824498
EMP04101,Rakesh Gaurav Jindal,48,24,Data Science,169916,17479,10195,2955,2042,137245,0,22388,27454,9014,7308,66164,22221,24567,Medium,0.48208677911763637,0.16190753761521368,0.1790010565047907,0.2000364311996794
EMP04102,Dev Banerjee,54,22,Operations,93990,4399,5639,1856,1302,80794,0,6170,0,4265,2499,12934,46898,3430,High,0.16008614501076812,0.580463895833849,0.042453647548085255,0.0
EMP04103,Rakesh Jain,39,16,Customer Support,49476,807,2969,1043,1798,42859,11845,6961,4628,922,2860,27216,113,409,Low,0.6350124827924123,0.002636552416061971,0.009542919806808372,0.10798198744721062
EMP04104,Manish Pandey,33,7,Operations,64659,1566,3880,1239,1449,56525,14862,5844,2591,5910,3728,32935,9698,2631,Medium,0.5826625386996904,0.17157010172490048,0.04654577620521893,0.04583812472357364
EMP04105,Aditya Pawar,28,7,Marketing,62253,1446,3735,1432,1482,54158,13100,7809,4534,2524,2996,30963,11301,2496,Medium,0.5717160899590088,0.20866723291111194,0.046087373979836775,0.08371801026625798
EMP04106,Dev Patel,59,32,Marketing,90000,4000,5400,2146,1818,76636,0,9610,15153,2991,3672,31426,25112,3845,Medium,0.4100683751761574,0.32767889764601493,0.05017224281016754,0.197726916853698
EMP04107,Tarun Trisha Mathew,42,23,Operations,91755,4176,5505,1631,1672,78771,0,6401,14214,5407,3785,29807,10381,18624,Medium,0.37840068045346636,0.13178707900115524,0.2364321895113684,0.18044711886354114
EMP04108,Prateek Vaishnavi Somani,35,6,Operations,64730,1570,3884,1368,1906,56002,11965,7268,0,2577,3014,24824,11794,4110,Medium,0.4432698832184565,0.21059962144209135,0.07339023606299774,0.0
EMP04109,Sakshi Naidu,43,25,Sales,85000,3500,5100,2152,2385,71863,0,10531,16382,2303,3803,33019,1573,876,Low,0.45947149437123413,0.02188887188121843,0.012189861263793607,0.22796153792633206
EMP04110,Parth Parmar,60,37,Operations,95000,4500,5700,1931,1094,81775,0,11467,22436,3623,1914,39440,26774,2440,Medium,0.4822989911342097,0.32741057780495264,0.029837970039743197,0.2743625802506879
EMP04111,Swati Siddharth Banerjee,39,11,Data Science,114859,7229,6892,3081,1637,96020,25902,15445,7159,5783,3086,57375,10075,14798,Medium,0.5975317642157884,0.10492605707144345,0.15411372630701936,0.07455738387835867
EMP04112,Sai Priya Malhotra,51,27,Data Science,165688,16471,9941,3775,1477,134024,13933,18883,0,7069,7673,47558,22530,29762,High,0.35484689309377426,0.16810422013967646,0.22206470482898585,0.0
EMP04113,Mayank Pawar,44,19,Data Science,156091,14552,9365,2828,1264,128082,29787,18905,16444,9225,6831,81192,19174,4674,Medium,0.6339064037101232,0.14970097281429084,0.036492247154166865,0.128386502396902
EMP04114,Rakesh Lokesh Kohli,50,18,IT,127356,9103,7641,3730,1738,105144,25756,15363,5438,7659,7261,61477,17790,5254,Medium,0.5846933728981206,0.16919653047249486,0.04996956554820056,0.051719546526668186
EMP04115,Trisha D'Souza,33,12,Operations,75104,2510,4506,1574,1427,65087,0,11577,4820,2894,2808,22099,3031,542,Medium,0.3395301673145175,0.046568439166039304,0.008327315746616068,0.07405472675034953
EMP04116,Simran Behera,38,12,Sales,64537,1560,3872,1772,1718,55615,0,8137,16807,6409,3375,34728,5128,2848,Low,0.6244358536366088,0.0922053402858941,0.05120920614942012,0.3022026431718062
EMP04117,Yuvraj Kulkarni,45,21,Finance,115144,7272,6909,3266,1764,95933,30159,14319,6026,14952,6362,71818,3113,2421,Low,0.7486266456797973,0.032449730541106815,0.025236362878258783,0.06281467274035003
EMP04118,Varun Bhardwaj,42,24,Sales,77458,2746,4647,2156,1254,66655,19215,8890,0,6881,5618,40604,4099,2892,Low,0.6091666041557272,0.061495761758307704,0.043387592828745034,0.0
EMP04119,Harsh Trivedi,35,12,Data Science,123968,8595,7438,2313,1096,104526,9727,11288,7286,10940,5645,44886,25735,7839,Medium,0.42942425807932955,0.24620668541798213,0.07499569485104185,0.06970514513135488
EMP04120,Hemant Tiwari,24,0,Sales,45000,583,2700,1105,1476,39136,0,3322,6460,2020,1425,13227,14985,1982,Medium,0.33797526573998365,0.3828955437448896,0.050643908421913325,0.16506541291905152
EMP04121,Tarun Bhatia,53,35,IT,150000,13333,9000,3787,1060,122820,0,17855,40925,11309,8399,78488,19021,4313,Medium,0.6390490148184335,0.1548689138576779,0.03511643054877056,0.3332112033870705
EMP04122,Rahul Mundra,50,23,Sales,83893,3389,5034,1261,2056,72153,0,13704,13694,13764,7518,48680,2881,3490,Low,0.6746774215902319,0.0399290396795698,0.048369437168239715,0.18979113827560878
EMP04123,Karan Mittal,48,25,Operations,92178,4218,5531,1463,1350,79616,19469,14865,0,2739,4136,41209,834,1455,Medium,0.5175969654340836,0.010475281350482315,0.018275221061093246,0.0
EMP04124,Yash Mishra,48,17,Data Science,138697,11073,8322,3465,1771,114066,36100,19301,0,14562,8591,78554,6772,3902,Low,0.6886714709028107,0.05936913716620203,0.03420826539021268,0.0
EMP04125,Sneha Seth,28,3,Sales,50466,857,3028,897,2216,43468,12674,5074,0,2186,2945,22879,1653,405,Medium,0.5263412165271004,0.038027974602006076,0.009317198858930708,0.0
EMP04126,Anjali Gaurav Bansal,50,17,Customer Support,51367,902,3082,1003,2141,44239,0,3902,9526,2394,1685,17507,18079,1709,Medium,0.3957367933271548,0.40866656117905015,0.038631072130925204,0.21533036461041163
EMP04127,Tanvi Rajput,60,22,IT,131496,9724,7890,2562,1337,109983,20534,15187,11123,3412,4973,55229,31690,5423,Medium,0.5021594246383532,0.2881354391133175,0.04930762026858696,0.10113381158906376
EMP04128,Aakash Wadhwa,34,11,Sales,61621,1414,3697,1880,1874,52756,12121,4986,22178,3224,2111,44620,608,364,Low,0.8457805747213587,0.01152475547804989,0.006899689134885131,0.42038820228978696
EMP04129,Ashish Arora,28,6,Marketing,61524,1410,3691,1973,1525,52925,15074,9031,3124,4140,2443,33812,7249,2485,Medium,0.6388663202645253,0.1369674067076051,0.046953235710911666,0.059026924893717525
EMP04130,Kartik Pillai,30,2,HR,40945,381,2457,700,1556,35851,8203,4668,0,2986,1569,17426,7813,2228,Medium,0.486067334244512,0.21792976486011548,0.062146104711165655,0.0
EMP04131,Bhavna Yadav,25,3,Sales,53257,996,3195,875,1850,46341,12689,5207,0,5129,1994,25019,7507,3269,Medium,0.5398890831013573,0.16199477784251526,0.07054228437021212,0.0
EMP04132,Ravi Shukla,24,1,Finance,78462,2846,4708,1772,1990,67146,5190,7048,10823,6828,3003,32892,12148,5291,Medium,0.48985792154409796,0.1809191910165907,0.07879843922199387,0.16118607214130404
EMP04133,Dhruv Lodha,40,16,Marketing,72762,2276,4366,1378,1992,62750,14447,8554,2964,2348,2669,30982,19985,1904,Medium,0.4937370517928287,0.31848605577689243,0.030342629482071712,0.047235059760956176
EMP04134,Rashmi Fernandes,27,5,Marketing,53512,1009,3211,1103,2006,46183,13146,5048,0,8601,3483,30278,2139,2242,Low,0.6556092068510058,0.0463157438884438,0.04854600177554511,0.0
EMP04135,Shubham Arora,27,4,Sales,55158,1091,3309,1004,1350,48404,17767,7938,0,7326,4435,37466,2142,1356,Low,0.7740269399223205,0.04425254111230477,0.028014213701346997,0.0
EMP04136,Aman Gill,23,1,IT,84832,3483,5090,1865,1208,73186,0,8300,22892,6954,4478,42624,13062,2724,Low,0.5824064711830131,0.178476757849862,0.03722023337796846,0.312792064055967
EMP04137,Sanya Banerjee,34,8,HR,48708,769,2922,778,1728,42511,12951,4215,3072,8735,2664,31637,2527,1657,Low,0.7442073816188751,0.059443438168944505,0.038978146832584507,0.07226364940838842
EMP04138,Ishita Parmar,57,38,Finance,130000,9500,7800,3058,1879,107763,0,14779,33063,7421,6086,61349,19380,6606,Medium,0.5692955838274733,0.17983909133932796,0.06130118871969043,0.30681217115336434
EMP04139,Trisha Yadav,60,37,IT,150000,13333,9000,3183,1658,122826,0,11870,32469,7700,5152,57191,38802,6576,Medium,0.46562617035481085,0.31591031214889354,0.053539152948072884,0.26434956768110984
EMP04140,Harsh George,47,16,IT,120876,8131,7253,3930,1529,100033,23315,11605,8319,4165,4266,51670,12667,18596,High,0.5165295452500674,0.12662821268981236,0.18589865344436335,0.08316255635640239
EMP04141,Trisha Bagri,29,3,Marketing,55362,1101,3322,708,1343,48888,0,5657,0,4965,3071,13693,12587,4508,High,0.2800891834396989,0.25746604483717883,0.09221076746849943,0.0
EMP04142,Varun Ahuja,37,17,Operations,81251,3125,4875,1870,1425,69956,17706,8586,7062,5861,4340,43555,12303,2857,Medium,0.6226056378294929,0.17586768826119276,0.040839956544113445,0.10094916804848762
EMP04143,Nitin Pawar,28,4,HR,43766,522,2626,778,1364,38476,9872,5285,0,2752,1948,19857,9184,1830,Medium,0.5160879509304501,0.23869425096163843,0.047562116644141804,0.0
EMP04144,Dhruv Malhotra,60,22,Finance,118746,7812,7125,3803,1430,98576,20062,13049,0,5138,4430,42679,14456,19808,Medium,0.43295528323324134,0.1466482713845155,0.20094140561597143,0.0
EMP04145,Vivaan Seth,58,26,Operations,95000,4500,5700,1446,1992,81362,0,10496,21269,12151,6727,50643,3406,5059,Low,0.6224404513163393,0.04186229443720656,0.06217890415673164,0.2614119613578821
EMP04146,Rohit Pradhan,34,5,Customer Support,40027,335,2402,904,1655,34731,0,5158,9914,1471,1292,17835,8457,1565,Medium,0.5135181826034378,0.2435000431890818,0.04506060867812617,0.28545103797759924
EMP04147,Kunal Muskan Mehta,24,3,Customer Support,39155,291,2349,921,1384,34210,8912,4657,4800,3011,2415,23795,4145,1014,Medium,0.6955568547208418,0.12116340251388483,0.02964045600701549,0.1403098509207834
EMP04148,Ashish Chauhan,46,28,IT,146871,12708,8812,2697,1623,121031,0,11335,25199,10429,6715,53678,22162,24490,Medium,0.4435062091530269,0.1831101122852823,0.20234485379778736,0.20820285711925043
EMP04149,Bhavna Tomar,30,4,IT,91786,4179,5507,1975,1569,78556,15711,11299,3842,3453,3462,37767,27909,2959,High,0.48076531391618715,0.3552752176791079,0.03766739650695045,0.048907785528794746
EMP04150,Divya Mehta,45,16,Marketing,78290,2829,4697,1286,1777,67701,0,5767,0,4025,2084,11876,35803,4692,High,0.17541838377571972,0.5288400466758246,0.06930473700536181,0.0
EMP04151,Garima Nair,32,5,Product Management,139874,11308,8392,2257,1887,116030,0,18641,33544,6293,7518,65996,19331,5885,Low,0.5687839351891752,0.16660346462121864,0.050719641472033096,0.2890976471602172
EMP04152,Rashmi Tayal,56,23,IT,134430,10219,8066,3954,1861,110330,27774,15832,10003,5966,4893,64468,16246,5401,Medium,0.5843197679688208,0.1472491616060908,0.048953140578265206,0.09066437052478926
EMP04153,Saurabh George,49,23,Operations,91574,4157,5494,1365,1442,79116,16795,11422,10143,3240,3870,45470,2756,969,Low,0.5747257191971282,0.03483492593154355,0.012247838616714697,0.1282041559229486
EMP04154,Tarun Mukherjee,25,0,IT,81326,3133,4880,1599,1106,70608,17131,7049,0,7001,4611,35792,15075,4273,Medium,0.5069113981418536,0.2135027192386132,0.06051722184455019,0.0
EMP04155,Lakshay Jadhav,52,31,Operations,95000,4500,5700,1262,1200,82338,0,11366,28297,4459,5272,49394,14861,3905,Medium,0.5998931234666861,0.1804877456338507,0.04742646165804367,0.34366877990721173
EMP04156,Sai Wadhwa,52,34,IT,150000,13333,9000,2684,1167,123816,0,24061,40862,9276,6248,80447,21012,4176,Low,0.6497302448794986,0.16970343089746076,0.033727466563287456,0.33002196808166956
EMP04157,Reema Chaudhary,35,8,Sales,56883,1177,3413,922,1350,50021,14372,8524,13792,5620,4020,46328,690,494,Low,0.9261710081765658,0.013794206433298015,0.009875852142100319,0.27572419583774815
EMP04158,Lakshay Diya Khanna,43,24,IT,147141,12762,8828,2611,1224,121716,34961,18564,8561,11904,9479,83469,9127,3461,Low,0.6857685103026718,0.07498603306056723,0.028435045515790857,0.07033586381412468
EMP04159,Sai Sharma,33,8,IT,101895,5284,6114,2799,1682,86016,26305,13467,0,1969,6024,47765,3081,1403,Medium,0.5553036644345238,0.03581891741071429,0.016310918898809524,0.0
EMP04160,Sanya Solanki,28,2,Data Science,92331,4233,5540,2012,1656,78890,15442,9895,6100,4512,4134,40083,10831,11822,Medium,0.5080872100392952,0.1372924325009507,0.14985422740524781,0.07732285460768158
EMP04161,Harsh Nagpal,27,7,IT,93521,4352,5611,2045,1411,80102,0,10939,3655,4408,2700,21702,14628,24914,High,0.2709295648048738,0.1826171631170258,0.3110284387406057,0.045629322613667575
EMP04162,Sneha Srivastava,56,31,IT,150000,13333,9000,2616,1463,123588,26617,17816,8811,7314,5936,66494,20676,5880,Medium,0.5380295821600802,0.1672977959025148,0.047577434702398294,0.07129332944946111
EMP04163,Vivek Khanna,41,17,Sales,71984,2198,4319,1603,1228,62636,0,8717,13736,10893,5374,38720,2793,2581,Low,0.6181748515230857,0.044590970049173,0.041206335015007346,0.2192988057985823
EMP04164,Rajat Priya Srivastava,28,2,IT,86833,3683,5210,2116,1775,74049,22432,13032,10970,4854,3958,55246,8590,1596,Low,0.7460735458952855,0.11600426744452998,0.021553295790625128,0.14814514713230428
EMP04165,Sumit Ahuja,45,26,Sales,85000,3500,5100,2041,1894,72465,21718,10387,8969,11923,4462,57459,1680,1876,Low,0.7929207203477541,0.023183605878700064,0.025888359897881737,0.12377009590836956
EMP04166,Aakash Maheshwari,33,12,Sales,64845,1576,3891,1500,1431,56447,17392,7902,0,8379,3946,37619,4155,2798,Medium,0.6664481726221057,0.07360887203925806,0.049568621893103265,0.0
EMP04167,Rashmi Purohit,28,2,HR,40000,333,2400,1117,1091,35059,8112,4953,0,3642,1461,18168,7928,2011,Medium,0.5182121566502182,0.22613308993411108,0.05736044952793862,0.0
EMP04168,Ayaan Mishra,56,28,Sales,85000,3500,5100,1232,1421,73747,0,9992,21303,3465,3360,38120,12836,5568,Medium,0.5169023824697954,0.1740545378117076,0.07550137632717263,0.28886598776899397
EMP04169,Sonali Menon,46,20,Sales,74213,2421,4453,1254,1022,65063,0,9937,20160,8488,5126,43711,4338,3211,Low,0.671825768870172,0.06667383920200422,0.04935216636183391,0.3098535265819283
EMP04170,Aakash Tomar,37,9,Operations,68907,1891,4134,2149,1727,59006,17461,9133,2906,4597,3924,38021,10085,1674,Medium,0.6443582008609294,0.170914822221469,0.028369996271565605,0.04924922889197709
EMP04171,Rohit Das,47,16,Customer Support,51361,901,3082,736,1724,44918,0,4448,12479,4326,2617,23870,8674,2839,Medium,0.5314127966516764,0.19310744022440893,0.06320406073289105,0.27781735607106284
EMP04172,Riya Chaudhary,59,33,Customer Support,60000,1333,3600,1615,1092,52360,0,6691,17602,2938,2161,29392,5399,7090,Low,0.561344537815126,0.10311306340718106,0.1354087089381207,0.3361726508785332
EMP04173,Ankit Jadhav,33,10,Sales,58241,1245,3494,1011,1402,51089,0,5625,11785,10742,3685,31837,4183,2730,Low,0.6231674137289828,0.08187672493100276,0.05343616042592339,0.2306758793478048
EMP04174,Tanvi Pradhan,41,23,IT,136628,10659,8198,3376,1422,112973,25314,14990,12256,5570,3794,61924,15636,16144,Medium,0.5481309693466581,0.13840475157781063,0.14290140121976047,0.1084860984483018
EMP04175,Nikita Tiwari,30,6,HR,48871,777,2932,1117,1032,43013,0,7864,12236,2154,2503,24757,1123,282,Low,0.57557017645828,0.026108385836840026,0.0065561574407737196,0.2844721363308767
EMP04176,Vihaan Solanki,34,11,Sales,57774,1222,3466,809,1042,51235,11505,7605,5236,3163,2982,30491,5713,8776,Medium,0.5951205230799258,0.1115058065775349,0.1712891578022836,0.10219576461403337
EMP04177,Siddharth Muskan Joshi,33,9,Sales,56232,1145,3374,814,1708,49191,0,4964,3575,6546,4403,19488,7322,3580,Medium,0.3961700311032506,0.14884836657112074,0.07277754060702162,0.07267589599723527
EMP04178,Dev Aakash Iyer,47,20,HR,58868,1277,3532,1000,1061,51998,16705,9635,19007,1700,2942,49989,171,38,Low,0.9613638986114851,0.0032885880226162546,0.0007307973383591677,0.3655332897419131
EMP04179,Aman Thomas,54,30,HR,70000,2000,4200,1852,1652,60296,15740,10571,3033,3865,3217,36426,8530,2880,Medium,0.6041196762637654,0.14146875414621202,0.047764362478439695,0.05030184423510681
EMP04180,Garima Ayaan Chopra,54,31,Marketing,90000,4000,5400,1950,2014,76636,0,12025,25094,5181,3147,45447,12051,3078,Low,0.5930241661882144,0.15724985646432485,0.04016389164361397,0.32744402108669557
EMP04181,Aakash Bagri,54,26,Cyber Security,170352,17588,10221,3708,1581,137254,32555,12830,0,9402,5599,60386,24820,24427,High,0.43995803400993777,0.18083261690005392,0.177969312369767,0.0
EMP04182,Monika Behera,38,12,Data Science,122398,8360,7344,2659,1448,102587,0,15063,0,4535,3809,23407,45192,7339,High,0.22816731164767465,0.4405236530944467,0.0715392788559954,0.0
EMP04183,Anjali Singh,29,4,Marketing,56915,1179,3415,834,1322,50165,5504,6269,8874,1623,1483,23753,16534,1580,Medium,0.4734974583873218,0.3295923452606399,0.031496062992125984,0.17689624240007973
EMP04184,Simran Sai Mukherjee,55,32,IT,150000,13333,9000,3624,1656,122387,0,17177,37234,8309,5275,67995,20590,5773,Low,0.5555737128943433,0.1682368225383415,0.04717004256988079,0.3042316585911902
EMP04185,Shruti Fernandes,39,9,IT,103876,5581,6233,3899,1553,86610,5195,14084,4771,4060,4907,33017,26318,4480,Medium,0.38121464034176195,0.3038679136358388,0.0517261286225609,0.055086017780856714
EMP04186,Deepak Porwal,32,12,Cyber Security,133145,9972,7989,2917,1360,110907,0,14045,0,7485,5900,27430,18161,31940,High,0.24732433480303317,0.16374980839802716,0.28798903585887276,0.0
EMP04187,Pooja Tomar,57,23,Sales,82313,3231,4939,2170,1799,70174,0,11076,0,4040,4617,19733,20958,5717,High,0.2812010146207997,0.2986576224812609,0.08146892011286232,0.0
EMP04188,Bhavna Kumawat,26,5,Data Science,109778,6467,6587,2510,1859,92355,9400,8016,0,6634,4704,28754,17717,20777,High,0.31134210383844946,0.1918358507931352,0.2249688701207298,0.0
EMP04189,Monika Kapoor,22,2,Cyber Security,100489,5073,6029,2758,2253,84376,8661,9974,0,5597,3853,28085,31815,4474,High,0.33285531430738596,0.37706219778135963,0.05302455674599412,0.0
EMP04190,Vaishnavi Khurana,38,17,IT,126333,8950,7580,3141,1309,105353,18703,12586,0,3086,2374,36749,38076,7450,High,0.3488177840213378,0.3614135335491158,0.07071464505044944,0.0
EMP04191,Anurag Tomar,53,37,Finance,130000,9500,7800,2203,1777,108720,0,9344,34562,7616,4305,55827,15925,17617,Medium,0.5134933774834437,0.14647718910963944,0.1620401030169242,0.3178991905813098
EMP04192,Aarav Lodha,24,0,Customer Support,38636,265,2318,1106,1378,33569,0,3462,0,5608,2780,11850,3271,2453,Medium,0.3530042598826298,0.09744109148321368,0.07307337126515535,0.0
EMP04193,Neha Iyer,54,28,Sales,85000,3500,5100,1536,1757,73107,21592,10540,3115,7767,5391,48405,4674,3142,Medium,0.6621116992900816,0.06393368624071566,0.04297810059228255,0.04260877891309998
EMP04194,Pooja Mathew,44,27,Product Management,203436,26031,12206,2621,1799,160779,0,24309,0,10102,5451,39862,34696,49783,High,0.24793038891895086,0.21579932702653953,0.3096362087088488,0.0
EMP04195,Riya Srivastava,56,35,Finance,130000,9500,7800,2959,1669,108072,22448,14263,0,5193,4264,46168,41067,4393,High,0.42719668369235325,0.3799966688874084,0.04064882670812051,0.0
EMP04196,Anurag Somani,42,17,Sales,71601,2160,4296,1502,2294,61349,13406,7873,2415,4119,2249,30062,12314,3422,Medium,0.49001613718235015,0.20072046814129,0.05577923030530245,0.03936494482387651
EMP04197,Rajat Roy,56,27,Cyber Security,180000,20000,10800,3969,1369,143862,37684,22906,4993,10268,6266,82117,29906,5775,Medium,0.5708039649108173,0.2078797736719912,0.040142636693497935,0.034706871863313456
EMP04198,Aditi Krishna Joshi,52,22,Marketing,83682,3368,5021,1846,2079,71368,0,9819,0,6158,4108,20085,25207,4143,High,0.281428651496469,0.3531975114897433,0.05805122744086986,0.0
EMP04199,Bhavna Banerjee,39,15,Operations,76262,2626,4576,1564,1523,65973,0,10553,0,1785,1644,13982,28676,5596,High,0.21193518560623284,0.43466266502963335,0.08482257893380625,0.0
EMP04200,Rakesh Nair,27,5,Finance,79551,2955,4773,1456,1252,69115,15118,6888,0,4422,1499,27927,27496,3138,Medium,0.4040656876220791,0.39782970411632784,0.04540258988642118,0.0
EMP04201,Jyoti Khandelwal,31,9,IT,105953,5893,6357,2624,905,90174,0,9268,0,15316,7335,31919,10367,5419,Medium,0.35397121121387537,0.11496662009004813,0.060094927584447844,0.0
EMP04202,Karan Malhotra,45,22,IT,132098,9815,7926,3293,1747,109317,26728,11126,0,9216,4418,51488,27218,7277,Medium,0.4709971916536312,0.2489823174803553,0.06656787141981577,0.0
EMP04203,Rohan Sandhu,25,0,Data Science,90000,4000,5400,1635,1260,77705,7671,8212,7239,8363,5346,36831,15323,5607,Medium,0.4739849430538575,0.19719451772730198,0.07215751882118268,0.09316002831220642
EMP04204,Garima Shukla,51,23,Marketing,89443,3944,5367,1982,1183,76967,17886,12753,0,3725,4415,38779,8759,15222,High,0.5038393077552717,0.11380201904712409,0.19777307157613003,0.0
EMP04205,Kunal Rishabh Shinde,33,12,IT,108256,6238,6495,3186,1553,90784,0,13672,0,4456,4380,22508,33226,5845,Medium,0.24792915051110329,0.36598960169192807,0.06438359182234756,0.0
EMP04206,Lokesh Rathore,54,38,HR,70000,2000,4200,1793,1783,60224,0,6634,13804,4627,2002,27067,20354,2320,Medium,0.44943876195536664,0.33797157279489903,0.03852284803400638,0.22921094580233795
EMP04207,Riya Krishna Mohanty,37,14,Marketing,77050,2705,4623,1501,1207,67014,0,10226,0,7009,5483,22718,5458,5538,Medium,0.339003790252783,0.08144566806935864,0.08263944847345331,0.0
EMP04208,Pankaj Saurabh Chauhan,36,14,Data Science,134424,10218,8065,2929,1354,111858,9206,15002,8142,7205,5667,45222,16038,21944,High,0.4042804269699083,0.1433782116612133,0.1961772962148438,0.07278871426272596
EMP04209,Avantika Mundra,53,24,Marketing,89334,3933,5360,1264,1956,76821,0,13043,16828,4360,3976,38207,18265,4032,Medium,0.49735098475677225,0.23776050819437394,0.052485648455500446,0.2190546855677484
EMP04210,Vaishnavi Narang,28,5,HR,45539,610,2732,845,2480,38872,0,4906,9441,3706,1967,20020,8535,2116,Medium,0.5150236674212801,0.21956678328874255,0.054435068944227206,0.24287404815805722
EMP04211,Saurabh Naidu,25,2,Finance,78521,2852,4711,1443,2093,67422,16222,7648,2083,5987,4367,36307,11399,3578,Medium,0.5385037524843523,0.16906944320844827,0.053068731274658124,0.030894960102043845
EMP04212,Vihaan Lakshay Bhardwaj,23,2,Sales,50426,855,3026,1185,1568,43792,13774,4932,2035,9451,2958,33150,2562,1249,Low,0.7569875776397516,0.05850383631713555,0.028521191085129703,0.04646967482645232
EMP04213,Tanvi Narang,40,8,Operations,60090,1338,3605,1833,1375,51939,12084,8310,6833,1813,2557,31597,10804,1739,Medium,0.6083482546833786,0.2080132463081692,0.03348158416604093,0.13155817401182157
EMP04214,Vaishnavi Bohra,40,8,Sales,54903,1078,3294,925,1142,48464,0,8419,10387,3156,2254,24216,10051,2792,Medium,0.49966985803895675,0.20739105315285572,0.05760977220204688,0.21432403433476394
EMP04215,Namrata Thomas,25,3,Data Science,98524,4852,5911,1926,2000,83835,0,11753,0,3926,4051,19730,19795,19141,High,0.2353432337329278,0.23611856623128766,0.22831752847855907,0.0
EMP04216,Gaurav Saini,46,22,HR,69557,1956,4173,1474,1163,60791,0,6230,0,3762,3149,13141,3013,2191,Medium,0.21616686680594166,0.049563257719070254,0.03604151930384432,0.0
EMP04217,Rakesh Bajaj,60,22,IT,131466,9720,7888,3401,1539,108918,0,13855,34832,7679,6498,62864,21733,3986,Medium,0.5771681448429093,0.19953543032372978,0.03659633852990323,0.319800216676766
EMP04218,Sai Nair,58,30,Product Management,220000,31000,13200,3025,1009,171766,0,27792,39295,27507,10885,105479,13501,8710,Low,0.6140854418220136,0.07860112012854698,0.05070852205908038,0.22877053666034022
EMP04219,Payal Mathew,49,20,Operations,84910,3491,5095,1858,2128,72338,0,11233,24172,1979,4492,41876,3011,1198,Low,0.5788935276065139,0.04162404268849015,0.016561143520694516,0.33415355691337884
EMP04220,Pallavi Wadhwa,32,8,Sales,59376,1302,3563,804,1949,51758,0,8526,0,2914,2341,13781,17994,3981,Medium,0.2662583561961436,0.34765640094284944,0.07691564589049035,0.0
EMP04221,Sakshi Kulkarni,40,11,Finance,96096,4610,5766,1844,1645,82231,18646,8681,0,7127,4935,39389,18222,4207,Medium,0.47900426846323163,0.22159526212742153,0.051160754459996835,0.0
EMP04222,Vikram Mohanty,55,25,Operations,93011,4301,5581,1840,1078,80211,21467,11380,5851,3731,3633,46062,3225,644,Low,0.5742603882260537,0.040206455473688146,0.008028823976761293,0.07294510727955018
EMP04223,Nandini Jindal,41,23,Product Management,200965,25290,12058,2663,1695,159259,0,22064,48334,6116,4908,81422,52688,4057,Medium,0.5112552508806409,0.3308321664709687,0.02547422751618433,0.30349305219799194
EMP04224,Lokesh Verma,24,2,Marketing,53945,1031,3237,1015,1523,47139,0,8204,5676,1328,1988,17196,93,456,Low,0.364793483103163,0.0019728886908928914,0.009673518742442563,0.12040985171514033
EMP04225,Siddharth Jadhav,45,17,Operations,77174,2717,4630,1613,1777,66437,0,8600,0,2370,2647,13617,30750,3311,Medium,0.20496109095835152,0.4628444993000888,0.04983668738805184,0.0
EMP04226,Rashmi Srivastava,52,33,Finance,130000,9500,7800,3551,2159,106990,0,12212,27179,7040,4261,50692,12147,18147,Medium,0.473801289840172,0.11353397513786335,0.1696139826151977,0.25403308720441165
EMP04227,Komal Khurana,43,28,IT,150000,13333,9000,3615,1884,122168,28668,18720,0,7756,5719,60863,30399,6148,Medium,0.49819101565057955,0.24882948071508088,0.050324143801977604,0.0
EMP04228,Vivaan Mohit Parmar,38,9,Finance,95402,4540,5724,1903,970,82265,16467,9084,0,6570,1839,33960,32106,2905,High,0.41281225308454383,0.39027532972710144,0.035312708928462895,0.0
EMP04229,Nitin George,56,32,IT,150000,13333,9000,2292,1057,124318,0,20436,41464,8066,7651,77617,16335,17296,Medium,0.6243424122009685,0.1313969014945543,0.13912707733393395,0.3335317492237649
EMP04230,Ayush Verma,45,26,Data Science,163230,15979,9794,2716,1918,132823,15187,20312,22264,7175,4975,69913,22411,6762,Medium,0.5263621511334633,0.16872830759732876,0.050909857479502794,0.16762157156516566
EMP04231,Divya Fernandes,25,1,Sales,46683,667,2801,915,1536,40764,0,4415,8642,3046,2038,18141,12124,2201,Medium,0.4450250220783044,0.2974192915317437,0.05399371994897458,0.21200078500637817
EMP04232,Amit Mehta,32,10,Marketing,67142,1714,4029,2163,2001,57235,16776,7279,0,11294,3441,38790,4550,1776,Medium,0.6777321568970036,0.07949681139163099,0.031029964182755308,0.0
EMP04233,Varun Jadhav,54,34,Marketing,90000,4000,5400,1962,1253,77385,15484,12165,12037,5479,4431,49596,10744,3718,Low,0.6408993991083544,0.138838276151709,0.048045486851457,0.1555469406215675
EMP04234,Dhruv Nagpal,48,27,Finance,127018,9053,7621,2606,924,106814,34217,15885,0,13773,10031,73906,6940,4444,Low,0.6919130451064467,0.06497275638024978,0.041605033048102306,0.0
EMP04235,Anurag Gupta,41,26,Finance,125445,8817,7527,3660,1043,104398,23452,16535,0,6178,6067,52232,21413,5919,Medium,0.5003160980095405,0.20510929328148048,0.056696488438475835,0.0
EMP04236,Aarav Reddy,52,28,Customer Support,60000,1333,3600,1831,1980,51256,0,8516,0,1361,2891,12768,79,538,Medium,0.24910254409239893,0.0015412829717496488,0.010496332136725456,0.0
EMP04237,Karan Ghosh,47,25,IT,141459,11625,8488,3276,1939,116131,32348,17938,0,8582,7209,66077,21096,6526,Medium,0.5689867477245525,0.18165692192437852,0.05619515891536282,0.0
EMP04238,Kavya Anurag Mittal,58,30,IT,150000,13333,9000,3189,1914,122564,27621,17166,0,4531,5417,54735,34102,6388,Medium,0.44658300969289516,0.27823830814921185,0.05211970888678568,0.0
EMP04239,Tanvi Verma,42,16,IT,115775,7366,6946,2380,2124,96959,19598,11314,0,1955,1904,34771,38336,3978,High,0.35861549727204284,0.395383615755113,0.0410276508627358,0.0
EMP04240,Amit Khanna,49,18,Customer Support,53481,1007,3209,1012,1456,46797,0,4548,14937,3308,2558,25351,254,169,Low,0.5417227600059833,0.0054276983567322695,0.0036113426074321003,0.31918712737996024
EMP04241,Ishita Shetty,50,15,Sales,68534,1853,4112,1540,1754,59275,0,8778,17612,2411,2064,30865,19377,1947,Medium,0.520708561788275,0.3269000421762969,0.032846900042176295,0.2971235765499789
EMP04242,Pankaj Yadav,40,17,Marketing,82070,3207,4924,2019,1744,70176,0,10530,6717,3872,4099,25218,18849,4138,Medium,0.3593536251709986,0.26859610123119015,0.05896602827177382,0.09571648426812586
EMP04243,Vidhi Priya Saini,59,23,Finance,120748,8112,7245,3553,1441,100397,24672,14054,0,5820,4525,49071,10308,24016,High,0.48876958474854826,0.10267239060928116,0.23921033497016844,0.0
EMP04244,Nisha Vivaan Shetty,57,25,Cyber Security,180000,20000,10800,2896,1543,144761,30681,19614,0,8394,7791,66480,22949,26480,High,0.4592397123534654,0.15853026712995905,0.18292219589530329,0.0
EMP04245,Rupal Iyer,26,5,HR,44850,576,2691,763,1089,39731,8948,3162,0,2363,1720,16193,11971,2134,Medium,0.4075658805466764,0.3013012509123858,0.05371120787294556,0.0
EMP04246,Muskan Mundra,41,26,Sales,84342,3434,5061,1300,984,73563,6265,10893,0,2482,3237,22877,4704,1522,Medium,0.3109851419871403,0.06394518983728233,0.020689748922692115,0.0
EMP04247,Saloni Deshmukh,57,29,Sales,85000,3500,5100,1326,2309,72765,0,11537,18524,4433,4472,38966,13617,4140,Medium,0.5355047069332783,0.18713667285095856,0.05689548546691404,0.254572940287226
EMP04248,Avantika Malhotra,49,17,Finance,106163,5924,6370,3574,1781,88514,6918,12259,12527,10094,5315,47113,19368,5367,Medium,0.5322660822016856,0.21881284316605282,0.06063447590211718,0.14152563436292565
EMP04249,Vidhi Muskan Fernandes,30,4,Sales,51491,908,3089,705,1138,45651,14537,6934,1858,6283,3900,33512,1561,1377,Low,0.7340912575847188,0.03419421261308624,0.030163632779128605,0.040700094192898294
EMP04250,Nikhil Purohit,45,26,Sales,81623,3162,4897,1460,1347,70757,19649,7666,0,7242,2881,37438,6693,12795,Medium,0.5291066608250774,0.09459134785250929,0.18083016521333578,0.0
EMP04251,Varun Amit Bansal,44,21,Customer Support,51938,930,3116,902,1269,45721,12653,6701,0,962,3353,23669,1734,71,Medium,0.5176833402593994,0.037925679665799086,0.0015528969182651297,0.0
EMP04252,Rishabh Kulkarni,58,24,HR,70000,2000,4200,1994,1714,60092,0,10726,10873,3192,3306,28097,13537,3442,Medium,0.46756639818944284,0.22527125074885176,0.057278839113359514,0.18093922651933703
EMP04253,Vivaan Lakhotia,26,4,Sales,54109,1039,3247,1088,768,47967,16070,8169,1880,7289,4104,37512,2245,1233,Low,0.7820376508849834,0.04680301040298539,0.02570517230596035,0.0391936122751058
EMP04254,Namrata Pandey,28,7,IT,94658,4466,5679,2157,2129,80227,0,12218,5348,5020,2952,25538,16832,19647,High,0.3183217620003241,0.20980467922270557,0.2448926171986987,0.06666084983858302
EMP04255,Aman Bagri,60,28,Sales,85000,3500,5100,1263,1051,74086,0,13634,15691,5108,4424,38857,14339,3548,Medium,0.5244850579056772,0.19354533920038874,0.0478902896633642,0.21179440110142267
EMP04256,Vivek Behera,57,25,Operations,88638,3864,5318,1902,1852,75702,17586,9855,0,2992,4826,35259,2036,135,Medium,0.46576048188951413,0.02689493012073657,0.001783308234921138,0.0
EMP04257,Nikhil Mishra,37,18,IT,122862,8429,7372,2395,1566,103100,7975,15366,0,2318,6559,32218,5749,2677,Medium,0.31249272550921436,0.05576139670223084,0.025965082444228904,0.0
EMP04258,Sonali Wadhwa,50,16,Operations,79883,2988,4793,1348,1980,68774,12982,9568,10969,2406,3302,39227,16449,3124,Medium,0.5703754325762643,0.23917468810887835,0.045424142844679674,0.15949341320847996
EMP04259,Anurag Reddy,57,31,Product Management,220000,31000,13200,3651,1680,170469,0,28680,57218,23750,12338,121986,6698,6120,Low,0.71559051792408,0.03929160140553414,0.03590095559896521,0.3356504701734626
EMP04260,Bhavna Kulkarni,59,24,Sales,78265,2826,4696,2145,2102,66496,0,12588,12694,12768,5088,43138,3699,2845,Low,0.6487307507218479,0.05562740615976901,0.042784528392685275,0.19089870067372475
EMP04261,Rahul Yadav,44,27,Customer Support,60000,1333,3600,1639,1348,52080,3554,8398,2562,3759,2072,20345,15120,2579,Medium,0.39064900153609833,0.2903225806451613,0.049519969278033794,0.049193548387096775
EMP04262,Riya Mittal,46,25,Cyber Security,164314,16196,9859,3355,1715,133189,0,20315,26577,23958,12256,83106,8859,6826,Low,0.6239704480099708,0.0665145019483591,0.05125047864313119,0.1995435058450773
EMP04263,Megha Roy,32,7,Cyber Security,113512,7027,6811,3417,1525,94732,0,12499,24284,5535,5940,48258,10330,20061,Medium,0.5094160368196596,0.10904446227251616,0.21176582358653886,0.25634421314867206
EMP04264,Simran Chopra,34,7,HR,48420,754,2905,1003,1223,42535,10725,7416,3670,2496,2153,26460,7244,2033,Medium,0.6220759374632655,0.17030680615963326,0.04779593276125544,0.08628188550605384
EMP04265,Vivek Bose,57,32,IT,150000,13333,9000,3146,1950,122571,0,18787,33817,5202,3975,61781,35026,4247,Medium,0.5040425549273483,0.2857609059239135,0.034649305300601285,0.2758972350719175
EMP04266,Sai Menon,59,23,Sales,84309,3431,5059,1728,1914,72177,0,10006,21362,14414,6111,51893,3211,3189,Low,0.7189686465217452,0.044487856242293254,0.04418305000207822,0.2959668592487912
EMP04267,Tanvi Purohit,27,5,Finance,77783,2778,4667,2170,1193,66975,0,8589,11398,1332,2990,24309,24240,4486,Medium,0.362956326987682,0.36192609182530794,0.06698021649869354,0.17018290406868233
EMP04268,Pankaj Rathore,44,19,Operations,88316,3832,5299,1711,1236,76238,0,14279,26168,4349,4794,49590,11232,3767,Low,0.650463023688974,0.1473281040950707,0.04941105485453448,0.3432409034864503
EMP04269,Aditya Shetty,57,36,IT,150000,13333,9000,3565,1575,122527,43156,19394,0,22852,10211,95613,4517,3442,Low,0.7803422919030091,0.036865343965003634,0.02809176752878957,0.0
EMP04270,Palak Pillai,26,6,IT,95783,4578,5747,2192,2108,81158,26630,13882,13719,13818,6191,74240,1089,631,Low,0.914758865423002,0.01341827053402006,0.007774957490327509,0.16904063678257228
EMP04271,Shruti Sahu,40,16,Customer Support,50428,855,3026,874,1175,44498,3165,6181,0,1297,2192,12835,20122,1764,High,0.2884399298844892,0.45220009888084856,0.03964223111151063,0.0
EMP04272,Nikhil Shinde,24,2,Data Science,98668,4867,5920,2039,1848,83994,22848,9464,2939,5340,5862,46453,3368,1469,Medium,0.5530514084339357,0.04009810224539848,0.01748934447698645,0.034990594566278545
EMP04273,Tanvi Kohli,34,12,Sales,62264,1447,3736,1465,1770,53846,13250,8393,6806,2996,2496,33941,9046,2466,Medium,0.6303346580990231,0.167997622850351,0.045797273706496305,0.12639750399286856
EMP04274,Lokesh Mittal,29,2,HR,43342,500,2601,788,1124,38329,7175,3931,0,2271,934,14311,16451,1580,High,0.37337264212476196,0.4292050405698035,0.04122205118839521,0.0
EMP04275,Rakesh Narang,49,15,Finance,107440,6116,6446,3353,1510,90015,0,12117,0,3319,3063,18499,42053,4870,High,0.2055101927456535,0.46717769260678776,0.054102094095428536,0.0
EMP04276,Anjali Yadav,40,10,Marketing,69275,1928,4156,1498,1259,60434,0,8238,16967,6473,3450,35128,3758,2694,Low,0.5812622033954397,0.062183539067412384,0.04457755568057716,0.280752556507926
EMP04277,Vivaan Reddy,23,0,Marketing,50632,865,3038,1197,1527,44005,0,5758,5232,6907,2943,20840,5267,3209,Medium,0.47358254743779116,0.11969094421088512,0.07292353141688444,0.11889558004772185
EMP04278,Mansi Nagpal,24,2,Customer Support,39277,297,2357,1025,1959,33639,0,3548,4210,1906,1365,11029,593,727,Low,0.327863491780374,0.017628348048396206,0.021611819614138352,0.12515235292368976
EMP04279,Namrata Divya Mehta,34,10,Customer Support,43650,516,2619,1007,1514,37994,0,5851,10585,2511,2182,21129,7623,1989,Low,0.5561141232826236,0.20063694267515925,0.05235037111122809,0.27859662051902934
EMP04280,Gaurav Mishra,43,20,Data Science,146681,12670,8801,3428,954,120828,12228,23134,0,7900,7285,50547,33506,6141,Medium,0.41833846459429935,0.2773032740755454,0.05082431224550601,0.0
EMP04281,Akash Rajput,47,19,Operations,79500,2950,4770,1461,1256,69063,0,11383,20300,3580,3109,38372,14501,3604,Medium,0.555608647177215,0.20996771064100894,0.05218423758018041,0.2939345235509607
EMP04282,Sonia Aman Saini,52,24,IT,139780,11289,8387,2516,1955,115633,0,16577,29380,2705,2954,51616,41255,5132,Medium,0.44637776413307617,0.3567753150052321,0.04438179412451463,0.2540797177276383
EMP04283,Ravi Das,26,4,IT,90079,4008,5405,1467,1354,77845,0,9438,10423,8420,4064,32345,16594,5806,Medium,0.41550517053118374,0.2131671912133085,0.07458410944826258,0.1338942770890873
EMP04284,Sanya Yadav,40,18,Marketing,78693,2869,4722,1722,1643,67737,7741,7986,9131,6767,3785,35410,12930,3259,Medium,0.5227571342102544,0.19088533593161788,0.04811255296219201,0.13480077358017037
EMP04285,Sai Daga,52,33,HR,70000,2000,4200,1578,963,61259,0,8372,14845,1902,2790,27909,17031,4042,Medium,0.45559019899116865,0.27801629148370033,0.06598214139963107,0.24233173900977817
EMP04286,Vikram Bansal,40,14,Cyber Security,141600,11653,8496,3071,1268,117112,26209,17636,5889,8635,5559,63928,11171,19559,High,0.54587061957784,0.09538732153835644,0.16701106632966733,0.05028519707630302
EMP04287,Aman Porwal,50,28,IT,150000,13333,9000,3881,1658,122128,37814,17335,0,14939,9228,79316,4945,4290,Low,0.6494497576313376,0.04049030525350452,0.035127079785143456,0.0
EMP04288,Aakash Nagpal,37,16,IT,117546,7632,7053,2959,1900,98002,27139,12787,16186,6974,4702,67788,7049,11403,Medium,0.6917001693842982,0.07192710352849942,0.11635476827003531,0.1651598946960266
EMP04289,Anjali Gupta,31,7,Marketing,58793,1273,3528,702,1958,51332,0,5093,15221,5201,2498,28013,10220,2355,Medium,0.5457219668043326,0.19909608041767318,0.045877815008182034,0.296520688849061
EMP04290,Hemant Trivedi,24,1,IT,80000,3000,4800,1562,1096,69542,20149,8494,0,10552,4579,43774,6075,3196,Medium,0.6294613327197952,0.08735728049236433,0.04595783842857554,0.0
EMP04291,Simran Bhatia,27,3,IT,89435,3944,5366,1888,1882,76355,0,5702,21442,5069,2885,35098,9840,15577,Medium,0.4596686530024229,0.1288717176347325,0.20400759609717767,0.28081985462641607
EMP04292,Pallavi Khurana,24,0,Customer Support,35000,83,2100,1063,1816,29938,8453,4354,3129,3336,1395,20667,4058,1245,Medium,0.6903266751285991,0.1355467967132073,0.04158594428485537,0.10451599973278108
EMP04293,Reema Nandini Reddy,24,1,IT,80931,3093,4856,1746,1300,69936,15047,9065,0,3865,3403,31380,12492,15196,High,0.4486959505833905,0.17862045298558682,0.21728437428506062,0.0
EMP04294,Rashmi Khanna,54,27,Sales,85000,3500,5100,1759,1946,72695,0,10888,23901,2925,5380,43094,2443,1050,Low,0.5928055574661256,0.03360616273471353,0.014443909484833895,0.32878464818763325
EMP04295,Arjun Bansal,47,27,Customer Support,60000,1333,3600,1469,1633,51965,0,7329,10622,2252,3605,23808,303,205,Low,0.45815452708553833,0.005830847685942461,0.003944962955835659,0.20440681227749447
EMP04296,Sanya Yadav,57,28,Finance,130000,9500,7800,2525,1502,108673,27146,17737,0,6788,5405,57076,19580,6939,Medium,0.525208653483386,0.1801735481674381,0.06385210677905276,0.0
EMP04297,Komal Agarwal,46,24,Product Management,209395,27818,12564,3557,2279,163177,0,17382,54925,14992,10898,98197,25470,6639,Medium,0.6017821139008561,0.15608817419121568,0.04068588097587283,0.3365976822713985
EMP04298,Muskan Daga,40,10,Finance,92231,4223,5534,1546,2350,78578,16803,12537,8171,4944,4743,47198,14123,3105,Medium,0.6006515818676983,0.1797322405762427,0.039514876937565224,0.10398584845631093
EMP04299,Divya Saxena,46,15,Operations,73124,2312,4387,2081,1649,62695,7430,6226,7233,4580,1191,26660,18879,3925,Medium,0.4252332721907648,0.3011244915862509,0.06260467341893293,0.11536805167876227
EMP04300,Jyoti Parmar,31,6,Cyber Security,113636,7045,6818,3286,1232,95255,19377,10588,0,6419,3444,39828,12342,19626,High,0.41811978373838643,0.12956800167970187,0.20603642853393522,0.0
EMP04301,Dev Somani,45,20,HR,65615,1614,3937,1669,707,57688,0,7601,15639,5720,2810,31770,10376,2663,Low,0.5507211205103314,0.17986409651920676,0.046162113437803354,0.271096241852725
EMP04302,Yash Goel,55,28,Marketing,90000,4000,5400,1651,1780,77169,0,7152,22770,4260,2851,37033,2597,1569,Low,0.4798947763998497,0.0336534100480763,0.020331998600474285,0.2950666718500952
EMP04303,Aakash Pillai,38,17,Sales,68700,1870,4122,1782,2168,58758,17912,11179,10402,1255,2878,43626,568,291,Low,0.7424691105891964,0.00966676878042139,0.004952517104053916,0.17703121277102693
EMP04304,Ritika Fernandes,47,20,Cyber Security,161940,15721,9716,2860,1342,132301,27971,18055,0,8982,7221,62229,14149,29446,Medium,0.4703592565437903,0.10694552573298766,0.2225682345560502,0.0
EMP04305,Vihaan Tiwari,54,33,IT,150000,13333,9000,2308,2218,123141,0,20533,32628,16089,9578,78828,6415,5748,Low,0.6401442249129047,0.05209475316913132,0.046678198163081344,0.26496455282968306
EMP04306,Akash Avantika Khanna,55,38,HR,70000,2000,4200,2000,1726,60074,13335,8446,0,3339,3990,29110,14692,3718,Medium,0.4845690315277824,0.2445650364550388,0.06189033525318773,0.0
EMP04307,Megha Mohanty,59,29,Finance,128203,9230,7692,2731,1273,107277,0,14078,21755,3995,2747,42575,39411,6074,Medium,0.39686978569497655,0.36737604519142036,0.0566197787037296,0.20279277011847832
EMP04308,Namrata Narang,33,12,Customer Support,46265,647,2776,1060,1798,39984,7762,6151,0,1342,1559,16814,14941,2006,High,0.42051820728291317,0.3736744697879152,0.050170068027210885,0.0
EMP04309,Rajat Shetty,51,25,IT,135647,10463,8139,2274,1690,113081,0,18576,37508,18413,6778,81275,7400,3819,Low,0.7187325899134249,0.06543981747596855,0.03377225174874647,0.33169144241738224
EMP04310,Rohan Pandey,24,3,Sales,49315,799,2959,904,1963,42690,0,4627,0,3272,1828,9727,760,1006,Medium,0.2278519559615835,0.0178027641133755,0.023565237760599673,0.0
EMP04311,Manish Mittal,26,4,Finance,80013,3001,4801,2029,1424,68758,20645,9171,0,8118,4697,42631,10646,2473,Medium,0.6200151255126676,0.1548328921725472,0.03596672387213124,0.0
EMP04312,Garima Chaudhary,55,38,Operations,95000,4500,5700,2006,827,81967,0,12668,19466,11997,6434,50565,4692,4807,Low,0.6168946039259702,0.05724254883062696,0.05864555247843645,0.23748581746312541
EMP04313,Trisha Daga,41,27,Customer Support,60000,1333,3600,1597,1163,52307,0,6303,14593,4438,2788,28122,9540,3146,Medium,0.5376335863268779,0.1823847668572084,0.06014491368268109,0.27898751601124133
EMP04314,Prateek Kulkarni,50,20,Sales,80883,3088,4853,1476,1225,70241,0,7027,15020,4308,4856,31211,3310,682,Low,0.4443416238379294,0.04712347489358067,0.009709428965988524,0.21383522444156547
EMP04315,Reema Mundra,57,23,Finance,120116,8017,7207,2760,1709,100423,29366,15703,7986,3746,7300,64101,2598,1631,Medium,0.638309948916085,0.02587056749947721,0.016241299303944315,0.07952361510809276
EMP04316,Yash Parmar,49,23,Finance,114429,7164,6866,3695,1614,95090,0,13436,28239,5233,5957,52865,18150,4264,Medium,0.5559469975812388,0.19087180565779788,0.04484172888842149,0.2969712903565044
EMP04317,Deepak Lodha,24,0,Operations,51408,904,3084,1141,1806,44473,0,5152,5323,3088,2259,15822,1226,1234,Low,0.35576642007510173,0.027567288017448788,0.027747172441706203,0.11969059879027724
EMP04318,Megha Sabharwal,54,35,Marketing,90000,4000,5400,2136,1538,76926,0,12214,26217,5113,3906,47450,12411,4257,Medium,0.6168265605906975,0.16133686919897045,0.05533889712190937,0.34080804929412684
EMP04319,Sakshi Yadav,32,12,Marketing,66761,1676,4006,2068,1840,57171,18462,8259,4208,7841,5481,44251,2149,1828,Low,0.7740112994350282,0.03758898742369383,0.03197425268055483,0.07360375015304962
EMP04320,Mohit Komal Kapoor,24,0,HR,43079,487,2585,1181,1296,37530,0,3468,12398,2601,1287,19754,9703,1767,Medium,0.5263522515321076,0.2585398347988276,0.047082334132693845,0.33034905409006127
EMP04321,Harsh Pandey,47,27,Operations,95000,4500,5700,1246,1895,81659,16608,12452,4040,2387,1780,37267,29406,3555,High,0.45637345546724795,0.3601072753768721,0.043534699175841,0.049474032256089345
EMP04322,Pooja Ghosh,49,15,HR,60345,1351,3621,1533,1074,52766,5055,9133,0,2362,2864,19414,2691,1101,Medium,0.36792631618845467,0.0509987491945571,0.020865708979266952,0.0
EMP04323,Shubham Mukherjee,46,20,Finance,112317,6848,6739,2333,1478,94919,6531,12725,5007,4100,3779,32142,39283,5577,Medium,0.338625564955383,0.4138581316701609,0.05875535983312087,0.05275023967804128
EMP04324,Namrata Bajaj,24,0,Operations,50000,833,3000,1101,2177,42889,4260,5294,2839,2685,1478,16556,15843,2250,Medium,0.3860197253374991,0.36939541607405163,0.052461003987036306,0.0661941290307538
EMP04325,Namrata Chauhan,59,27,Data Science,170000,17500,10200,2490,1225,138585,0,21381,25689,2953,3825,53848,53798,7041,Medium,0.38855576000288633,0.3881949705956633,0.05080636432514341,0.18536638164303496
EMP04326,Gaurav Swain,41,17,Sales,68286,1829,4097,1613,2272,58475,3002,7347,2337,4057,2191,18934,9871,16770,High,0.3237964942283027,0.16880718255664814,0.2867892261650278,0.03996579734929457
EMP04327,Khushi Kulkarni,46,21,Product Management,186099,21525,11166,2831,1495,149082,0,27263,0,11466,10725,49454,38411,14395,High,0.3317234810372815,0.25765015226519633,0.09655759917360915,0.0
EMP04328,Shivam Arjun Banerjee,42,25,Operations,94673,4467,5680,1299,1743,81484,0,11714,17327,4583,2580,36204,14554,15816,Medium,0.4443080850228266,0.17861175200039273,0.19409945510775123,0.21264297285356634
EMP04329,Sneha Kulkarni,42,24,Finance,122304,8346,7338,2792,1289,102539,0,17868,27457,7712,6873,59910,16610,6411,Low,0.5842654989808755,0.16198714635407016,0.0625225523946986,0.26777128702249875
EMP04330,Avantika Shetty,33,9,Sales,57640,1215,3458,1006,1333,50628,12988,8139,0,1228,1872,24227,439,680,Medium,0.47852966737773567,0.008671091095836296,0.013431302836375128,0.0
EMP04331,Shruti Lakhotia,44,26,Marketing,90000,4000,5400,1548,814,78238,0,13631,25090,6643,4364,49728,12172,3018,Low,0.6355990695058668,0.15557657404330377,0.03857460569032951,0.3206881566502211
EMP04332,Jyoti Sahu,37,18,IT,121556,8233,7293,2926,1769,101335,0,19571,21323,8745,5769,55408,16556,7131,Medium,0.5467804805842009,0.16337889179454285,0.07037055311590269,0.210420881235506
EMP04333,Harsh Sharma,27,4,Data Science,107091,6064,6425,3750,2107,88745,0,16853,0,5523,3916,26292,30095,7742,High,0.29626457828610064,0.3391176967716491,0.08723871767423517,0.0
EMP04334,Aditi Bhardwaj,34,7,Marketing,60550,1361,3633,1909,1844,51803,16140,9695,3192,6863,4158,40048,2680,1655,Low,0.7730826400015444,0.051734455533463314,0.03194795668204544,0.06161805300851302
EMP04335,Rahul Soni,43,18,Sales,73529,2353,4412,1890,1369,63505,21241,10757,0,12475,5249,49722,2510,1483,Low,0.7829619714983073,0.03952444689394536,0.02335249192976931,0.0
EMP04336,Dhruv Thomas,24,1,Operations,50000,833,3000,855,2124,43188,11409,4599,6882,3934,2153,28977,5458,1999,Medium,0.6709502639622117,0.1263776975085672,0.04628600537186255,0.1593498193942762
EMP04337,Shruti Bajaj,25,0,IT,80000,3000,4800,1541,1765,68894,0,8601,9917,6073,2787,27378,8606,14618,Medium,0.39739309664121697,0.12491653845037304,0.2121810317299039,0.14394577176532064
EMP04338,Reema Saloni Mehta,32,6,Finance,82315,3232,4939,1312,1568,71264,23712,13040,8050,13281,6408,64491,973,758,Low,0.9049590255949708,0.0136534575662326,0.010636506511001348,0.11296026044005389
EMP04339,Pooja Chauhan,48,24,Data Science,157978,14929,9479,2604,1853,129113,0,22924,25819,7521,5656,61920,26055,7403,Medium,0.4795799028757755,0.2017999736664782,0.05733737114000914,0.19997211744750723
EMP04340,Aditya Shinde,57,35,Sales,85000,3500,5100,1271,1629,73500,5302,9986,0,3801,2681,21770,19756,7684,High,0.29619047619047617,0.2687891156462585,0.10454421768707484,0.0
EMP04341,Charu Pallavi Shetty,28,2,Finance,80802,3080,4848,1820,2025,69029,0,10042,17532,2278,2635,32487,23052,2629,Medium,0.4706282866621275,0.33394660215271843,0.03808544235031654,0.25398021121557607
EMP04342,Prachi Bansal,55,34,Marketing,90000,4000,5400,2006,1478,77116,0,11993,20377,3970,3481,39821,16686,4984,Medium,0.5163779241661912,0.21637533067067793,0.06462990819025884,0.26423829036775764
EMP04343,Megha Porwal,52,35,IT,150000,13333,9000,2964,1159,123544,44556,20930,0,15812,10705,92003,6185,3762,Low,0.7446982451596192,0.05006313540115263,0.03045068963284336,0.0
EMP04344,Trisha Pawar,52,31,Customer Support,60000,1333,3600,1821,838,52408,15195,8844,0,8446,4055,36540,3216,2423,Low,0.6972217981987483,0.06136467714852694,0.046233399480995266,0.0
EMP04345,Charu Garima Roy,30,3,Customer Support,36471,157,2188,1131,1893,31102,9294,4797,0,1262,1979,17332,811,220,Medium,0.5572631985081345,0.026075493537393094,0.00707350009645682,0.0
EMP04346,Sanya Chauhan,44,21,Sales,81124,3112,4867,1346,2151,69648,4597,11607,6584,8034,6012,36834,8065,4904,Medium,0.5288594073053067,0.1157965770732828,0.07041121065931541,0.0945325063174822
EMP04347,Palak Agarwal,22,0,Operations,50000,833,3000,1113,1311,43743,11181,6417,2776,3445,2288,26107,395,493,Low,0.5968269208787692,0.009030016231168416,0.011270374688521592,0.06346158242461651
EMP04348,Prachi Purohit,28,2,Data Science,94481,4448,5669,2178,1244,80942,0,11685,0,4942,4983,21610,12325,20442,High,0.2669812952484495,0.15226952632749377,0.2525512095080428,0.0
EMP04349,Kartik Deshmukh,59,22,IT,137704,10874,8262,2871,1052,114645,0,18951,38098,12289,10604,79942,5552,4667,Low,0.6973003619870034,0.04842775524445026,0.040708273365606874,0.3323127916612151
EMP04350,Atharv Mundra,44,18,Operations,84953,3495,5097,1306,1108,73947,19218,10559,28595,2225,3965,64562,482,345,Low,0.8730847769348317,0.0065181819411199915,0.004665503671548541,0.38669587677661027
EMP04351,Shubham Megha Sabharwal,50,24,Sales,82559,3256,4954,1566,1972,70811,18054,10881,9302,2765,3543,44545,1765,141,Low,0.6290689299685077,0.02492550592422081,0.001991216054002909,0.13136377116549688
EMP04352,Mansi Mohanty,58,27,Customer Support,60000,1333,3600,1361,2412,51294,0,8745,10470,2514,3414,25143,1074,45,Low,0.490174289390572,0.020938121417709673,0.0008772955901275003,0.20411744063633175
EMP04353,Khushi Bhardwaj,55,35,Cyber Security,180000,20000,10800,3766,1284,144150,29484,17637,8437,8835,6276,70669,21494,22417,Medium,0.4902462712452307,0.14910856746444676,0.15551161984044398,0.05852930974679154
EMP04354,Vikram Agarwal,30,7,Marketing,64559,1561,3874,1803,2059,55262,12899,8419,5914,3669,2449,33350,6319,7491,Medium,0.603488835004162,0.11434620534906445,0.13555426875610727,0.10701748036625529
EMP04355,Vivek Prateek Jadhav,46,26,Marketing,90000,4000,5400,1927,1503,77170,27612,12861,2832,14388,5326,63019,2932,1347,Low,0.8166256317221718,0.03799403913437865,0.017454969547751716,0.036698198781910066
EMP04356,Rahul Yadav,36,8,Operations,66193,1643,3972,1572,1166,57840,13271,9225,0,1749,4301,28546,224,695,Medium,0.49353388658367914,0.003872752420470263,0.012015905947441218,0.0
EMP04357,Sonali Roy,38,10,Sales,58558,1261,3513,894,1570,51320,0,9536,0,3597,3013,16146,17369,3092,Medium,0.31461418550272796,0.33844505066250974,0.06024941543257989,0.0
EMP04358,Palak Bedi,45,24,Operations,89065,3906,5344,1353,2136,76326,8220,8324,5878,4687,2968,30077,2997,1749,Medium,0.3940596913240573,0.03926578099206037,0.02291486518355475,0.07701176532243273
EMP04359,Shivam Saxena,56,28,Finance,126288,8943,7577,3083,1438,105247,19433,15564,0,3723,4064,42784,36189,6216,Medium,0.4065103993462997,0.34384828071108914,0.0590610658736116,0.0
EMP04360,Yash Kumawat,51,26,Operations,93290,4329,5597,1214,2310,79840,0,14021,16620,4843,3544,39028,18711,4364,Medium,0.4888276553106212,0.2343562124248497,0.05465931863727455,0.20816633266533066
EMP04361,Siddharth Manish Mohanty,40,9,Sales,63272,1497,3796,1644,1786,54549,0,7655,0,2941,3194,13790,15361,4250,High,0.2528002346514143,0.2816000293314268,0.07791160241250986,0.0
EMP04362,Mansi Mittal,52,23,Data Science,162788,15891,9767,3763,1133,132234,0,12506,23870,9728,5861,51965,21347,33034,High,0.39297760031459383,0.16143351936718242,0.24981472238607316,0.18051333242585113
EMP04363,Bhavna Riya Lakhotia,58,38,Sales,85000,3500,5100,1383,2398,72619,20854,10360,2460,4379,4646,42699,1354,104,Low,0.5879866150731902,0.018645258128038116,0.0014321320866439913,0.03387543204946364
EMP04364,Varun D'Souza,42,26,HR,70000,2000,4200,1706,1797,60297,13378,9771,0,2942,3161,29252,21162,1622,Medium,0.48513193027845497,0.35096273446440124,0.026900177454931423,0.0
EMP04365,Palak Jain,39,8,IT,99917,4992,5995,1208,2063,85659,21952,13062,0,5523,5775,46312,15637,3736,Medium,0.5406553893928251,0.1825494110367854,0.043614798211513095,0.0
EMP04366,Krishna Shetty,58,27,Operations,95000,4500,5700,1910,2115,80775,22440,12863,0,3670,5543,44516,715,473,Low,0.5511111111111111,0.008851748684617765,0.005855772206747137,0.0
EMP04367,Ayush Shetty,47,27,Operations,95000,4500,5700,1991,1126,81683,0,7675,17468,6639,4288,36070,18837,4584,Medium,0.44158515235728363,0.23061102065301226,0.056119388367224514,0.2138511073295545
EMP04368,Siddharth Bansal,56,32,IT,150000,13333,9000,2299,1133,124235,0,13143,35023,9186,6636,63988,17564,22143,Medium,0.5150561435988248,0.14137722863927235,0.17823479695737915,0.2819092848231175
EMP04369,Nikita Ahuja,50,23,Marketing,81846,3185,4911,1443,1043,71264,19697,11996,0,3828,4857,40378,12162,3970,Medium,0.5665974405029187,0.17066120341266278,0.05570835204310732,0.0
EMP04370,Garima Yadav,53,31,IT,150000,13333,9000,3365,1220,123082,0,12357,0,9529,6623,28509,39680,13250,High,0.231626070424595,0.32238670154856114,0.10765180936286378,0.0
EMP04371,Vivaan Mohanty,27,2,Finance,71357,2136,4281,1570,2142,61228,0,11248,10807,3808,3014,28877,15022,4038,Medium,0.4716306265107467,0.24534526687136604,0.06595021885411903,0.1765042137584112
EMP04372,Ayaan Saini,48,20,IT,130738,9611,7844,3383,1374,108526,0,16603,21356,6393,7766,52118,20778,6764,Medium,0.48023515102371783,0.19145642518843412,0.06232607854339053,0.1967823378729521
EMP04373,Pankaj Hemant George,34,11,Operations,71006,2101,4260,1912,1307,61426,13463,8173,3913,5190,4110,34849,11885,2353,Medium,0.5673330511509784,0.19348484355159054,0.03830625468042848,0.063702666623254
EMP04374,Yuvraj Mundra,51,27,HR,70000,2000,4200,1690,1124,60986,0,11137,16518,3480,3347,34482,12393,3242,Low,0.5654084543993704,0.20321057291837472,0.05315974158003476,0.2708490473223363
EMP04375,Aditya Yadav,45,27,Customer Support,58973,1282,3538,723,1250,52180,0,8246,8862,2372,3069,22549,310,877,Medium,0.43213875047911077,0.005940973553085474,0.01680720582598697,0.16983518589497892
EMP04376,Ankit Lakhotia,53,27,Finance,130000,9500,7800,3612,1633,107455,0,14611,0,2677,4460,21748,48554,9163,High,0.20239169885068167,0.45185426457586897,0.08527290493695035,0.0
EMP04377,Ayaan Parmar,56,30,Marketing,90000,4000,5400,1923,1225,77452,0,12954,17985,5871,4392,41202,13028,4654,Medium,0.5319681867479213,0.16820740587718847,0.06008882921034964,0.23220833548520373
EMP04378,Garima George,35,11,Operations,74485,2448,4469,1235,1665,64668,16902,10614,0,7486,5308,40310,5293,2078,Medium,0.6233376631409662,0.0818488278592194,0.03213335807509123,0.0
EMP04379,Ayaan Iyer,43,21,Sales,74678,2468,4481,1578,1129,65022,15528,10776,0,4998,3969,35271,13293,2608,Medium,0.5424471717264926,0.20443849773922673,0.040109501399526314,0.0
EMP04380,Megha Chauhan,33,7,HR,48272,747,2896,874,1548,42207,9375,5223,4328,1942,935,21803,10315,1680,Medium,0.5165730802947378,0.24439074087236715,0.039803824010235266,0.10254223233112991
EMP04381,Priya Roy,28,3,IT,91232,4123,5474,1498,1998,78139,0,9410,11701,7155,4876,33142,21599,5297,Medium,0.42414159382638633,0.276417665954261,0.06778945213017827,0.14974596552297828
EMP04382,Ananya Kartik Yadav,36,9,Marketing,63792,1523,3828,2019,1509,54913,13918,6130,0,4967,3143,28158,10132,3435,Medium,0.5127747527907781,0.18451004315917907,0.06255349370822938,0.0
EMP04383,Karan Bajaj,38,13,IT,108091,6214,6485,3362,1958,90072,0,11627,19481,5695,2843,39646,12856,15446,Medium,0.44015898392397196,0.14273026023625543,0.17148503419486633,0.21628252953193
EMP04384,Pankaj Amit Kapoor,22,1,Cyber Security,99321,4932,5959,2069,1212,85149,18970,8172,8032,6874,3819,45867,13148,10587,High,0.5386675122432442,0.1544116783520652,0.12433498925413099,0.09432876487099084
EMP04385,Vaishnavi Bagri,59,38,Customer Support,60000,1333,3600,1845,1636,51586,0,8409,16983,6022,5086,36500,2592,2050,Low,0.707556313728531,0.05024619082696856,0.03973946419571202,0.3292172294808669
EMP04386,Aisha Chauhan,41,18,Cyber Security,146667,12667,8800,3363,1592,120245,0,15832,21800,7620,5037,50289,17301,27511,Medium,0.4182211318557944,0.14388124246330408,0.22879121793005947,0.1812965196058048
EMP04387,Shreya Kumawat,56,22,HR,63965,1532,3838,1265,1060,56270,13905,8339,0,3902,2927,29073,6706,9750,Medium,0.5166696285765061,0.11917540430069308,0.17327172560867246,0.0
EMP04388,Bhavna Mittal,41,24,IT,141179,11569,8471,2320,1275,117544,0,18514,25347,7837,7536,59234,21534,6881,Medium,0.5039304430681277,0.18319948274688627,0.05853978084802287,0.21563839923773226
EMP04389,Pallavi Shukla,55,32,Operations,95000,4500,5700,1347,1972,81481,0,9708,26101,8667,4822,49298,12495,3333,Medium,0.6050244842355886,0.15334863342374297,0.04090524171279194,0.32033234741841654
EMP04390,Tanvi Solanki,26,2,Finance,72743,2274,4365,1407,1125,63572,7591,10116,0,3656,3990,25353,16014,3395,High,0.39880765116718053,0.25190335367771977,0.053404014345938465,0.0
EMP04391,Sonia Ananya Patel,47,15,Data Science,128248,9237,7695,3493,1211,106612,25134,18524,0,7950,4930,56538,22299,6315,Medium,0.5303155367125651,0.2091603196638277,0.0592334821596068,0.0
EMP04392,Nisha Somani,33,11,IT,107260,6089,6436,2980,2042,89713,0,13940,0,5714,3269,22923,16150,22019,High,0.2555148083332404,0.1800185034498902,0.24543823080267074,0.0
EMP04393,Monika Saxena,36,9,IT,106768,6015,6406,2455,1437,90455,0,12393,18871,4390,1862,37516,28319,5600,Medium,0.41474766458460005,0.3130727986291526,0.061909236637001826,0.20862307224586812
EMP04394,Muskan Bose,43,23,IT,143769,12087,8626,3721,1735,117600,0,22199,21417,8325,7822,59763,27737,5192,Medium,0.508188775510204,0.23585884353741496,0.044149659863945576,0.18211734693877552
EMP04395,Sumit Trivedi,52,24,HR,69864,1986,4192,1449,1092,61145,0,11111,19596,2735,3924,37366,1223,258,Low,0.6111047510017172,0.020001635456701285,0.004219478289312291,0.32048409518358
EMP04396,Nikita Tiwari,28,2,IT,87364,3736,5242,1521,1855,75010,21450,11339,5397,12677,6906,57769,4176,1930,Low,0.770150646580456,0.055672576989734705,0.025729902679642713,0.07195040661245167
EMP04397,Sumit Thomas,51,34,IT,150000,13333,9000,3038,1878,122751,29097,21400,5777,7389,5428,69091,20217,5833,Medium,0.5628548850925859,0.16469926925238898,0.04751896114899268,0.047062753052928286
EMP04398,Atharv Behera,28,4,IT,87994,3799,5280,1936,1215,75764,20891,13086,11325,6027,4760,56089,7657,2997,Low,0.7403120215405734,0.10106382978723404,0.039557045562536294,0.14947732432289743
EMP04399,Pankaj Singh,51,26,IT,146858,12705,8811,3636,1123,120583,32274,18465,0,9948,7449,68136,24058,4370,Medium,0.5650547755487921,0.1995140276821774,0.036240597762537005,0.0
EMP04400,Ayaan Malhotra,45,21,Product Management,204386,26316,12263,2715,1797,161295,14189,26846,0,11489,10283,62807,45626,12850,High,0.38939210762887877,0.2828729966830962,0.07966768963700052,0.0
EMP04401,Sakshi Solanki,24,3,IT,86658,3666,5199,1564,1034,75195,0,9512,4172,7241,4162,25087,18047,6817,Medium,0.33362590597779107,0.24000265975131324,0.09065762351220161,0.05548241239444112
EMP04402,Vivaan Suri,23,3,Sales,49239,795,2954,799,1606,43085,13032,4285,3174,8402,3687,32580,2231,1017,Low,0.756179644888012,0.051781362423117094,0.02360450272716723,0.07366833004525937
EMP04403,Rishabh Pillai,50,22,Marketing,86249,3625,5175,2016,1842,73591,8612,10319,10395,4605,3938,37869,14610,3518,Medium,0.5145873816091642,0.1985297115136362,0.04780475873408433,0.14125368591267953
EMP04404,Monika Bansal,28,2,Sales,48467,757,2908,722,1179,42901,14160,7632,0,6821,3125,31738,1965,1277,Low,0.7397962751451015,0.04580312813221137,0.029766205915946014,0.0
EMP04405,Charu Nikita Pillai,40,14,IT,120511,8077,7231,2818,1757,100628,21369,16092,5880,4568,5273,53182,451,671,Medium,0.5285010136343761,0.004481853957149104,0.006668124180148666,0.05843304050562468
EMP04406,Abhishek Jindal,44,21,IT,134352,10204,8061,3496,1603,110988,19338,15995,4269,3786,4344,47732,39411,4982,High,0.43006451147871844,0.35509244242620824,0.04488773561105705,0.038463617688398746
EMP04407,Dev Chauhan,29,4,HR,44455,556,2667,748,2170,38314,10597,5087,3119,2046,2368,23217,270,398,Medium,0.6059664874458423,0.007047032416349115,0.010387847784099806,0.08140627446886256
EMP04408,Nisha Porwal,48,19,Product Management,189401,22350,11364,3288,1609,150790,0,20122,35643,9353,9095,74213,30427,9988,Medium,0.4921612839047682,0.20178393792691823,0.06623781417865907,0.2363750911864182
EMP04409,Sneha Mukherjee,40,8,IT,106027,5904,6362,3767,1845,88149,18151,13923,0,5408,3898,41380,20721,5886,Medium,0.4694324382579496,0.23506789640268183,0.06677330429159718,0.0
EMP04410,Prateek Kulkarni,45,18,Sales,77055,2706,4623,1550,1134,67042,0,9228,0,6246,5312,20786,8709,6098,Medium,0.3100444497479192,0.12990364249276573,0.09095790698368188,0.0
EMP04411,Ritika Ahuja,34,9,Sales,55971,1132,3358,853,1250,49378,13168,7868,0,4116,2590,27742,9124,2105,Medium,0.5618291546842723,0.18477864636072744,0.042630321195674184,0.0
EMP04412,Vivek Roy,29,7,Sales,58214,1244,3493,906,698,51873,10992,6248,0,4972,3192,25404,10442,3608,Medium,0.4897345439824186,0.2012993272029765,0.0695544888477628,0.0
EMP04413,Jyoti Mishra,36,9,Data Science,117640,7646,7058,3687,742,98507,0,15901,28417,4053,3838,52209,28639,3767,Medium,0.5300029439532216,0.2907306079770981,0.03824093719228075,0.2884769610281503
EMP04414,Arjun Sonia Mohanty,60,23,IT,130970,9646,7858,2350,1367,109749,0,16077,0,3697,2221,21995,48061,8551,Medium,0.20041184885511484,0.43791742977156967,0.0779141495594493,0.0
EMP04415,Rajat Tiwari,28,6,Finance,86403,3640,5184,1447,1501,74631,13166,8238,0,4136,2399,27939,26221,3279,High,0.37436186035293645,0.35134193565676464,0.043936165936407125,0.0
EMP04416,Nikita Patel,38,8,Sales,59311,1299,3559,1025,1451,51977,17292,8902,0,6161,4315,36670,2040,2289,Low,0.7055043576966735,0.03924812898012583,0.0440387094291706,0.0
EMP04417,Siddharth Gill,29,2,Sales,47181,692,2831,780,1320,41558,13170,7662,0,5807,3982,30621,1259,1811,Low,0.7368256412724385,0.03029500938447471,0.043577650512536696,0.0
EMP04418,Nikhil Rawat,57,30,HR,70000,2000,4200,1241,1845,60714,14865,9354,0,4429,3794,32442,12367,3391,Medium,0.5343413380768851,0.20369272325987417,0.055852027538953124,0.0
EMP04419,Manish Saini,29,5,HR,47778,722,2867,772,1142,42275,9165,5669,0,3863,2139,20836,10439,2377,Medium,0.4928681253696038,0.24693081017149615,0.05622708456534595,0.0
EMP04420,Yash Rathore,41,27,Marketing,90000,4000,5400,1967,1928,76705,6202,10578,0,4707,4559,26046,24929,3944,Medium,0.33956065445538103,0.3249983703800274,0.05141776937618148,0.0
EMP04421,Yash Rajput,36,17,Marketing,74068,2407,4444,1392,1816,64009,14333,8766,8013,4061,4185,39358,11695,2789,Medium,0.6148822821790686,0.18270868159165118,0.04357199768782515,0.12518552078613945
EMP04422,Pallavi Shukla,22,3,IT,86004,3600,5160,1796,1765,73683,0,8562,0,4011,4783,17356,3679,2170,Medium,0.2355495840288805,0.04993010599459848,0.0294504838293772,0.0
EMP04423,Abhishek More,33,10,IT,105819,5873,6349,3803,1451,88343,22176,10834,5030,7545,4948,50533,10226,15649,Medium,0.5720091008908459,0.1157533703858823,0.17713910553184745,0.056937165366808914
EMP04424,Rohan Shinde,24,3,Cyber Security,106430,5964,6386,2664,1491,89925,23126,13459,0,2279,2252,41116,26151,4728,High,0.45722546566583266,0.2908090075062552,0.05257714762301918,0.0
EMP04425,Aditi Ishaan Sharma,51,38,Finance,130000,9500,7800,2232,1734,108734,0,17203,21351,5557,5465,49576,26761,6466,Medium,0.45593834495190094,0.24611437084996413,0.05946622031747199,0.19635992421873563
EMP04426,Ananya Fernandes,29,5,Marketing,58716,1269,3523,1051,1861,51012,12194,6103,7150,4792,2580,32819,6726,2368,Medium,0.6433584254685172,0.13185132909903552,0.04642045009017486,0.1401630988786952
EMP04427,Rohan Jindal,55,26,Operations,94063,4406,5644,2161,980,80872,17884,11749,0,3934,4486,38053,18774,3893,Medium,0.4705336828568602,0.23214462360273025,0.04813779800178059,0.0
EMP04428,Krishna Bhardwaj,31,11,Customer Support,44407,554,2664,1178,1723,38288,0,5628,0,2009,2604,10241,13334,2493,High,0.26747283744254075,0.348255328040117,0.06511178437108232,0.0
EMP04429,Rahul Suri,58,31,IT,150000,13333,9000,3065,1117,123485,0,21984,37597,9740,6403,75724,19181,7063,Low,0.6132242782524193,0.15533060695631049,0.057197230432846094,0.30446612948941165
EMP04430,Anurag Pawar,53,36,IT,150000,13333,9000,2922,1237,123508,0,19415,0,6222,4105,29742,60463,5902,Medium,0.24081031188263108,0.48954723580658743,0.04778637821031836,0.0
EMP04431,Hemant Roy,34,8,Operations,62566,1462,3754,1641,1980,53729,4523,7589,0,2039,2725,16876,3157,970,Medium,0.3140948091347317,0.05875784027247855,0.01805356511381191,0.0
EMP04432,Dev Mukherjee,22,2,HR,42888,478,2573,1093,1177,37567,0,3141,0,1979,1764,6884,20276,2214,Medium,0.18324593393137595,0.5397290174887535,0.05893470333005031,0.0
EMP04433,Sonia Kapoor,35,7,IT,94643,4464,5679,1555,1527,81418,21099,12280,14265,5760,3135,56539,5366,11202,Low,0.6944287503991746,0.0659068019356899,0.13758628313149426,0.17520695669262326
EMP04434,Charu Tayal,31,7,Customer Support,42659,466,2560,864,1807,36962,10864,5372,2861,5084,2474,26655,2134,854,Low,0.7211460418808506,0.05773497105135004,0.02310481034576051,0.07740382013960284
EMP04435,Vivek Simran Saxena,43,19,IT,131089,9663,7865,2514,1488,109559,0,18034,20966,6823,5023,50846,20768,7358,Medium,0.4640969705820608,0.18955996312489162,0.06716016027893647,0.19136720853603995
EMP04436,Lakshay Lodha,33,9,Product Management,144999,12333,8700,2373,1231,120362,25245,16874,0,6462,4608,53189,32536,5873,High,0.4419085757963477,0.2703178744121899,0.04879447001545338,0.0
EMP04437,Neha Bohra,51,30,Cyber Security,180000,20000,10800,3272,1766,144162,0,20142,32562,8163,9645,70512,28519,10078,Medium,0.48911641070462397,0.19782605679721424,0.06990746521274677,0.22587089524285178
EMP04438,Siddharth Shinde,22,0,Customer Support,36543,160,2193,1155,793,32242,7536,5258,0,1307,821,14922,10437,1624,High,0.46281248061534647,0.32370820668693007,0.05036908380373426,0.0
EMP04439,Rohit Rohit Khanna,30,2,IT,90985,4098,5459,1293,1833,78302,0,10487,15485,3216,3468,32656,64,1540,Medium,0.41705192715384026,0.0008173482158820975,0.01966744144466297,0.19775995504584812
EMP04440,Aarav Pandey,52,29,Marketing,90000,4000,5400,2187,1470,76943,0,11425,0,5263,3459,20147,19923,6182,High,0.26184318261570255,0.25893193662841324,0.08034519059563573,0.0
EMP04441,Vidhi Khandelwal,55,22,Data Science,162303,15794,9738,3673,1183,131915,0,22070,0,21517,8024,51611,14482,10849,Medium,0.3912443618997081,0.10978281469127847,0.08224235303036045,0.0
EMP04442,Sanya Narang,35,6,Product Management,146915,12716,8815,3227,1204,120953,0,14780,27461,7441,4902,54584,19247,27781,Medium,0.4512827296553207,0.1591279257232148,0.2296842575215166,0.22703860177093582
EMP04443,Sumit Bhardwaj,50,22,Marketing,80946,3095,4857,2100,2187,68707,0,11351,0,3564,3083,17998,17921,7850,High,0.2619529305602049,0.2608322296127032,0.11425327841413539,0.0
EMP04444,Sumit Parmar,44,17,Sales,74244,2424,4455,1406,1900,64059,19888,10260,3209,11228,6559,51144,2280,1543,Low,0.7983889851543109,0.03559218845127148,0.024087169640487675,0.05009444418426763
EMP04445,Muskan Srivastava,55,24,Customer Support,57198,1193,3432,1111,1490,49972,0,6580,15745,3489,3067,28881,2065,755,Low,0.5779436484431282,0.04132314095893701,0.015108460738013288,0.3150764428079725
EMP04446,Sonia Chaudhary,49,20,Operations,89378,3938,5363,1672,1442,76963,0,9650,15812,4169,3077,32708,8852,15989,Medium,0.42498343359796265,0.11501630653690735,0.20774917817652638,0.20544937177604822
EMP04447,Vaishnavi Bedi,43,18,IT,126061,8909,7564,2468,1680,105440,0,17382,34081,6644,6807,64914,17253,4752,Low,0.6156487101669196,0.16362860394537176,0.04506828528072838,0.3232264795144158
EMP04448,Pallavi Mohanty,42,15,Operations,81049,3105,4863,1935,1680,69466,19670,9719,11042,3305,4983,48719,1280,540,Low,0.701335905334984,0.01842628048253822,0.0077735870785708115,0.15895546022514612
EMP04449,Sonali Ananya Parmar,34,7,Operations,57824,1225,3469,1100,1214,50816,0,8441,15854,2868,3038,30201,7935,2920,Medium,0.5943206863979849,0.1561516057934509,0.05746221662468514,0.31198835012594456
EMP04450,Lakshay Joshi,49,19,Finance,112211,6832,6733,2712,1207,94727,0,13830,0,5681,5565,25076,21254,21897,High,0.26471861243362504,0.2243710874407508,0.23115901485320975,0.0
EMP04451,Rishabh Nair,29,4,Marketing,59097,1288,3546,880,1346,52037,0,5708,17045,9274,4695,36722,3795,1654,Low,0.7056901819858946,0.0729288775294502,0.031785076003612814,0.32755539327786
EMP04452,Varun Bedi,31,11,Operations,67441,1744,4046,1750,1857,58044,0,8406,13628,2667,2193,26894,18713,1877,Medium,0.46333815726000965,0.32239335676383435,0.032337537040865554,0.234787402660051
EMP04453,Aisha Mohanty,44,24,Sales,81801,3180,4908,1604,1978,70131,0,9106,19304,1786,4444,34640,2610,974,Low,0.4939327829347935,0.03721606707447491,0.013888294762658453,0.27525630605580986
EMP04454,Charu Nagpal,39,17,Customer Support,49662,816,2980,904,2383,42579,0,6847,14409,5616,3366,30238,2326,1153,Low,0.7101622865731934,0.054627868197937954,0.02707907654007844,0.3384062566053688
EMP04455,Sonali Bagri,57,33,Sales,85000,3500,5100,1645,1284,73471,0,12489,20107,3002,5184,40782,258,1520,Low,0.5550761524955424,0.003511589606783629,0.020688434892678745,0.27367260551782335
EMP04456,Sanya Das,58,24,IT,145692,12472,8742,3995,1043,119440,0,20164,0,7048,6044,33256,38048,8051,Medium,0.2784326858673811,0.3185532484929672,0.06740622906898862,0.0
EMP04457,Deepak Sharma,35,5,Marketing,60095,1338,3606,1380,1883,51888,10167,4296,2962,3072,1169,21666,17135,3207,High,0.4175531914893617,0.33023049645390073,0.06180619796484736,0.05708448967005859
EMP04458,Rajat Srivastava,25,3,IT,92160,4216,5530,1900,1260,79254,0,9059,15358,7701,4903,37021,17701,4813,Medium,0.4671183788830848,0.22334519393342922,0.06072879602291367,0.19378201731142908
EMP04459,Rishabh Khandelwal,44,25,HR,70000,2000,4200,1203,1136,61461,0,5166,0,3023,1748,9937,26232,5661,High,0.16167976440344284,0.42680724361790406,0.0921071899253185,0.0
EMP04460,Shivam Thomas,35,11,IT,111800,6770,6708,3046,1438,93838,17775,9246,11791,8061,3129,50002,11436,15907,Medium,0.532854493915045,0.12186960506404655,0.16951554807220956,0.12565272064622007
EMP04461,Rashmi Ahuja,59,29,Sales,85000,3500,5100,2194,2256,71950,0,11357,0,7968,6353,25678,6900,5259,Medium,0.3568867268936762,0.09589993050729674,0.07309242529534399,0.0
EMP04462,Deepak Sharma,45,28,Operations,95000,4500,5700,1427,1185,82188,16021,11112,0,3650,3610,34393,30964,3896,Medium,0.4184674161678104,0.37674599698252786,0.0474035138949725,0.0
EMP04463,Megha Tomar,29,3,Sales,48710,769,2923,1186,2159,41673,0,5363,0,1916,1947,9226,8579,10103,High,0.2213903486670026,0.20586470856429823,0.2424351498572217,0.0
EMP04464,Diya Saini,35,8,Operations,64164,1542,3850,2199,807,55766,0,9551,16846,4017,2848,33262,11067,1814,Low,0.596456622314672,0.19845425528099558,0.032528780977656636,0.30208370691819386
EMP04465,Nisha Anurag Chaudhary,22,2,IT,83984,3398,5039,1940,1865,71742,0,9945,0,3056,3313,16314,33399,5382,High,0.22739817680020072,0.46554319645396003,0.07501881742912102,0.0
EMP04466,Aditi Joshi,55,26,Sales,85000,3500,5100,1360,2154,72886,24810,13167,9182,10594,5824,63577,1128,1160,Low,0.8722799989023955,0.015476223142990424,0.015915264934280932,0.12597755398842028
EMP04467,Monika Bohra,54,31,Marketing,90000,4000,5400,1946,1893,76761,17151,11766,0,5317,4916,39150,18079,3859,Medium,0.5100246218782976,0.23552324748244552,0.05027292505308686,0.0
EMP04468,Nikita Mohanty,33,9,IT,105970,5896,6358,2580,1554,89582,4511,15901,0,6159,4338,30909,24340,6857,High,0.3450358330914693,0.2717063695831752,0.07654439507936862,0.0
EMP04469,Parth Kunal Joshi,48,15,Sales,63818,1524,3829,1384,1882,55199,13495,10102,0,2351,4566,30514,1264,125,Medium,0.5527998695628544,0.02289896556097031,0.0022645337777858297,0.0
EMP04470,Komal Singh,41,24,Product Management,197178,24294,11831,3119,1163,156771,0,16001,54868,10882,6016,87767,36786,7070,Medium,0.5598420626263786,0.23464798974300094,0.04509762647428415,0.3499881993480937
EMP04471,Rakesh Kulkarni,34,6,IT,97491,4749,5849,1840,997,84056,0,12111,19822,14509,7233,53675,5074,3764,Low,0.6385623869801085,0.060364518892167124,0.04477967069572666,0.2358189778243076
EMP04472,Ayush Nikhil Soni,33,12,Sales,64468,1557,3868,2102,1240,55701,0,8175,16984,3562,2794,31515,5727,10225,Medium,0.5657887650131954,0.10281682555070824,0.183569415270821,0.304913735839572
EMP04473,Kavya Nagpal,42,23,Operations,87743,3774,5265,2038,1874,74792,0,12541,14983,5203,4473,37200,13600,5650,Medium,0.49737939886618887,0.18183762969301528,0.07554283880628944,0.20032891218312118
EMP04474,Palak Ghosh,35,5,Data Science,109555,6433,6573,2421,1684,92444,0,15584,0,5878,5287,26749,30570,8704,High,0.28935355458439704,0.33068668599368267,0.09415429881874432,0.0
EMP04475,Avantika Nagpal,55,38,Finance,130000,9500,7800,2608,1264,108828,27589,13710,0,6894,5443,53636,36755,4055,High,0.49285110449516667,0.3377347741390083,0.03726063145514022,0.0
EMP04476,Priya Mathew,58,29,IT,145802,12494,8748,2441,1648,120471,0,14141,0,9814,4870,28825,25192,35659,High,0.2392692017165957,0.20911256650978244,0.29599654688680266,0.0
EMP04477,Yash Shetty,35,12,Data Science,117989,7698,7079,3904,1941,97367,22831,15184,6499,6106,6013,56633,16937,5152,Medium,0.581644705084885,0.1739501062988487,0.05291320467920343,0.06674746063861473
EMP04478,Tarun Pradhan,23,0,Sales,45000,583,2700,894,1772,39051,12824,4923,1531,5158,2997,27433,2208,1333,Low,0.7024916135310235,0.056541445801644004,0.03413484929963381,0.039205141993802976
EMP04479,Kunal Thomas,50,18,Data Science,147403,12814,8844,3756,1977,120012,0,16981,30133,6324,3822,57260,18925,19250,Medium,0.47711895477118954,0.15769256407692564,0.16040062660400625,0.25108322501083224
EMP04480,Aditi Chopra,43,17,Finance,112674,6901,6760,3753,1672,93588,0,10532,30333,3662,3001,47528,24724,3702,Medium,0.507842885840065,0.26417916826943627,0.03955635337863829,0.3241120656494422
EMP04481,Mansi Maheshwari,44,27,IT,142486,11831,8549,2744,1390,117972,28194,18219,0,7604,5614,59631,25311,7775,Medium,0.5054673990438409,0.21455091038551521,0.06590546909436137,0.0
EMP04482,Aakash Pandey,45,19,Operations,82829,3283,4970,1899,1384,71293,0,9595,0,2588,3214,15397,30545,4778,Medium,0.21596790708765237,0.428443185165444,0.06701920244624297,0.0
EMP04483,Ravi Tayal,59,24,Operations,94475,4448,5668,2191,2133,80035,0,10203,15775,2945,3217,32140,27483,4174,Medium,0.401574311238833,0.3433872680702193,0.052152183419753854,0.1971012681951646
EMP04484,Manish Khandelwal,37,16,IT,122416,8362,7345,3712,1017,101980,20089,15497,18080,3934,4148,61748,8307,15190,Medium,0.6054912727985879,0.08145714846048245,0.14895077466169837,0.17728966464012552
EMP04485,Rajat Jadhav,37,10,Customer Support,43449,506,2607,1187,906,38243,9649,5285,0,2728,2161,19823,7912,1754,Medium,0.5183432262113328,0.20688753497372067,0.045864602672384486,0.0
EMP04486,Atharv Khurana,46,25,Sales,81284,3128,4877,1883,1510,69886,0,8328,14719,1679,2474,27200,26807,3275,Medium,0.3892052771656698,0.3835818332713276,0.04686203245285179,0.2106144292132902
EMP04487,Rupal Chopra,25,1,Product Management,120000,8000,7200,3952,2267,98581,0,13018,14535,9324,6777,43654,23453,5539,Medium,0.4428236678467453,0.2379058845010702,0.05618729775514551,0.14744220488735152
EMP04488,Saurabh Malhotra,32,12,Sales,68087,1809,4085,1931,1957,58305,20521,10400,8173,7196,3633,49923,1554,1118,Low,0.8562387445330589,0.026652945716490867,0.019175027870680046,0.1401766572335134
EMP04489,Muskan Reddy,45,21,Finance,113109,6966,6787,2973,1234,95149,24140,14200,0,4837,3510,46687,16959,16513,High,0.4906725241463389,0.17823624000252236,0.17354885495380928,0.0
EMP04490,Ishita Wadhwa,38,16,Operations,73922,2392,4435,1673,2068,63354,7531,7246,7791,4729,1904,29201,19772,2628,Medium,0.46091801622628403,0.3120876345613537,0.04148120087129463,0.12297566057391798
EMP04491,Komal Porwal,36,11,Sales,62044,1436,3723,1416,1690,53779,0,5500,16794,5594,2405,30293,9957,2675,Medium,0.5632867848044776,0.18514661856858625,0.049740605068893065,0.31227802673906174
EMP04492,Harsh Khandelwal,41,27,Sales,85000,3500,5100,1548,1676,73176,0,8891,0,4401,2071,15363,36389,4693,Medium,0.20994588389635946,0.49728052913523557,0.0641330490871324,0.0
EMP04493,Sakshi Roy,59,38,Sales,85000,3500,5100,2122,1082,73196,0,10679,20123,8911,4878,44591,3716,3705,Low,0.609199956281764,0.0507678015192087,0.05061752008306465,0.2749193945024318
EMP04494,Nitin Tayal,36,10,Customer Support,42960,481,2578,852,1015,38034,0,5612,6569,900,950,14031,12117,2581,Medium,0.36890676762896357,0.31858337277173054,0.06786033548929905,0.17271388757427564
EMP04495,Vidhi Gupta,46,28,Customer Support,60000,1333,3600,1353,1369,52345,0,6221,9634,1255,2257,19367,17421,3391,Medium,0.36998758238609225,0.33281115674849554,0.06478173655554494,0.18404814213391918
EMP04496,Ashish Priya Soni,30,6,Finance,85163,3516,5110,2020,1725,72792,17258,12114,0,2657,1887,33916,23404,3867,Medium,0.46593032201340806,0.3215188482250797,0.053123969666996375,0.0
EMP04497,Nisha Jain,45,20,IT,123695,8554,7422,2602,1925,103192,25137,8761,8839,8400,4257,55394,12244,20452,High,0.536805178696023,0.11865260872935887,0.19819365842313358,0.0856558647957206
EMP04498,Shreya Kulkarni,37,17,Sales,70032,2003,4202,1292,1999,60536,0,7362,12221,5651,3778,29012,11297,4378,Medium,0.47925201532972117,0.18661622835998415,0.07232060261662482,0.20187987313334213
EMP04499,Saloni Chauhan,36,12,Data Science,126523,8978,7591,2466,1191,106297,0,17539,37162,6168,6357,67226,15485,3786,Low,0.6324355343989012,0.14567673593798508,0.035617185809571295,0.34960535104471435
EMP04500,Shivam Reddy,30,6,IT,95134,4513,5708,1604,1746,81563,0,11468,21621,3806,3599,40494,11040,15772,Medium,0.49647511739391637,0.1353554920736118,0.1933719946544389,0.26508343243872834
EMP04501,Ananya Monika Malhotra,40,11,Cyber Security,123457,8519,7407,2222,1357,103952,0,15337,25705,6471,5052,52565,16140,15049,Medium,0.5056660766507619,0.15526396798522396,0.14476873941819302,0.24727758965676466
EMP04502,Deepak Ananya Menon,48,16,Data Science,137869,10907,8272,2733,1580,114377,0,15280,23907,7985,5939,53111,15066,26514,Medium,0.46435035015781145,0.13172228682339981,0.23181233989351005,0.20901929583744983
EMP04503,Kunal Nisha Naidu,33,5,Data Science,98862,4886,5932,1958,1968,84118,21666,10525,0,6962,5337,44490,18700,4519,Medium,0.5288998787417675,0.22230675955205784,0.05372215221474595,0.0
EMP04504,Dhruv Kohli,40,10,Sales,58458,1256,3507,1014,1876,50805,0,8134,13042,3266,3485,27927,10104,2398,Medium,0.5496899911426041,0.1988780631827576,0.04720007873240823,0.2567070170258833
EMP04505,Rishabh Chatterjee,36,9,Customer Support,44999,583,2700,1093,836,39787,9460,6321,4942,1746,2908,25377,474,249,Low,0.6378213989494056,0.01191343906301053,0.0062583255837333806,0.12421142584261191
EMP04506,Saloni Jindal,45,16,HR,55993,1133,3360,884,1298,49318,0,9084,0,2872,2895,14851,13140,3236,Medium,0.30112737742811957,0.26643416196926073,0.06561498844235371,0.0
EMP04507,Sai Yadav,39,14,Sales,67112,1711,4027,1878,1094,58402,0,7750,10750,2399,2973,23872,22715,2374,Medium,0.4087531248929831,0.3889421595150851,0.04064929283243725,0.18406903873155028
EMP04508,Atharv Rajput,32,8,Sales,61176,1392,3671,1283,1555,53275,4085,8427,0,3058,2505,18075,15784,3844,Medium,0.339277334584702,0.2962740497419052,0.07215391834819333,0.0
EMP04509,Ananya Mundra,43,18,Sales,72075,2208,4324,2119,1326,62098,0,9488,4724,9108,4449,27769,5114,5023,Medium,0.4471802634545396,0.08235369899191601,0.08088827337434377,0.07607330348803504
EMP04510,Rajat Varun Jain,55,22,Product Management,202204,25661,12132,3626,2144,158641,0,19734,0,3140,4205,27079,73676,11473,High,0.17069357858309012,0.464419664525564,0.07232052243745311,0.0
EMP04511,Pallavi Solanki,22,0,Sales,45000,583,2700,953,2028,38736,0,4261,2016,4259,1732,12268,12119,3428,High,0.3167079719124329,0.3128614209004544,0.08849648905410987,0.05204460966542751
EMP04512,Rakesh Jindal,37,11,Finance,90679,4068,5441,1979,2142,77049,0,9947,15023,2760,3054,30784,25389,4256,Medium,0.39953795636542977,0.3295175797219951,0.05523757608794404,0.194979818037872
EMP04513,Amit Pandey,44,23,Operations,92825,4282,5570,1561,827,80585,21204,13243,0,6175,4767,45389,17221,3371,Medium,0.5632437798597754,0.21369982006576907,0.041831606378358255,0.0
EMP04514,Sonia Kumawat,35,9,Marketing,65029,1585,3902,1420,1510,56612,19071,8256,0,7927,4520,39774,3296,1391,Low,0.7025718928849007,0.05822087189995054,0.024570762382533737,0.0
EMP04515,Ravi Rajput,52,38,Data Science,170000,17500,10200,2774,1694,137832,0,20754,0,8859,8050,37663,32655,36807,High,0.27325294561495156,0.2369188577398572,0.2670424865053108,0.0
EMP04516,Rishabh Shukla,35,12,Marketing,70514,2051,4231,1882,1580,60770,18090,9704,0,6862,5210,39866,3779,2013,Low,0.6560144808293565,0.062185288793812736,0.03312489715320059,0.0
EMP04517,Rohan Rajput,27,7,Data Science,109404,6411,6564,3896,1592,90941,24725,13484,4908,5772,4867,53756,12506,14449,Medium,0.5911085209091609,0.137517731276322,0.15888323198557305,0.053969056861041774
EMP04518,Rahul George,44,24,Data Science,164471,16228,9868,3649,1986,132740,41466,19788,0,19395,10650,91299,5568,6632,Low,0.6878032243483502,0.0419466626487871,0.049962332379086934,0.0
EMP04519,Tushar Wadhwa,51,38,Cyber Security,180000,20000,10800,2408,1486,145306,0,23503,0,10111,10101,43715,46322,10895,Medium,0.300847865883033,0.3187893135865002,0.07497969801659946,0.0
EMP04520,Payal Deshmukh,27,3,Sales,48779,772,2927,1168,1626,42286,10378,7023,0,2671,1927,21999,7313,2748,Medium,0.5202431064654969,0.17294139904460104,0.06498604739157168,0.0
EMP04521,Pankaj Tushar Maheshwari,41,19,Data Science,139720,11277,8383,3505,1779,114776,0,17067,38041,16791,6462,78361,5224,5149,Low,0.6827298389907298,0.04551474175785879,0.044861295044260126,0.33143688576008923
EMP04522,Jyoti Bagri,46,18,Sales,74579,2458,4475,1270,2216,64160,0,9885,17068,9668,5883,42504,2873,2717,Low,0.6624688279301746,0.0447786783042394,0.04234725685785536,0.2660224438902743
EMP04523,Sonia Tiwari,56,29,Sales,85000,3500,5100,1911,1215,73274,0,12836,23002,2979,4255,43072,636,1193,Low,0.5878210552174031,0.00867974997952889,0.016281354914430765,0.31391762425962827
EMP04524,Vidhi Pawar,26,3,Operations,54884,1078,3293,1048,1115,48350,9029,4749,0,2480,1077,17335,19607,2379,Medium,0.35853154084798344,0.40552223371251295,0.04920372285418821,0.0
EMP04525,Tarun Rathore,37,9,Sales,57173,1192,3430,899,1251,50401,13343,7704,0,2262,3294,26603,1936,586,Medium,0.5278268288327612,0.03841193627110573,0.011626753437431797,0.0
EMP04526,Prachi Purohit,60,38,Finance,130000,9500,7800,3408,1963,107329,11147,13143,8787,3183,3709,39969,45788,4279,Medium,0.3723970222400283,0.42661349681819455,0.03986806920776305,0.08186976492839773
EMP04527,Prachi Kohli,50,28,Marketing,90000,4000,5400,1587,2204,76809,0,6303,24554,4759,2236,37852,21743,3108,Medium,0.4928068325326459,0.2830788058691039,0.04046400812404796,0.31967607962608546
EMP04528,Vaishnavi Kohli,45,21,Finance,115461,7319,6928,3897,2001,95316,0,11175,25789,12337,8448,57749,7698,4443,Low,0.6058688992404213,0.08076293591841874,0.046613370263124766,0.2705631793193168
EMP04529,Abhishek Malhotra,56,37,Operations,95000,4500,5700,1867,1039,81894,0,10120,24852,3179,2436,40587,21937,3993,Medium,0.49560407355850244,0.2678706620753657,0.04875815078027694,0.3034654553447139
EMP04530,Vikram Agarwal,59,27,Customer Support,60000,1333,3600,2188,2009,50870,0,7897,0,2907,3207,14011,17889,4342,High,0.2754275604482013,0.35166109691370157,0.08535482602712798,0.0
EMP04531,Lakshay Gupta,49,22,IT,127786,9168,7667,3169,1710,106072,0,10570,31721,8702,3970,54963,23179,4322,Medium,0.5181669054981523,0.2185213817029942,0.04074590843955049,0.29905158760087486
EMP04532,Aarav Purohit,50,27,Marketing,90000,4000,5400,1760,1702,77138,22310,10824,3232,7452,4601,48419,13958,3287,Medium,0.6276932251289896,0.18094843008633876,0.04261194223339988,0.041898934377349685
EMP04533,Abhishek Goel,41,26,Data Science,158019,14937,9481,3131,1746,128724,30392,20568,17843,6919,7061,82783,17744,4754,Medium,0.6431046269537926,0.13784531245144652,0.03693172990273764,0.1386143998011249
EMP04534,Avantika Shukla,39,14,IT,117577,7637,7055,2829,1819,98237,25164,15910,0,4685,5810,51569,20680,4841,Medium,0.5249447764080744,0.21051131447417978,0.049278784979183,0.0
EMP04535,Rohan Malhotra,27,5,Customer Support,36695,168,2202,702,2113,31510,8751,3765,14007,2108,1432,30063,65,24,Low,0.9540780704538242,0.0020628371945414156,0.0007616629641383687,0.44452554744525546
EMP04536,Sanya Charu Maheshwari,55,38,IT,150000,13333,9000,2669,2148,122850,0,15798,26084,7445,5479,54806,20640,25548,Medium,0.4461212861212861,0.16800976800976802,0.20796092796092797,0.21232397232397232
EMP04537,Lokesh Mathew,27,5,HR,46177,642,2771,895,1739,40130,3876,4285,1795,2282,1295,13533,15993,2047,High,0.33722900573137304,0.39852977822078245,0.051009220034886615,0.04472962870670322
EMP04538,Ashish Pandey,29,3,Operations,54287,1048,3257,776,1447,47759,11963,6753,7175,1622,3066,30579,859,696,Low,0.6402772252350343,0.017986138738248288,0.014573169454971838,0.1502334638497456
EMP04539,Preeti Fernandes,24,3,Sales,51150,891,3069,1118,1823,44249,10989,4693,3179,4545,3055,26461,8771,1586,Medium,0.5980022147393161,0.19821916879477502,0.035842617912269205,0.07184343148997717
EMP04540,Sneha Yadav,46,27,IT,148809,13095,8929,2243,1655,122887,0,22595,0,10276,8212,41083,30403,9026,Medium,0.33431526524367916,0.24740615362080612,0.073449591901503,0.0
EMP04541,Vaishnavi Lakhotia,27,2,Customer Support,36453,156,2187,849,1642,31619,7261,4503,1420,1687,1441,16312,7537,1442,Medium,0.5158923432113602,0.23836933489357665,0.04560549036971441,0.04490970618931655
EMP04542,Ritika Khurana,49,27,Operations,95000,4500,5700,1941,1472,81387,0,12584,22965,3466,2310,41325,23465,4004,Medium,0.5077592244461646,0.2883138584786268,0.049197046211311386,0.282170371189502
EMP04543,Shivam Rajput,24,0,Customer Support,35000,83,2100,1070,1760,29987,0,4001,1963,3314,1694,10972,9237,2198,High,0.3658918864841431,0.3080334811751759,0.07329842931937172,0.06546170007003034
EMP04544,Ritika Riya Mathew,31,8,Operations,62537,1460,3752,1419,2089,53817,14209,6278,7212,5727,2874,36300,8115,1517,Medium,0.6745080550755338,0.15078878421316685,0.02818811899585633,0.13400969953732092
EMP04545,Shivam Rajput,55,32,IT,150000,13333,9000,2941,1713,123013,29287,17206,0,5949,6937,59379,15757,24227,Medium,0.4827050799508995,0.12809215286189266,0.1969466641737052,0.0
EMP04546,Atharv Menon,45,19,IT,127114,9067,7627,3258,1844,105318,28618,16025,0,10248,8680,63571,4511,6321,Low,0.6036100191800072,0.042832184431910975,0.06001823050190851,0.0
EMP04547,Nitin Gupta,27,3,Marketing,56048,1136,3363,1080,1504,48965,11429,8257,3486,3429,2425,29026,9792,2245,Medium,0.592790768916573,0.19997957724905543,0.045849075870519757,0.07119370979270907
EMP04548,Vaishnavi Prachi Porwal,48,21,Operations,86196,3620,5172,2088,962,74354,0,10638,13945,3215,5150,32948,4037,1055,Low,0.4431234365333405,0.05429432175807623,0.014188880221642414,0.1875487532614251
EMP04549,Yash Thomas,39,16,Operations,79175,2918,4750,1843,1893,67771,0,8921,15541,5226,3253,32941,3384,683,Low,0.4860633604344041,0.04993286213867289,0.01007805698602647,0.22931637426037685
EMP04550,Simran Tayal,49,20,Finance,115906,7386,6954,2208,2350,97008,0,12804,21652,6253,3598,44307,15268,15166,Medium,0.4567355269668481,0.1573890813128814,0.15633762163945242,0.2231980867557315
EMP04551,Swati Jadhav,55,24,IT,143294,11992,8598,2938,1784,117982,34963,17071,0,18199,6421,76654,7383,4109,Medium,0.6497092776864267,0.06257734230645352,0.03482734654438813,0.0
EMP04552,Mansi Thomas,40,18,Customer Support,56898,1178,3414,1199,1558,49549,11412,7785,0,3609,2962,25768,8904,3484,Medium,0.5200508587458879,0.17970090213727824,0.07031423439423601,0.0
EMP04553,Nisha Sabharwal,42,21,Marketing,84737,3474,5084,1690,1991,72498,19623,10640,0,5785,3975,40023,13720,4026,Medium,0.5520566084581644,0.18924659990620432,0.05553256641562526,0.0
EMP04554,Monika Tushar Bedi,53,32,IT,150000,13333,9000,2332,1262,124073,36290,19778,0,14239,7798,78105,5816,7239,Low,0.6295084345506274,0.04687562966962998,0.05834468417786303,0.0
EMP04555,Neha Iyer,41,21,Marketing,80280,3028,4817,1200,1071,70164,0,12638,20252,11965,6791,51646,3408,2665,Low,0.7360754803032894,0.04857191722250727,0.03798244113790548,0.2886380480018243
EMP04556,Muskan Thomas,56,37,HR,70000,2000,4200,1991,1669,60140,4567,7739,1813,1952,2552,18623,22385,3219,High,0.3096607914865314,0.3722148320585301,0.053525108081143996,0.03014632524110409
EMP04557,Nikhil Kulkarni,34,9,Finance,87318,3732,5239,1682,1457,75208,17898,8761,13333,4225,2465,46682,17533,1659,Medium,0.6207052441229657,0.2331267950218062,0.022058823529411766,0.1772816721625359
EMP04558,Rakesh Pradhan,33,12,IT,114267,7140,6856,3752,1736,94783,0,14435,2873,2923,3949,24180,42486,4402,Medium,0.2551090385406666,0.4482449384383275,0.04644292752919828,0.030311342751337265
EMP04559,Aditya Trivedi,51,24,HR,70000,2000,4200,2192,1851,59757,0,10478,15742,2904,2891,32015,2425,449,Low,0.5357531335241059,0.040581019796843885,0.00751376407784862,0.26343357263584183
EMP04560,Shreya Jain,31,7,Data Science,102902,5435,6174,2648,1389,87256,0,11810,22897,7338,4019,46064,2477,1088,Low,0.5279178509214266,0.02838773264875768,0.01246905656917576,0.2624117539195012
EMP04561,Mayank Bose,23,3,IT,94227,4423,5654,1514,2058,80578,0,6245,10208,3905,2126,22484,32629,4345,Medium,0.27903397949812603,0.40493683139318426,0.05392290699694706,0.1266847030206756
EMP04562,Deepak Ghosh,38,18,Sales,79073,2907,4744,2127,1838,67457,15080,9259,0,4121,4408,32868,12740,3615,Medium,0.48724372563262525,0.1888610522258624,0.05358969417554887,0.0
EMP04563,Riya Swati Nair,60,22,IT,136156,10565,8169,2725,1365,113332,0,18341,34760,13622,8817,75540,4071,4736,Low,0.6665372533794516,0.035921010835421596,0.04178872692619913,0.30670949069989056
EMP04564,Garima Chatterjee,53,25,Sales,84952,3495,5097,1924,1418,73018,8298,13699,0,5679,4193,31869,19261,5104,High,0.4364540250349229,0.2637842723711961,0.06990057246158482,0.0
EMP04565,Sneha Mohanty,54,24,Operations,95000,4500,5700,1524,1495,81781,0,14555,26657,5112,5218,51542,10871,3173,Low,0.6302441887479977,0.13292818625353078,0.03879874298431176,0.325955906628679
EMP04566,Aakash Bose,50,27,Cyber Security,180000,20000,10800,2616,1258,145326,38491,17893,25152,19566,12175,113277,3359,4317,Low,0.7794682300483052,0.023113551601227585,0.029705627348168943,0.17307295322241031
EMP04567,Kartik Das,57,35,Marketing,90000,4000,5400,1557,1549,77494,0,12233,16533,4169,4303,37238,16610,4535,Medium,0.48052752471159055,0.21433917464577903,0.05852065966397398,0.21334554933285158
EMP04568,Reema Dubey,37,14,Product Management,164292,16192,9858,3025,1678,133539,32352,21898,0,9241,8847,72338,27355,7709,Medium,0.5416994286313361,0.2048465242363654,0.05772845385992107,0.0
EMP04569,Saurabh Prateek Bedi,47,28,HR,70000,2000,4200,2072,1628,60100,14174,9496,0,3375,2517,29562,10925,4408,Medium,0.4918801996672213,0.18178036605657238,0.07334442595673876,0.0
EMP04570,Lakshay Wadhwa,37,18,Customer Support,50370,852,3022,1193,1053,44250,0,6389,0,4797,2811,13997,6735,2610,Medium,0.31631638418079094,0.15220338983050846,0.05898305084745763,0.0
EMP04571,Pankaj Das,48,27,Product Management,216694,30008,13002,3364,1450,168870,0,25429,0,18927,15769,60125,24066,11341,Medium,0.35604311008468054,0.1425119914727305,0.06715816900574406,0.0
EMP04572,Payal Thomas,44,22,Data Science,147436,12821,8846,3151,1220,121398,10944,15956,0,6187,2563,35650,58814,4565,High,0.29366216906374076,0.48447256132720473,0.03760358490255194,0.0
EMP04573,Swati Pillai,57,30,Marketing,90000,4000,5400,1679,1054,77867,0,11433,19403,4056,3118,38010,17845,5339,Medium,0.4881400336471162,0.2291728203218308,0.06856563114027765,0.24918129631294386
EMP04574,Saloni Charu Reddy,25,1,Sales,46365,652,2782,910,2203,39818,9636,4888,0,2934,1782,19240,555,796,Medium,0.4831985534180521,0.01393841981013612,0.01999095886282586,0.0
EMP04575,Shreya Nagpal,35,12,Operations,68849,1885,4131,2066,1911,58856,15359,8111,8026,1988,2405,35889,1349,746,Low,0.6097764034253093,0.02292034796792171,0.012675003398124236,0.13636672556748675
EMP04576,Aarav Bhatia,28,6,Finance,84067,3407,5044,1962,1484,72170,0,9239,0,6589,3569,19397,18645,7692,High,0.26876818622696413,0.25834834418733543,0.1065816821393931,0.0
EMP04577,Nikhil Khurana,41,16,Operations,77053,2705,4623,2024,1293,66408,5207,8633,0,3139,2392,19371,29596,3982,Medium,0.29169678352005785,0.44566919648235154,0.059962655101794965,0.0
EMP04578,Aditi Pandey,47,28,Sales,85000,3500,5100,1579,1206,73615,20267,11968,0,5499,3640,41374,15994,3796,Medium,0.5620321945255722,0.2172655029545609,0.05156557766759492,0.0
EMP04579,Preeti Tiwari,51,22,Finance,121616,8242,7297,2876,1114,102087,8228,16626,0,3536,7391,35781,4671,1428,Medium,0.3504951658879191,0.04575509124570219,0.013988068999970613,0.0
EMP04580,Kavya Tayal,44,28,IT,146036,12541,8762,3337,1092,120304,0,20059,0,2841,4487,27387,52085,9451,High,0.22764829099614312,0.4329448729884293,0.07855931639845724,0.0
EMP04581,Ankit Naidu,37,15,Data Science,128267,9240,7696,2394,1239,107698,35342,14524,30296,16658,7959,104779,723,233,Low,0.9728964326171331,0.006713216587123252,0.002163457074411781,0.2813051310145035
EMP04582,Ananya Khushi Deshmukh,30,2,Data Science,97276,4728,5837,2051,1396,83264,18778,11222,0,5930,4016,39946,15682,6632,Medium,0.47975115295926213,0.18834069946195234,0.07965026902382782,0.0
EMP04583,Parth Khushi Porwal,53,26,Sales,85000,3500,5100,1594,1950,72856,17651,11826,27197,1494,3256,61424,720,326,Low,0.8430877347095641,0.009882507960909191,0.004474579993411661,0.3732980125178434
EMP04584,Ayaan Maheshwari,30,4,Customer Support,37702,218,2262,856,1702,32664,6279,4348,0,942,1569,13138,11218,1947,Medium,0.40221650746999754,0.3434361988733774,0.059606906686260105,0.0
EMP04585,Aisha Bajaj,43,21,IT,135588,10451,8135,3530,1649,111823,8555,17217,0,3761,3645,33178,53723,4931,Medium,0.2967010364594046,0.4804288920883897,0.044096473891775394,0.0
EMP04586,Nisha Gill,33,10,Product Management,157784,14890,9467,2240,1814,129373,32131,18030,16978,3697,9911,80747,3712,917,Low,0.6241410495234709,0.028692230991010488,0.007088032278759865,0.13123294659627588
EMP04587,Garima Soni,58,24,IT,140249,11383,8415,3272,1111,116068,0,19073,25960,6010,5663,56706,23468,6962,Medium,0.4885584312644312,0.20219181858910293,0.059982079470655134,0.22366199124651068
EMP04588,Ishita Agarwal,55,25,IT,138000,10933,8280,2826,1850,114111,32036,18426,0,7776,5273,63511,18450,5748,Medium,0.5565721096125702,0.1616846754475905,0.050372006204485106,0.0
EMP04589,Deepak Tomar,52,29,Product Management,217867,30360,13072,3589,2011,168835,39748,26192,0,10494,5465,81899,27897,29742,High,0.4850830692688127,0.1652323274202624,0.17616015636568247,0.0
EMP04590,Trisha D'Souza,24,0,HR,41431,405,2486,950,1564,36026,10620,4371,3957,5984,3591,28523,1091,1085,Low,0.7917337478487759,0.03028368400599567,0.030117137622827958,0.1098373396991062
EMP04591,Pankaj Bansal,42,16,Sales,70226,2023,4214,2111,1321,60557,16349,9092,0,9408,5653,40502,3049,2418,Low,0.668824413362617,0.05034925772412768,0.03992932278679591,0.0
EMP04592,Khushi Jindal,38,15,Marketing,76370,2637,4582,1398,1684,66069,0,9450,12658,7297,3411,32816,12579,4959,Medium,0.4966928514129168,0.19039186305226355,0.0750578940198883,0.19158758267871467
EMP04593,Rupal Dubey,27,6,IT,92656,4266,5559,2152,1226,79453,5298,10256,2699,3328,3865,25446,14241,17143,High,0.32026481064276996,0.17923804009917813,0.21576277799453766,0.033969768290687576
EMP04594,Nitin Narang,57,24,Marketing,90000,4000,5400,1575,1814,77211,0,11709,15352,4477,4484,36022,16532,5236,Medium,0.4665397417466423,0.21411456916760566,0.06781417155586639,0.19883177267487792
EMP04595,Swati Anjali Chauhan,30,5,Operations,61244,1396,3675,1917,1330,52926,11012,7381,0,1560,2091,22044,15569,3408,Medium,0.4165060650719873,0.294165438536825,0.06439179231379662,0.0
EMP04596,Anjali Tiwari,56,27,Finance,130000,9500,7800,3167,1774,107759,22445,13167,0,4620,2868,43100,37952,6514,High,0.3999665921175957,0.3521933202795126,0.06044970721703059,0.0
EMP04597,Pallavi Kumawat,38,16,Data Science,131983,9797,7919,3070,1324,109873,20097,13877,0,3614,3510,41098,48005,4992,High,0.37405003959116434,0.4369135274362218,0.045434274116479934,0.0
EMP04598,Saloni Joshi,40,14,Data Science,128854,9328,7731,2925,2238,106632,0,15574,23206,7580,6180,52540,24044,6368,Medium,0.49272263485632833,0.22548578287943583,0.059719408807862556,0.21762697876809964
EMP04599,Kunal Wadhwa,26,2,IT,86764,3676,5206,1695,2187,74000,0,10006,20926,3343,4149,38424,7721,15918,Medium,0.5192432432432432,0.10433783783783784,0.2151081081081081,0.28278378378378377
EMP04600,Saloni Sakshi Gill,25,0,Operations,50000,833,3000,1081,1524,43562,3786,4713,0,3878,2929,15306,11776,3431,Medium,0.3513612781782287,0.2703273495248152,0.07876130572517331,0.0
EMP04601,Shubham Mukherjee,59,36,Marketing,90000,4000,5400,1372,1068,78160,0,11873,22349,6102,4847,45171,14978,3497,Medium,0.5779298874104402,0.19163254861821905,0.044741555783009215,0.28593909928352096
EMP04602,Prachi Naidu,32,8,Sales,59059,1286,3544,819,1281,52129,16896,5895,0,2870,4542,30203,268,625,Medium,0.5793895912064302,0.0051410922902798825,0.011989487617257188,0.0
EMP04603,Dev Sahu,35,6,Customer Support,43340,500,2600,730,1103,38407,12551,6468,3337,5522,3841,31719,1611,1007,Low,0.8258650766787304,0.041945478688780694,0.026219178795532063,0.08688520321816336
EMP04604,Abhishek Pankaj Iyer,57,25,Marketing,88300,3830,5298,1730,1773,75669,0,11328,15933,5602,4904,37767,13724,4714,Medium,0.4991079570233517,0.1813688564669812,0.06229763839881589,0.21056178884351584
EMP04605,Nitin Singh,60,38,Operations,95000,4500,5700,1371,1038,82391,19775,11858,0,3415,6071,41119,1909,1273,Medium,0.4990715005279703,0.02317000643274144,0.015450716704494423,0.0
EMP04606,Garima Patel,48,28,Finance,130000,9500,7800,3368,904,108428,34400,18790,0,15731,6652,75573,6164,4300,Medium,0.6969878629136386,0.05684878444682186,0.039657653004758917,0.0
EMP04607,Pallavi Ishaan Lodha,45,20,Sales,80210,3021,4813,1611,2436,68329,0,9677,14900,1928,3817,30322,3583,149,Low,0.44376472654363447,0.052437471644543314,0.00218062608848366,0.218062608848366
EMP04608,Rakesh Mehta,38,18,Marketing,81260,3126,4876,2177,985,70096,0,10476,24250,6324,4223,45273,12087,2598,Medium,0.6458713763980827,0.1724349463592787,0.037063455832001824,0.34595412006391235
EMP04609,Akash Rawat,38,18,IT,127759,9164,7666,2238,1927,106764,6703,16105,0,5047,8337,36192,6501,2736,Medium,0.3389906710127009,0.06089131167809374,0.02562661571316174,0.0
EMP04610,Nitin Bajaj,60,24,Data Science,157393,14812,9444,3107,1108,128922,0,21913,0,10447,6821,39181,39274,10109,High,0.3039124431826996,0.3046338095902949,0.07841175284280417,0.0
EMP04611,Anjali Rishabh Pillai,29,2,Marketing,51201,893,3072,1139,1926,44171,11711,7357,0,3217,2336,24621,7899,1758,Medium,0.5574019152837835,0.1788277376559281,0.03979986869212832,0.0
EMP04612,Aman Daga,60,29,Operations,95000,4500,5700,1317,1970,81513,4951,12103,11198,5663,4645,38560,17167,5700,Medium,0.47305337798878705,0.2106044434630059,0.0699274962275956,0.13737686013273956
EMP04613,Jyoti Kapoor,38,11,IT,108130,6220,6488,3484,2013,89925,0,9656,24457,8857,3932,46902,8840,18580,Medium,0.5215679733110926,0.09830414234083959,0.20661662496524882,0.2719710870169586
EMP04614,Avantika Srivastava,27,5,Sales,48805,774,2928,1004,1514,42585,0,4670,7255,4851,2583,19359,10963,2106,Medium,0.45459668897499117,0.25743806504637784,0.04945403311025009,0.17036515204884348
EMP04615,Karan Komal Chauhan,27,3,Marketing,56441,1155,3386,966,1329,49605,14324,6159,4937,5176,2566,33162,8011,1611,Medium,0.6685213184154823,0.16149581695393608,0.032476564862413064,0.09952625743372644
EMP04616,Aakash Rajput,27,4,IT,93519,4352,5611,1964,1580,80012,18845,12066,9701,5367,5012,50991,10406,3316,Medium,0.6372919062140678,0.13005549167624855,0.04144378343248513,0.12124431335299705
EMP04617,Nandini Banerjee,45,16,Finance,105809,5871,6349,3110,1708,88771,0,10705,18193,3896,4034,36828,13405,22853,Medium,0.41486521499138235,0.15100652240033344,0.25743767671874823,0.2049430557276588
EMP04618,Rahul Bohra,28,5,HR,47290,698,2837,898,952,41905,10245,5111,0,3063,2823,21242,1938,498,Medium,0.5069084834745257,0.046247464503042596,0.01188402338623076,0.0
EMP04619,Shreya Bedi,32,12,Operations,74612,2461,4477,2033,1261,64380,0,11827,0,3444,3766,19037,18184,4792,High,0.2956974215594905,0.2824479652065859,0.07443305374339858,0.0
EMP04620,Sumit Bedi,59,26,Data Science,165252,16384,9915,3881,1456,133616,0,21271,28661,25122,13761,88815,10911,4847,Low,0.6647033289426416,0.08165938210992696,0.03627559573703748,0.2145027541611783
EMP04621,Tanvi Ravi Daga,43,27,Marketing,90000,4000,5400,2072,1595,76933,0,10487,0,1896,2960,15343,1256,60,Medium,0.1994332731077691,0.0163258939596792,0.0007798993929783058,0.0
EMP04622,Krishna Bajaj,23,1,IT,85229,3523,5114,1966,1266,73360,0,6432,13078,3920,2700,26130,27104,4253,Medium,0.3561886586695747,0.36946564885496186,0.05797437295528898,0.17827153762268266
EMP04623,Tanvi Bedi,56,24,Sales,84279,3428,5057,2036,2270,71488,0,12076,20595,5890,3846,42407,12656,3136,Low,0.5932044538943599,0.1770367054610564,0.043867502238137866,0.28809030886302595
EMP04624,Akash Goel,54,31,IT,150000,13333,9000,3174,1453,123040,24532,17051,3806,2314,4807,52510,48766,4696,High,0.4267717815344603,0.39634265279583875,0.038166449934980494,0.030933029908972693
EMP04625,Rupal Pradhan,51,32,IT,150000,13333,9000,2880,1864,122923,37994,13551,0,16567,10177,78289,5258,6310,Low,0.6368946413608519,0.04277474516567282,0.0513329482684282,0.0
EMP04626,Tanvi Narang,37,14,Sales,63400,1503,3804,1524,2088,54481,0,6140,10428,1216,2149,19933,19053,3658,Medium,0.3658706705089848,0.3497182503992217,0.06714267359262863,0.19140617830069198
EMP04627,Shubham Agarwal,50,27,Customer Support,60000,1333,3600,1418,1861,51788,0,7416,18035,2928,2710,31089,660,325,Low,0.6003128137792538,0.012744265080713678,0.00627558507762416,0.34824669807677455
EMP04628,Ashish Nair,55,27,IT,150000,13333,9000,3968,1763,121936,0,16588,0,5018,3965,25571,33256,31458,High,0.2097083716047763,0.2727332371079911,0.25798779687705026,0.0
EMP04629,Aisha Chauhan,34,12,Operations,71581,2158,4295,1221,2124,61783,15055,10358,0,1858,2766,30037,2771,1275,Medium,0.486169334606607,0.04485052522538562,0.020636744735606883,0.0
EMP04630,Swati Lakhotia,28,3,Data Science,99754,4975,5985,1929,1168,85697,0,12859,9559,4644,4867,31929,12837,18952,Medium,0.3725801369942939,0.14979520870042126,0.22115126550521022,0.11154416140588352
EMP04631,Manish Verma,32,12,Finance,92971,4297,5578,1236,1298,80562,0,15101,0,6021,5688,26810,23003,5010,Medium,0.3327871701298379,0.2855316402274025,0.06218812839800402,0.0
EMP04632,Charu Mishra,39,8,HR,45805,624,2748,838,1568,40027,4625,6996,0,2473,1883,15977,9808,2171,Medium,0.3991555699902566,0.24503460164389038,0.05423838908736603,0.0
EMP04633,Atharv More,50,26,Finance,120468,8070,7228,2870,1143,101157,21594,12103,0,4211,3972,41880,15116,25584,High,0.41400990539458465,0.14943108237689928,0.2529137874788695,0.0
EMP04634,Rakesh Fernandes,40,17,Operations,82776,3278,4967,1254,1093,72184,26940,11334,0,8899,6361,53534,2396,2816,Low,0.7416324947356755,0.033192951346558794,0.039011415272082454,0.0
EMP04635,Mansi Khandelwal,50,28,Operations,95000,4500,5700,1927,1552,81321,0,8805,20929,7331,5536,42601,17019,3904,Medium,0.5238622250095302,0.2092817353451138,0.04800727979242754,0.2573627968175502
EMP04636,Muskan Jadhav,36,9,Operations,69633,1963,4178,2057,1347,60088,13173,8836,0,3203,3694,28906,9145,11931,High,0.4810611103714552,0.1521934496072427,0.19855878045533218,0.0
EMP04637,Pallavi Bose,39,18,Marketing,80992,3099,4860,1323,1553,70157,0,9319,20728,7885,4683,42615,9834,4341,Low,0.60742335048534,0.14017133001696197,0.061875507789671734,0.29545162991576035
EMP04638,Palak D'Souza,23,0,Finance,72633,2263,4358,1481,1466,63065,0,6810,0,4697,2916,14423,29794,3180,Medium,0.22870054705462617,0.4724332038373107,0.05042416554348688,0.0
EMP04639,Sneha Gupta,35,6,Data Science,107957,6194,6477,2962,1801,90523,18482,9586,0,5349,3313,36730,30008,3677,High,0.4057532339847332,0.3314958629298631,0.04061951106348663,0.0
EMP04640,Aditi Chopra,44,16,IT,116499,7475,6990,2388,1072,98574,28167,15097,0,12710,9443,65417,7966,3910,Medium,0.6636334124617039,0.0808123846044596,0.039665631911051595,0.0
EMP04641,Vikram Verma,53,33,Cyber Security,180000,20000,10800,3148,2078,143974,0,28071,33418,17915,13425,92829,8305,6657,Low,0.6447622487393557,0.05768402628252323,0.0462375151068943,0.23211135343881534
EMP04642,Sumit Mukherjee,55,31,Operations,95000,4500,5700,1412,1673,81715,0,9277,27526,7740,3693,48236,16249,3815,Medium,0.5902955393746558,0.19884966040506638,0.046686654836933246,0.33685369883130395
EMP04643,Monika Deshmukh,56,37,Finance,130000,9500,7800,2505,703,109492,0,16354,0,12243,9376,37973,16638,10861,Medium,0.3468107258977825,0.1519563073101231,0.09919446169583165,0.0
EMP04644,Aakash Somani,32,6,Marketing,59346,1301,3561,1011,1755,51718,13328,7942,0,2920,3267,27457,11981,2250,Medium,0.5308983332688813,0.23166015700529796,0.04350516261263003,0.0
EMP04645,Tarun Bhardwaj,54,38,IT,150000,13333,9000,3488,961,123218,0,17420,26086,6353,5566,55425,38429,6638,Medium,0.44981252739047867,0.31187813468811376,0.05387199922089305,0.21170608190361798
EMP04646,Lakshay Sabharwal,40,16,IT,126919,9038,7615,3508,1238,105520,9703,17759,0,3780,3196,34438,42493,4671,Medium,0.32636467020470056,0.40270090978013645,0.044266489764973466,0.0
EMP04647,Lakshay Menon,58,29,Finance,129827,9474,7790,2284,1196,109083,0,13077,27840,6290,3005,50212,40853,3389,Medium,0.46031003914450463,0.3745129855247839,0.031068085769551626,0.25521850334149226
EMP04648,Palak Tiwari,55,35,IT,150000,13333,9000,2832,1112,123723,0,18421,39129,10056,7439,75045,21761,4873,Low,0.6065565820421426,0.17588483952054185,0.039386371167850764,0.31626294221769596
EMP04649,Monika Solanki,55,34,IT,150000,13333,9000,2508,2024,123135,0,21578,37174,15927,12129,86808,3857,4960,Low,0.704982336459983,0.031323344296909895,0.040280992406708085,0.3018962926868884
EMP04650,Varun Khandelwal,33,11,Customer Support,49536,810,2972,827,1345,43582,11231,4467,0,3480,2740,21918,8253,2062,Medium,0.5029140470836584,0.18936716993254096,0.0473131109173512,0.0
EMP04651,Aarav Fernandes,37,18,Customer Support,57239,1195,3434,734,1875,50001,11396,5264,0,3937,1962,22559,10250,3412,Medium,0.4511709765804684,0.20499590008199836,0.06823863522729545,0.0
EMP04652,Divya Solanki,25,1,HR,41034,385,2462,903,1504,35780,0,3962,1294,5109,2781,13146,3266,3112,Medium,0.36741196198993853,0.0912800447177194,0.08697596422582449,0.03616545556176635
EMP04653,Tushar Pawar,52,34,Operations,95000,4500,5700,1377,895,82528,0,10423,16607,3161,3142,33333,29629,4054,Medium,0.40389928266770064,0.3590175455602947,0.049122721985265606,0.20122867390461419
EMP04654,Prateek Iyer,40,10,Operations,62673,1467,3760,1202,1418,54826,0,8473,0,9002,3640,21115,4896,4404,Medium,0.3851274942545508,0.08930069674971729,0.08032685222339765,0.0
EMP04655,Vidhi Aditi Rawat,36,13,Cyber Security,138355,11004,8301,2773,1304,114973,0,11968,30491,9968,4632,57059,27407,4635,Medium,0.4962817357118628,0.23837770607012082,0.04031381280822454,0.2652013951101563
EMP04656,Swati Saurabh Kohli,24,0,Cyber Security,100952,5143,6057,3567,2157,84028,23249,9267,0,9538,4651,46705,17426,3564,Medium,0.5558266292188319,0.20738325320131384,0.042414433284143384,0.0
EMP04657,Arjun Lokesh Kumawat,60,28,Marketing,90000,4000,5400,2154,1463,76983,17122,9353,9362,5523,4052,45412,2788,324,Low,0.5898964706493641,0.03621578790122495,0.004208721406024706,0.12161126482470155
EMP04658,Sumit Gupta,38,17,Operations,76334,2633,4580,1303,1195,66623,0,10112,12740,1923,1708,26483,23824,3220,Medium,0.3975053660147397,0.35759422421686204,0.048331657235489246,0.19122525254041398
EMP04659,Aarav Tiwari,28,4,Operations,61757,1421,3705,1262,1532,53837,0,7397,4068,3774,2774,18013,16624,4245,Medium,0.3345840221409068,0.3087839218381411,0.07884911863588238,0.07556141686943924
EMP04660,Neha D'Souza,55,28,Cyber Security,180000,20000,10800,2448,1838,144914,0,21896,50402,4566,5027,81891,38395,5557,Medium,0.5651006804035497,0.26495024635300934,0.03834688159874132,0.347806285107029
EMP04661,Ravi Parmar,26,5,Sales,52198,943,3132,1028,1879,45216,11846,5173,0,7059,2894,26972,2962,2916,Low,0.596514508138712,0.06550778485491861,0.06449044585987261,0.0
EMP04662,Lakshay Bhatia,39,14,HR,52593,963,3156,977,1301,46196,7912,4976,0,3205,1727,17820,14518,3054,Medium,0.38574768378214563,0.3142696337345225,0.06610961988050913,0.0
EMP04663,Shubham Suri,50,23,Operations,95000,4500,5700,2058,1122,81620,0,11774,16839,2612,3793,35018,26916,4203,Medium,0.4290370007351139,0.32977211467777506,0.05149473168341093,0.20630972800784123
EMP04664,Tushar Palak Parmar,57,27,Finance,128774,9316,7726,3936,1441,106355,0,11614,34557,10350,5779,62300,11747,17839,Medium,0.5857740585774058,0.11045084857317475,0.1677307131775657,0.3249212542898782
EMP04665,Rakesh Narang,43,20,Data Science,147765,12886,8866,2778,1783,121452,25444,15260,0,4064,4000,48768,48857,5724,Medium,0.40154134966900507,0.40227414945822215,0.04712973026380792,0.0
EMP04666,Prachi Somani,38,10,Operations,68698,1870,4122,1447,2389,58870,11838,7870,4015,2610,2548,28881,2675,854,Medium,0.49058943434686597,0.04543910310854425,0.01450653983353151,0.06820112111431968
EMP04667,Garima Mundra,44,24,IT,139075,11148,8344,2738,1602,115243,24489,16968,13133,7204,7347,69141,18973,5760,Medium,0.5999583488801923,0.164634728356603,0.0499813437692528,0.1139591992572217
EMP04668,Ishaan Patel,24,3,Customer Support,37442,205,2247,1129,1711,32150,0,3834,3218,6752,2266,16070,3182,2243,Medium,0.4998444790046656,0.09897356143079315,0.06976671850699845,0.10009331259720063
EMP04669,Priya Narang,26,5,IT,90397,4040,5424,2063,1518,77352,6122,9823,13391,4705,3341,37382,20721,4117,Medium,0.48327127934636466,0.26787930499534596,0.0532242217395801,0.17311769572861724
EMP04670,Khushi Malhotra,41,18,Data Science,142529,11839,8552,2512,2176,117450,0,16030,40183,3436,4288,63937,35386,3497,Medium,0.5443763303533419,0.30128565346956154,0.029774372073222647,0.3421285653469561
EMP04671,Vikram Lodha,23,2,IT,89765,3976,5386,1402,810,78191,0,10843,8876,6854,3650,30223,23435,4244,Medium,0.3865278612628052,0.29971480093616915,0.05427734649767876,0.11351690092210101
EMP04672,Shruti Neha Srivastava,44,20,HR,62002,1433,3720,1911,1274,53664,0,7680,10890,3156,3298,25024,595,1324,Low,0.46630888491353606,0.011087507453786524,0.024672033392963626,0.2029293381037567
EMP04673,Megha Sharma,23,2,IT,84404,3440,5064,2075,1194,72631,15960,8222,3895,5307,1964,35348,19834,3749,High,0.4866792416461291,0.27307898831077637,0.05161707810714433,0.053627239057702634
EMP04674,Rohit Lakhotia,55,26,Operations,95000,4500,5700,1213,1181,82406,0,13287,19516,4264,3953,41020,14835,5714,Medium,0.49777928791592846,0.18002329927432467,0.06933961119335971,0.23682741547945538
EMP04675,Nikhil Saxena,32,12,Product Management,166299,16593,9978,3181,1960,134587,36803,13005,0,20850,12040,82698,9407,8070,Medium,0.6144575627660919,0.0698953093538009,0.059961214678980884,0.0
EMP04676,Sonia Verma,59,34,Sales,85000,3500,5100,1584,1584,73232,6019,9453,4028,1525,3603,24628,2583,1308,Medium,0.3363010705702425,0.03527146602578108,0.01786104435219576,0.05500327725584444
EMP04677,Rishabh Pillai,49,16,Customer Support,47598,713,2856,1073,2026,40930,0,6831,0,2842,2243,11916,11842,2772,High,0.2911311996090887,0.2893232347911068,0.06772538480332274,0.0
EMP04678,Karan Dubey,53,35,Finance,130000,9500,7800,3140,1512,108048,25976,12210,10234,6794,5350,60564,93,600,Medium,0.5605286539315859,0.0008607285650821857,0.005553087516659262,0.09471716274248482
EMP04679,Karan Rishabh Dubey,29,3,Customer Support,38441,255,2306,847,2053,32980,6204,4452,0,1465,935,13056,11548,1395,Medium,0.3958762886597938,0.3501516070345664,0.042298362644026685,0.0
EMP04680,Vidhi Kulkarni,29,4,Operations,53577,1012,3215,936,1978,46436,13968,6002,0,3348,2137,25455,428,649,Medium,0.5481738306486347,0.009216986820570247,0.013976225342406754,0.0
EMP04681,Rupal Tomar,25,3,HR,42837,475,2570,798,1322,37672,0,5075,2911,3141,2173,13300,10311,2175,High,0.3530473561265661,0.27370460819706943,0.05773518793799108,0.07727224463792737
EMP04682,Kunal Sahu,30,5,Sales,54326,1050,3260,803,898,48315,10678,5062,6245,3972,2620,28577,7927,1913,Medium,0.5914726275483804,0.16406912966987477,0.039594328883369556,0.12925592466107835
EMP04683,Varun Pradhan,34,9,IT,103779,5567,6227,2534,1202,88249,24258,9418,13402,10400,7786,65264,3073,3295,Low,0.7395437908644857,0.034821924327754425,0.037337533569785496,0.15186574352117305
EMP04684,Hemant Jyoti Fernandes,40,10,Sales,62894,1478,3774,1954,1062,54626,0,5713,12353,4761,2330,25157,11847,4008,Medium,0.4605316149818768,0.21687474828836084,0.07337165452348698,0.2261377366089408
EMP04685,Hemant Behera,24,1,Sales,45000,583,2700,1027,1576,39114,0,4701,0,2918,2905,10524,697,491,Medium,0.26905967172879275,0.01781970649895178,0.012553050058802475,0.0
EMP04686,Rohit Jadhav,25,2,Customer Support,36629,165,2198,842,1551,31873,9057,4343,0,2236,2522,18158,900,384,Medium,0.5696984908857027,0.028237065855112476,0.012047814764847991,0.0
EMP04687,Rupal Verma,44,15,Marketing,72755,2276,4365,1619,1352,63143,0,10420,13083,3249,3389,30141,12032,3188,Medium,0.47734507387992337,0.19055160508686633,0.05048857355526345,0.20719636380913165
EMP04688,Abhishek Pandey,30,5,Sales,53626,1015,3218,1109,1632,46652,0,8073,13986,3598,3425,29082,6713,1805,Low,0.6233816342279002,0.14389522421332418,0.03869073137271714,0.2997942210408986
EMP04689,Ritika Kohli,38,10,Finance,92261,4226,5536,1525,2346,78628,0,8992,21118,3434,1777,35321,21670,4663,Medium,0.44921656407386684,0.2756015668718523,0.05930457343439996,0.2685811670142952
EMP04690,Sneha Kulkarni,40,11,Operations,68567,1857,4114,1760,1004,59832,4715,6970,0,3563,2580,17828,12545,15204,High,0.2979676427329857,0.20967041048268484,0.25411151223425593,0.0
EMP04691,Saurabh Pradhan,23,1,Data Science,94538,4454,5672,1672,1818,80922,4519,7957,7984,7188,3507,31155,24875,4168,High,0.3850003707273671,0.30739477521563974,0.051506388868292924,0.09866290996268011
EMP04692,Vihaan Chatterjee,44,17,Marketing,76282,2628,4577,1828,1062,66187,16986,10855,0,3783,4293,35917,13132,4006,Medium,0.5426594346321785,0.19840754226660826,0.06052548083460498,0.0
EMP04693,Dev Riya Mundra,30,7,Cyber Security,122121,8318,7327,3514,1449,101513,22120,14199,0,5109,4579,46007,26073,7100,High,0.45321288898958756,0.2568439510210515,0.06994178085565396,0.0
EMP04694,Abhishek Khandelwal,54,22,Finance,122530,8380,7352,3711,2203,100884,0,13478,0,1982,2266,17726,52451,7579,High,0.1757067523095833,0.5199139605883986,0.07512588715752745,0.0
EMP04695,Megha Jain,54,33,IT,150000,13333,9000,3503,929,123235,13425,11721,0,12491,5684,43321,16259,32807,High,0.35153162656712783,0.13193492108573052,0.2662149551669574,0.0
EMP04696,Yash Arora,46,24,Sales,78648,2865,4719,1705,1683,67676,0,10143,21834,1530,4663,38170,2166,187,Low,0.5640108753472427,0.03200543767362137,0.0027631656717300077,0.32262545067675397
EMP04697,Muskan Sanya Khandelwal,25,3,Finance,74909,2491,4495,1242,1508,65173,0,6598,0,3550,3008,13156,35613,3227,High,0.20186273456799594,0.5464379420925843,0.04951436944747058,0.0
EMP04698,Namrata Pradhan,41,28,HR,70000,2000,4200,1209,1592,60999,12053,9318,7723,2882,2757,34733,16979,2099,Medium,0.5694027770947064,0.27834882539058015,0.0344104001704946,0.12660863292840865
EMP04699,Shivam Mathew,30,2,Marketing,55303,1098,3318,1144,1111,48632,11426,6692,0,5221,2853,26192,9673,1974,Medium,0.5385754235894061,0.19890195755880902,0.040590557657509456,0.0
EMP04700,Mayank Parth Chatterjee,58,26,Operations,95000,4500,5700,1934,1242,81624,0,7129,15480,6439,3822,32870,12390,20503,High,0.4027001862197393,0.15179359012055277,0.2511883759678526,0.18965010291090856
EMP04701,Rakesh D'Souza,59,22,Finance,118736,7810,7124,3113,1993,98696,23635,18155,6544,7770,6263,62367,16251,3459,Medium,0.6319101078057875,0.16465712896166004,0.03504701305017427,0.06630461214233606
EMP04702,Tanvi Dubey,35,6,IT,97984,4798,5879,1450,1047,84810,24833,15710,0,5291,5049,50883,14613,4157,Medium,0.5999646268128759,0.17230279448178282,0.04901544629171088,0.0
EMP04703,Avantika Sahu,57,29,Customer Support,60000,1333,3600,1599,1454,52014,0,7942,12100,2532,2306,24880,15175,2003,Medium,0.47833275656554003,0.29174837543738225,0.0385088629984235,0.2326296766255239
EMP04704,Monika Chaudhary,32,7,Customer Support,41713,419,2503,731,1413,36647,7684,3473,4140,2521,2055,19873,433,371,Low,0.5422817693126313,0.011815428275165771,0.010123611755396077,0.11296968373946026
EMP04705,Mayank More,37,9,Product Management,150735,13480,9044,3778,1143,123290,34784,19608,0,18126,9761,82279,8000,3632,Low,0.667361505393787,0.06488766323302782,0.02945899910779463,0.0
EMP04706,Pallavi Lodha,25,0,Finance,70000,2000,4200,1343,1309,61148,4361,5203,3854,3461,2709,19588,26030,2593,High,0.3203375417020998,0.4256884934912017,0.042405311702753974,0.06302740890953097
EMP04707,Ayaan Patel,58,24,Customer Support,54770,1072,3286,1079,1497,47836,0,6321,0,1838,1324,9483,19426,3942,High,0.19823981938289154,0.4060958274103186,0.08240655573208462,0.0
EMP04708,Ashish Mohanty,26,2,Marketing,58503,1258,3510,1036,2319,50380,13761,8680,5091,2965,2395,32892,6252,2224,Low,0.6528781262405716,0.1240968638348551,0.044144501786423186,0.10105200476379515
EMP04709,Rohit Bansal,24,1,IT,80000,3000,4800,1883,1976,68341,0,8329,0,9048,5609,22986,5836,7531,Medium,0.33634275178882367,0.08539529711300684,0.11019739248767212,0.0
EMP04710,Lakshay Swati Pawar,26,3,Marketing,54311,1049,3259,947,1908,47148,0,6746,11083,6864,4007,28700,3688,2447,Low,0.6087214728090269,0.0782217697463307,0.0519003987443794,0.23506829557987613
EMP04711,Payal Yadav,39,12,Sales,67368,1737,4042,1962,1802,57825,0,8878,11797,8982,4139,33796,5574,3326,Low,0.5844530912235193,0.09639429312581063,0.05751837440553394,0.20401210549070473
EMP04712,Saurabh Singh,41,27,Marketing,90000,4000,5400,2097,1113,77390,0,12635,14409,13887,7271,48202,6580,2364,Low,0.6228453288538571,0.08502390489727354,0.030546582245768186,0.18618684584571651
EMP04713,Ravi Lakhotia,27,4,IT,89782,3978,5387,2095,1373,76949,18230,13061,0,4080,4116,39487,16418,4760,Medium,0.5131580657318484,0.21336209697331998,0.0618591534652822,0.0
EMP04714,Rajat Trivedi,55,27,IT,139507,11235,8370,3179,1524,115199,7822,16066,0,3258,4341,31487,49144,6745,Medium,0.2733270254082067,0.42660092535525485,0.05855085547617601,0.0
EMP04715,Ritika Pradhan,37,10,Sales,60413,1354,3625,1321,2189,51924,15043,7126,0,6485,4056,32710,4803,1697,Medium,0.6299591710962176,0.09250057776750635,0.03268238194283953,0.0
EMP04716,Aditya Jadhav,52,26,Data Science,170000,17500,10200,3554,1891,136855,0,18160,28854,8035,8068,63117,36848,7397,Medium,0.4611961565160206,0.2692484746629645,0.05404990683570202,0.2108362865806876
EMP04717,Prachi Srivastava,38,12,IT,107727,6159,6464,2945,1222,90937,18243,6860,3207,7819,2889,39018,13882,15413,High,0.4290662766530675,0.1526551348735938,0.16949096627335408,0.03526617328480157
EMP04718,Vihaan Rawat,32,6,IT,88557,3856,5313,1688,1625,76075,21260,11351,31056,2903,3516,70086,51,296,Low,0.9212750575090372,0.000670391061452514,0.0038908971409792967,0.4082287216562603
EMP04719,Saloni Atharv Menon,52,35,Data Science,170000,17500,10200,2878,1530,137892,29727,14539,10461,13539,7431,75697,22550,9384,Medium,0.5489586052852957,0.1635337800597569,0.06805325907231746,0.07586371943259942
EMP04720,Ritika More,55,29,IT,150000,13333,9000,2683,1854,123130,0,21389,0,13467,12088,46944,14210,8883,Medium,0.38125558352960287,0.11540648095508811,0.07214326321773736,0.0
EMP04721,Khushi Soni,47,17,Sales,74150,2415,4449,1472,2140,63674,0,9494,0,11909,4488,25891,5454,5983,Medium,0.40661808587492543,0.08565505543864058,0.09396299902629017,0.0
EMP04722,Ankit Menon,60,25,Marketing,89872,3987,5392,1382,1566,77545,20968,13149,0,6539,4254,44910,13741,3294,Medium,0.5791475917209362,0.1772003352891869,0.04247856083564382,0.0
EMP04723,Kunal Thomas,30,2,Cyber Security,105906,5886,6354,3098,742,89826,24460,17378,0,6498,4699,53035,14106,4117,Medium,0.5904192550041191,0.15703693808028857,0.04583305501747824,0.0
EMP04724,Tanvi Malhotra,27,6,Finance,80591,3059,4835,2157,1890,68650,0,8523,3980,1971,1397,15871,35343,2923,Medium,0.23118718135469774,0.5148288419519301,0.042578295702840496,0.05797523670793882
EMP04725,Nitin Pillai,27,3,HR,46006,634,2760,782,1139,40691,10309,5681,0,2095,2374,20459,7868,2995,Medium,0.50278931459045,0.1933597109926028,0.07360349954535401,0.0
EMP04726,Ananya Pandey,45,22,IT,130948,9642,7857,3041,1968,108440,29818,16639,0,5509,6047,58013,20300,6794,Medium,0.5349778679454076,0.18720029509406122,0.06265215787532276,0.0
EMP04727,Jyoti Iyer,45,21,IT,127289,9093,7637,3217,1900,105442,0,16010,0,12097,6573,34680,14030,11158,Medium,0.32890119686652375,0.13305893287304868,0.10582120976460993,0.0
EMP04728,Ritika Bansal,52,33,Sales,85000,3500,5100,1639,2028,72733,0,13440,22130,1956,5236,42762,1410,432,Low,0.5879312004179671,0.019385973354598324,0.0059395322618343805,0.30426353924628435
EMP04729,Rohan Chatterjee,56,28,Sales,85000,3500,5100,1437,989,73974,14709,10537,0,1869,3148,30263,30509,2786,High,0.40910319842106685,0.41242869116175956,0.03766188120150323,0.0
EMP04730,Ravi Goel,58,24,Sales,84120,3412,5047,1226,1494,72941,0,11737,20329,5533,4465,42064,15419,3191,Medium,0.576685266174031,0.21139002755651828,0.043747686486338276,0.2787047065436449
EMP04731,Tanvi Mittal,59,28,Finance,128227,9234,7694,2556,1840,106903,0,14868,35914,6963,6302,64047,20934,4318,Low,0.5991132147834953,0.19582238103701485,0.04039175701336726,0.3359494120838517
EMP04732,Hemant Bohra,29,2,HR,46258,646,2775,818,1439,40580,10574,4157,5984,3762,2382,26859,6111,1643,Medium,0.6618777723016264,0.15059142434696896,0.040487925086249384,0.14746180384425825
EMP04733,Lokesh Rawat,28,2,HR,43378,502,2603,1102,1010,38161,0,6314,11371,5547,3343,26575,1470,1950,Low,0.696391603993606,0.03852100311836692,0.051099289850894895,0.29797437174078245
EMP04734,Aarav Ishaan Shetty,53,37,Finance,130000,9500,7800,2965,1904,107831,36020,16388,28766,15657,7719,104550,540,499,Low,0.9695727573703296,0.005007836336489507,0.004627611725756044,0.2667692963989947
EMP04735,Simran Mehta,25,3,Operations,55887,1128,3353,721,1913,48772,5733,6671,0,1828,2195,16427,19937,2248,Medium,0.3368121053063233,0.40877962765521203,0.046092020011482,0.0
EMP04736,Nitin Bhavna Pradhan,26,3,Data Science,100099,5015,6006,3688,1825,83565,0,9550,19211,8289,4424,41474,18601,5445,Medium,0.49630826302878,0.22259319092921678,0.06515885837372105,0.22989289774427094
EMP04737,Sai Ayush Sahu,60,23,Sales,78491,2849,4709,1781,1283,67869,0,11163,17076,6900,4803,39942,5531,3308,Low,0.5885161119214958,0.08149523346446831,0.04874095684333053,0.2516023515890907
EMP04738,Jyoti Banerjee,22,3,Customer Support,37883,227,2273,1166,1714,32503,0,4249,3357,2221,2635,12462,181,120,Low,0.3834107620835,0.005568716733839953,0.0036919668953635048,0.10328277389779406
EMP04739,Kavya Rajput,37,16,Product Management,175772,18943,10546,3674,1840,140769,46181,13843,0,18583,10159,88766,11853,7662,Medium,0.6305791758128565,0.08420177737996291,0.05442959742556955,0.0
EMP04740,Garima Kohli,37,10,HR,53919,1029,3235,779,1707,47169,11840,7447,6164,1864,1956,29271,9162,1713,Medium,0.6205558735610253,0.1942377408891433,0.03631622463906379,0.1306790476796201
EMP04741,Palak Bansal,60,24,Operations,93183,4318,5591,1767,1573,79934,20554,13869,4520,3477,5048,47468,2935,417,Medium,0.5938399179322942,0.0367177921785473,0.005216803863187129,0.05654665098706433
EMP04742,Pooja Soni,23,1,IT,80285,3028,4817,2038,1182,69220,0,10414,0,4759,3030,18203,23463,5993,High,0.26297312915342386,0.3389627275353944,0.08657902340364057,0.0
EMP04743,Abhishek Kavya Thomas,35,7,Operations,62005,1434,3720,1718,1092,54041,13057,8680,0,3597,3108,28442,9431,3353,Medium,0.5263041024407394,0.1745156455283951,0.06204548398438223,0.0
EMP04744,Karan Sanya Soni,40,18,Sales,73482,2348,4409,1709,1526,63490,5916,10375,0,4432,3017,23740,12935,13311,High,0.37391715230745,0.20373287131831785,0.20965506378957316,0.0
EMP04745,Simran Khurana,55,27,Sales,85000,3500,5100,1849,1215,73336,0,10916,15458,4344,3919,34637,18196,4544,Medium,0.4723055525253627,0.24811825024544562,0.06196138322242827,0.2107832442456638
EMP04746,Pooja Jain,24,3,Operations,56185,1143,3371,1141,1929,48601,11089,5078,0,4398,2738,23303,12446,3157,Medium,0.47947573095203805,0.25608526573527296,0.06495751116232176,0.0
EMP04747,Akash Malhotra,55,38,IT,150000,13333,9000,3868,1885,121914,0,21362,35439,6950,8024,71775,19961,7539,Medium,0.588734681824893,0.16373017044802074,0.06183867316304936,0.29068851813573504
EMP04748,Harsh Bhardwaj,57,29,Cyber Security,180000,20000,10800,2205,2083,144912,35633,16885,0,15076,7034,74628,34465,6842,Medium,0.5149884067572044,0.23783399580435022,0.047214861433145634,0.0
EMP04749,Lakshay Vivaan Yadav,50,28,IT,145762,12486,8746,2316,2141,120073,6825,17168,7329,6754,8191,46267,30386,8576,Medium,0.3853239279438342,0.253062720178558,0.07142321754266155,0.0610378686299168
EMP04750,Pankaj Nagpal,51,38,Marketing,90000,4000,5400,1534,1466,77600,0,14175,23940,2934,4752,45801,192,975,Low,0.5902190721649484,0.002474226804123711,0.012564432989690722,0.30850515463917527
EMP04751,Kavya Rajput,40,12,IT,114386,7158,6863,2503,1089,96773,24171,14576,3842,5689,5499,53777,16530,6233,Medium,0.5557025203310841,0.1708121066826491,0.06440846103768613,0.03970115631426121
EMP04752,Priya Kunal Bhatia,59,32,Data Science,170000,17500,10200,2737,1636,137927,0,21308,31037,7153,6571,66069,26166,10564,Medium,0.47901426116713913,0.18970904898968294,0.07659124029377859,0.2250248319763353
EMP04753,Pooja Malhotra,42,22,IT,137226,10779,8234,3362,1134,113717,25001,17452,0,2525,4485,49463,42510,4931,High,0.4349657483050028,0.3738227353869694,0.04336203030329678,0.0
EMP04754,Prateek Tiwari,58,38,IT,150000,13333,9000,2538,1690,123439,0,20144,0,8801,7067,36012,26153,32710,High,0.2917392396244299,0.21186983044256677,0.2649891849415501,0.0
EMP04755,Dev Shukla,49,25,IT,142126,11759,8528,2694,1098,118047,0,18614,36408,14002,10424,79448,5784,5213,Low,0.6730200682778893,0.048997433225749065,0.04416037679907155,0.3084195278151923
EMP04756,Sanya Chopra,27,6,Finance,78889,2889,4733,1948,1644,67675,21306,8279,0,12334,5688,47607,3770,2582,Low,0.7034650905060953,0.05570742519394163,0.038152936830439604,0.0
EMP04757,Manish Kumawat,40,13,IT,114655,7198,6879,3880,1725,94973,0,15717,19532,5540,5757,46546,20633,5622,Medium,0.49009718551588344,0.21725121876743916,0.05919577142977478,0.20565845029640004
EMP04758,Charu Parmar,59,37,IT,150000,13333,9000,2331,1247,124089,0,15660,38367,5257,3317,62601,37692,3704,Medium,0.5044846843797597,0.3037497280177937,0.029849543472829986,0.30918937214418685
EMP04759,Aisha Bajaj,44,18,Sales,73093,2309,4386,1502,1460,63436,0,10522,12164,6403,5530,34619,4102,3296,Low,0.5457311305883095,0.06466359795699603,0.05195787880698657,0.1917523172961725
EMP04760,Charu Tiwari,50,15,Sales,70738,2074,4244,2000,1441,60979,0,9049,17676,2697,3371,32793,6611,10599,Medium,0.537775299693337,0.10841437216090785,0.17381393594516145,0.2898702832122534
EMP04761,Ishaan Bedi,48,24,Finance,116844,7527,7011,2981,2133,97192,22811,12968,5925,4161,4916,50781,25958,3635,High,0.5224812741789447,0.2670795950283974,0.03740019754712322,0.060961807556177465
EMP04762,Prateek Sabharwal,53,32,Operations,95000,4500,5700,1802,1200,81798,18438,10386,3073,3930,3099,38926,14645,14652,High,0.47587960585833394,0.179038607300912,0.17912418396537813,0.03756815570062838
EMP04763,Krishna Tomar,28,3,IT,86502,3650,5190,1827,1545,74290,15738,6385,0,4875,2009,29007,30126,3096,Medium,0.39045631982770224,0.4055189123704402,0.04167451877776282,0.0
EMP04764,Aman Saxena,57,27,Data Science,163427,16019,9806,2467,1991,133144,0,21842,37406,10232,6940,76420,21891,7774,Medium,0.5739650303430872,0.16441597067836328,0.058387910833383405,0.2809439403953614
EMP04765,Palak Harsh Sandhu,46,20,Operations,89771,3977,5386,1778,2271,76359,0,11899,0,2394,2144,16437,35766,3852,High,0.21525949789808668,0.46839272384394764,0.05044591993085294,0.0
EMP04766,Aman Malhotra,50,18,Sales,72167,2217,4330,2063,1755,61802,0,7477,14708,4227,3494,29906,7069,11242,Medium,0.48390019740461476,0.11438141160480243,0.18190349826866445,0.23798582570143362
EMP04767,Kunal Bansal,26,5,Marketing,60618,1364,3637,1625,1967,52025,0,7891,0,1262,3331,12484,3614,1090,Medium,0.23996155694377702,0.0694666025949063,0.0209514656415185,0.0
EMP04768,Charu Rajput,50,24,Operations,90578,4058,5435,1568,1207,78310,20804,12977,5739,6648,3631,49799,11832,3440,Medium,0.6359213382709743,0.1510918145830673,0.04392797854680117,0.07328565955816627
EMP04769,Sanya Rashmi Mittal,40,18,Cyber Security,143444,12022,8607,2789,2082,117944,0,14804,34577,2809,4008,56198,34867,4474,Medium,0.47648036356236856,0.29562334667299733,0.03793325646069321,0.29316455266906327
EMP04770,Varun Khandelwal,32,11,Operations,66731,1673,4004,1950,2015,57089,14207,7808,6541,5960,3234,37750,7325,2451,Low,0.6612482264534324,0.12830843069593093,0.04293296431887054,0.11457548739687155
EMP04771,Rupal Bansal,54,29,IT,144263,12186,8656,3569,1358,118494,0,21184,35795,6266,6931,70176,18611,5244,Low,0.5922325181021824,0.157062804867757,0.04425540533697909,0.30208280588046654
EMP04772,Shruti Dubey,37,11,IT,115553,7333,6933,2870,2226,96191,22219,12250,0,5513,4431,44413,17827,19964,High,0.46171679263132726,0.1853291888014471,0.2075454044557183,0.0
EMP04773,Anurag Shetty,40,18,Sales,69084,1908,4145,1296,795,60940,0,10166,19618,4421,3626,37831,9870,3129,Low,0.6207909419100754,0.16196258615031178,0.05134558582212012,0.32192320315064
EMP04774,Vidhi Bansal,50,27,Finance,130000,9500,7800,2832,2127,107741,0,12130,26209,5865,5526,49730,13891,19013,Medium,0.46156987590610815,0.12892956256207014,0.17646949629203368,0.24325929776036978
EMP04775,Vihaan Soni,36,13,Operations,73090,2309,4385,1260,1929,63207,0,8783,19587,5858,3700,37928,10837,2531,Low,0.6000601199234262,0.17145252899204202,0.04004303320834718,0.3098865631971142
EMP04776,Vaishnavi Deshmukh,51,33,Marketing,90000,4000,5400,1216,1230,78154,0,10703,24546,2697,3582,41528,2653,1543,Low,0.5313611587378765,0.03394579931929268,0.01974307137190675,0.3140722163932748
EMP04777,Rohit Arora,48,18,IT,124969,8745,7498,2254,1858,104614,0,20161,25579,6272,4738,56750,21385,6347,Medium,0.5424704150496109,0.2044181467107653,0.060670655935152085,0.2445083831991894
EMP04778,Sai Ayaan Jindal,57,29,HR,70000,2000,4200,1442,1739,60619,0,6543,0,5478,2915,14936,16581,5879,High,0.2463913954370742,0.2735281017502763,0.09698279417344396,0.0
EMP04779,Ankit Kumawat,33,9,Cyber Security,120369,8055,7222,2736,1550,100806,11846,19361,0,6481,4394,42082,24646,5676,Medium,0.4174553101997897,0.2444894153125806,0.05630617225165169,0.0
EMP04780,Aditya Seth,37,8,IT,97873,4787,5872,2124,1363,83727,23648,12562,3443,5855,5396,50904,15069,3360,Medium,0.6079759217456734,0.1799777849439249,0.040130423877602205,0.04112174089600726
EMP04781,Siddharth Ankit Jain,42,17,Operations,75676,2568,4541,1491,1690,65386,16177,6959,4089,6570,3786,37581,10280,4017,Medium,0.5747560639892332,0.1572202000428226,0.061435169608173,0.0625363227602239
EMP04782,Amit Swain,57,25,Finance,127853,9178,7671,3058,1630,106316,25954,14801,9203,6498,6938,63394,15970,4349,Medium,0.5962790172692727,0.15021257383648745,0.0409063546408819,0.08656269987584184
EMP04783,Deepak Chopra,29,5,IT,93054,4305,5583,1934,1887,79345,16244,6531,4844,7378,3284,38281,10142,14792,High,0.48246266305375257,0.12782153884932887,0.18642636587056524,0.06104984561093957
EMP04784,Ravi Goel,25,3,Sales,48830,775,2930,797,1131,43197,11149,7680,0,2694,2319,23842,8110,2621,Medium,0.5519364770701669,0.18774451929532143,0.060675509873370836,0.0
EMP04785,Shreya Jain,54,22,IT,142635,11860,8558,2576,1570,118071,32565,16101,0,7158,6356,62180,19179,21031,High,0.526632280576941,0.16243616129278146,0.1781216386750345,0.0
EMP04786,Aditya More,26,7,Sales,57369,1202,3442,1082,2235,49408,0,7661,11422,9442,5043,33568,2795,1959,Low,0.6794041450777202,0.05656978626943005,0.03964944948186529,0.23117713730569947
EMP04787,Sumit Pillai,51,30,Data Science,170000,17500,10200,3331,1023,137946,41672,22158,0,17144,9440,90414,10163,7471,Low,0.6554303858031404,0.07367375639743087,0.0541588737621968,0.0
EMP04788,Aakash Mohanty,44,22,Data Science,148016,12937,8881,3613,1509,121076,42523,22023,0,19781,8732,93059,6593,3803,Low,0.7685998876738578,0.05445340116951336,0.031410023456341474,0.0
EMP04789,Harsh Nisha Iyer,41,23,IT,145542,12442,8733,2596,1143,120628,25900,9507,19408,9310,6933,71058,11489,22302,Medium,0.5890672149086448,0.09524322711145007,0.18488244851941507,0.1608913353450277
EMP04790,Payal Mittal,34,9,Sales,59456,1306,3567,1071,1622,51890,0,6033,14049,9047,3270,32399,4737,2643,Low,0.6243784929658894,0.09128926575448063,0.050934669493158606,0.27074580844093277
EMP04791,Ankit Tomar,22,3,Sales,49435,805,2966,761,1759,43144,0,4713,4479,4295,2232,15719,12064,2440,Medium,0.3643380307806416,0.27962173187465234,0.05655479325050992,0.1038151307250139
EMP04792,Lokesh Kapoor,51,38,Finance,130000,9500,7800,2329,1400,108971,0,16988,21485,2697,8952,50122,5770,2621,Low,0.45995723632893154,0.052949867395912675,0.02405227078764075,0.19716254783382736
EMP04793,Aditi Parmar,48,26,Product Management,216462,29939,12988,3376,1454,168705,44052,18684,0,16898,9773,89407,33156,10242,Medium,0.5299605820811476,0.19653240864230462,0.06070952253934383,0.0
EMP04794,Sonali Pandey,35,7,HR,47444,706,2847,895,1879,41117,0,6428,0,2696,2736,11860,11087,2731,High,0.28844516866502906,0.26964515893669283,0.06642021548264708,0.0
EMP04795,Atharv Behera,59,22,IT,133906,10115,8034,2976,1789,110992,0,16729,33878,6177,5905,62689,20621,5002,Low,0.5648064725385613,0.18578816491278652,0.04506631108548364,0.3052292057085195
EMP04796,Pankaj Nair,38,9,IT,100582,5087,6035,3569,2039,83852,0,14342,0,4639,5083,24064,28313,4845,High,0.28698182512045034,0.3376544387730764,0.05778037494633402,0.0
EMP04797,Aakash Ayaan Khandelwal,33,11,Marketing,71710,2171,4303,1779,1439,62018,17318,10542,9008,4982,4308,46158,6802,1938,Low,0.7442677932213229,0.10967783546712245,0.031248992228062822,0.14524815376181108
EMP04798,Divya Divya Fernandes,23,0,Operations,50000,833,3000,998,623,44546,0,5204,9299,2378,2013,18894,2143,693,Low,0.42414582678579443,0.048107574192969065,0.015556952363848606,0.20875050509585596
EMP04799,Sonia Sabharwal,51,35,Operations,95000,4500,5700,1242,1293,82265,0,11911,27909,4145,5132,49097,12493,3820,Medium,0.5968151704856257,0.15186288214915214,0.04643530055309062,0.33925727830790736
EMP04800,Riya Rishabh Pawar,37,14,Finance,106886,6033,6413,3733,2030,88677,18591,10711,2845,2768,3937,38852,27624,5269,High,0.43812939093564285,0.31151256808417066,0.05941788738906368,0.0320827272009653
EMP04801,Avantika Joshi,33,9,Finance,91821,4182,5509,1264,1094,79772,18724,12102,3014,5686,3634,43160,14687,4408,Medium,0.5410419696133982,0.18411221982650555,0.0552574838289124,0.0377826806398235
EMP04802,Shreya Vivaan Bagri,41,21,Finance,124686,8703,7481,3129,2005,103368,28791,17169,17556,5887,6950,76353,12660,3245,Low,0.7386521941026236,0.12247504063153007,0.03139269406392694,0.1698397956814488
EMP04803,Varun Saxena,42,17,Marketing,73581,2358,4415,1895,1796,63117,0,10892,14148,2839,4973,32852,148,255,Low,0.5204936863285644,0.0023448516247603656,0.004040115975093873,0.2241551404534436
EMP04804,Preeti Khurana,27,5,Operations,56034,1135,3362,802,1882,48853,0,6801,14147,5038,3614,29600,9137,1648,Medium,0.6058993306449962,0.1870304791926801,0.03373385462509979,0.2895830348187419
EMP04805,Hemant Sabharwal,56,28,Cyber Security,180000,20000,10800,3893,1984,143323,29497,17469,9148,6540,5143,67797,42582,6594,Medium,0.473036428207615,0.2971051401380099,0.04600796801629885,0.0638278573571583
EMP04806,Rupal Reddy,42,26,Finance,123132,8470,7388,2667,1883,102724,18106,12999,5450,3352,2652,42559,38005,4995,High,0.4143043495190997,0.3699719637085783,0.04862544293446517,0.05305478758615319
EMP04807,Vikram Porwal,56,27,Finance,130000,9500,7800,2413,1259,109028,32581,19174,15269,7434,7317,81775,13335,3324,Low,0.7500366878233115,0.12230803096452288,0.030487581171809077,0.14004659353560553
EMP04808,Parth Daga,33,5,Data Science,107105,6066,6426,3824,2441,88348,24428,14588,0,2703,6016,47735,2809,1029,Medium,0.5403065151446552,0.031794720876533705,0.011647122741884366,0.0
EMP04809,Nisha Khushi More,59,33,Sales,85000,3500,5100,1654,1831,72915,0,12547,18137,5792,4829,41305,13111,3246,Low,0.5664815195775903,0.17981210999108552,0.04451758897346225,0.24874168552424056
EMP04810,Karan Sandhu,52,30,Marketing,90000,4000,5400,1933,2002,76665,8723,11698,10615,2262,5289,38587,2657,1505,Low,0.5033196373834213,0.034657275158155615,0.01963086154046827,0.13845953172895062
EMP04811,Pooja Rakesh Iyer,51,34,Sales,85000,3500,5100,1754,2058,72588,0,11120,16702,4000,3360,35182,14824,3649,Medium,0.4846806634705461,0.20422108337466247,0.0502700170827134,0.23009312834077258
EMP04812,Parth Shinde,36,11,HR,56132,1140,3368,744,1321,49559,0,8389,12933,1331,2104,24757,1610,960,Low,0.4995459956819145,0.03248653120523013,0.019370850904981942,0.2609616820355536
EMP04813,Nisha Mehta,42,15,IT,115142,7271,6909,3123,1718,96121,19771,12688,0,5238,4788,42485,23300,6468,Medium,0.44199498548704236,0.24240280479811904,0.06729018632764952,0.0
EMP04814,Lokesh Lakhotia,48,15,Operations,80869,3087,4852,1496,1818,69616,0,8325,22101,2290,3057,35773,23670,2454,Medium,0.5138617559181797,0.34000804412778673,0.035250517122500574,0.3174701218110779
EMP04815,Sonali Gill,25,0,Cyber Security,95000,4500,5700,1540,1585,81675,0,9241,0,6413,3364,19018,39847,4056,Medium,0.23284970921334558,0.48787266605448426,0.04966023875114784,0.0
EMP04816,Harsh Mohanty,60,26,Marketing,90000,4000,5400,1469,2107,77024,20446,10501,0,2300,3889,37136,3281,77,Medium,0.48213543830494393,0.04259711258828417,0.0009996884088076443,0.0
EMP04817,Nikita Mohanty,44,22,Finance,124218,8633,7453,3000,1447,103685,38746,19463,0,12089,7681,77979,3974,2582,Low,0.7520759994213242,0.038327626947002945,0.02490234845927569,0.0
EMP04818,Shivam Porwal,48,27,Customer Support,60000,1333,3600,1324,1523,52220,0,9054,10683,7880,3370,30987,4364,1791,Low,0.5933933358866335,0.08356951359632325,0.03429720413634623,0.20457679050172348
EMP04819,Abhishek Pandey,43,22,Finance,118966,7845,7138,3437,1920,98626,0,14693,20668,12335,7210,54906,8517,4843,Low,0.5567091841907813,0.08635653884371261,0.049104698558189525,0.20955934540587676
EMP04820,Mohit Fernandes,50,27,IT,145019,12337,8701,2902,1300,119779,26968,19419,0,7103,5303,58793,27382,5812,Medium,0.49084564072166237,0.22860434633783885,0.048522695965069,0.0
EMP04821,Ishaan Daga,29,7,Finance,84245,3424,5055,2129,1690,71947,19676,12239,0,4360,4782,41057,11675,3423,Medium,0.5706561774639666,0.16227222816795697,0.04757668839562456,0.0
EMP04822,Nikhil Daga,27,6,HR,47564,712,2854,1160,1709,41129,9912,5962,0,3924,3108,22906,7650,2201,Medium,0.5569306328867709,0.18600014588246735,0.05351455177611904,0.0
EMP04823,Aisha Muskan Menon,46,19,Sales,71529,2153,4292,1312,1203,62569,3492,7477,0,10298,4138,25405,6493,5984,Medium,0.4060317409579824,0.10377343412872189,0.09563841518963065,0.0
EMP04824,Parth Reddy,48,15,Sales,66950,1695,4017,1916,1230,58092,0,9339,0,8075,3843,21257,9009,4240,Medium,0.36591957584521106,0.15508159471183638,0.0729876747228534,0.0
EMP04825,Karan Parmar,31,7,HR,49948,831,2997,1074,1344,43702,0,6958,3292,1001,2097,13348,20319,1548,High,0.305432245663814,0.46494439613747657,0.035421719829756074,0.07532836025811175
EMP04826,Rashmi Swain,35,8,Sales,55870,1127,3352,1089,1592,48710,12165,7533,4879,3333,2166,30076,8555,2500,Medium,0.6174502155614864,0.17563128721001847,0.05132416341613632,0.10016423732293164
EMP04827,Priya Mehta,46,24,Sales,84308,3431,5058,2094,1087,72638,0,11280,0,3636,2548,17464,30081,4533,Medium,0.24042512183705497,0.41412208485916463,0.06240535257028002,0.0
EMP04828,Saloni Bagri,37,16,Marketing,73788,2379,4427,1846,1302,63834,14517,10916,0,3848,2481,31762,12863,4720,Medium,0.49757182692608953,0.20150703386909796,0.07394178650875709,0.0
EMP04829,Vidhi Pandey,54,27,HR,70000,2000,4200,1835,2087,59878,0,10999,18545,4287,3440,37271,10402,2892,Low,0.6224489795918368,0.17371989712415245,0.0482982063529176,0.3097130832693143
EMP04830,Lokesh Shukla,57,23,HR,68589,1859,4115,1920,2037,58658,0,8262,0,2607,1508,12377,29448,2900,High,0.21100276177162536,0.5020287087865253,0.049439121688431245,0.0
EMP04831,Deepak Arjun Soni,29,3,Sales,48404,754,2904,880,1291,42575,9321,6560,0,1669,2441,19991,2182,215,Medium,0.46954785672342925,0.051250733998825605,0.005049911920140928,0.0
EMP04832,Dhruv Kavya Mehta,59,37,IT,150000,13333,9000,3915,2195,121557,0,19865,35835,4830,5805,66335,36278,3254,Medium,0.5457110655906283,0.2984443512097205,0.02676933455086914,0.2947999703842642
EMP04833,Sonia Khandelwal,35,7,IT,98670,4867,5920,1788,1347,84748,19925,8535,3558,6165,2113,40296,27148,4252,High,0.4754802473214707,0.3203379430783027,0.05017227545192807,0.04198329164110067
EMP04834,Shruti Jindal,47,28,HR,68239,1824,4094,1350,1223,59748,4773,7419,8168,4705,2816,27881,11732,4105,Medium,0.4666432349199973,0.1963580370891076,0.06870522862689965,0.13670750485371896
EMP04835,Rakesh Mohit Nair,37,17,Product Management,173025,18256,10382,2467,1930,139990,40458,19583,4607,15039,8745,88432,11571,7880,Medium,0.6317022644474606,0.08265590399314236,0.05628973498107007,0.03290949353525252
EMP04836,Sneha Rawat,49,16,Sales,68811,1881,4129,1920,1873,59008,0,11056,0,4230,2747,18033,19107,4411,Medium,0.3056026301518438,0.3238035520607375,0.0747525759219089,0.0
EMP04837,Ishaan Patel,25,0,Product Management,120000,8000,7200,2701,1440,100659,0,13611,33194,12871,9522,69198,4084,2781,Low,0.687449706434596,0.04057262639207622,0.027627931928590588,0.3297668365471543
EMP04838,Pooja Swain,54,31,Cyber Security,180000,20000,10800,2662,1893,144645,0,17851,45670,6353,6060,75934,14509,30251,Medium,0.5249680251650592,0.10030764976321338,0.2091396176846763,0.3157385322686577
EMP04839,Mansi Thomas,52,33,Operations,95000,4500,5700,1415,1193,82192,20551,13454,10065,4784,4507,53361,12487,2985,Medium,0.6492237687366167,0.15192476153396925,0.03631740315359159,0.12245717344753747
EMP04840,Saurabh Rathore,54,36,Finance,130000,9500,7800,3694,1161,107845,0,14302,30107,5780,4288,54477,23584,5440,Medium,0.5051416384626084,0.21868422272706198,0.050442765079512265,0.2791691779869257
EMP04841,Bhavna Verma,34,8,Marketing,62796,1473,3768,1840,2015,53700,3601,8438,0,3619,3092,18750,8867,11991,High,0.34916201117318435,0.16512104283054005,0.22329608938547485,0.0
EMP04842,Namrata Harsh Ghosh,57,25,Cyber Security,165368,16407,9922,3484,2174,133381,35933,20937,51203,3126,10801,122000,1023,187,Low,0.9146730044009267,0.007669758061493016,0.0014019987854342073,0.38388526101918563
EMP04843,Bhavna Mathew,37,16,Data Science,141151,11564,8469,3422,1389,116307,28652,17771,4879,7275,5861,64438,23269,5130,Medium,0.5540337211001918,0.20006534430429812,0.04410740540122263,0.04194932377242986
EMP04844,Komal Yadav,35,5,Finance,79316,2932,4759,1471,1902,68252,19030,11588,0,4053,4966,39637,11984,3641,Medium,0.5807448865967297,0.17558459825353104,0.05334642208286937,0.0
EMP04845,Preeti Agarwal,53,30,Cyber Security,180000,20000,10800,2265,1970,144965,34207,24167,10927,10255,8187,87743,21450,5914,Medium,0.6052702376435691,0.1479667505949712,0.04079605421998413,0.07537681509329838
EMP04846,Monika Gill,45,18,Operations,80292,3029,4818,1269,2064,69112,0,10768,13018,1753,2335,27874,28373,2660,Medium,0.40331635605972915,0.4105365204306054,0.03848825095497164,0.18836092140294017
EMP04847,Prateek Jadhav,43,16,IT,121217,8183,7273,3195,1281,101285,0,15012,0,16522,7259,38793,11234,7489,Medium,0.38300834279508317,0.11091474552006714,0.07393987263661944,0.0
EMP04848,Rakesh Mayank Kohli,24,3,Product Management,132075,9811,7924,3029,1878,109433,0,12913,0,8499,4579,25991,35855,8175,Medium,0.2375060539325432,0.3276433982436742,0.07470324308024087,0.0
EMP04849,Ananya Arora,44,27,Data Science,169918,17480,10195,2347,1754,138142,28848,18202,7775,2688,3109,60622,42307,8018,High,0.43883829682500614,0.3062573294146603,0.05804172518133515,0.056282665662868644
EMP04850,Atharv Bhavna Bagri,44,15,Data Science,138072,10948,8284,3260,1766,113814,0,18553,20572,6416,6759,52300,26424,6366,Medium,0.4595216757165199,0.2321682745532184,0.05593336496388845,0.18075104995870456
EMP04851,Shubham Ashish Joshi,33,11,Data Science,119621,7943,7177,2588,1317,100596,0,15107,15819,3498,6579,41003,2441,342,Medium,0.40760069982901903,0.024265378345063423,0.0033997375641178574,0.1572527734701181
EMP04852,Tushar Pallavi Gupta,59,26,IT,136914,10716,8215,2310,1579,114094,0,17910,23040,9260,5512,55722,26582,4864,Medium,0.48838676880466986,0.23298332953529546,0.04263151436534787,0.20193875225691096
EMP04853,Nikhil Joshi,26,5,Data Science,107112,6067,6427,2781,1087,90750,20688,14132,0,2780,3762,41362,28392,4979,Medium,0.45577961432506886,0.3128595041322314,0.05486501377410468,0.0
EMP04854,Karan Bhatia,29,2,Data Science,103393,5509,6204,2397,1699,87584,22979,13210,11280,5719,4862,58050,11229,4098,Low,0.6627922908293752,0.12820834855681404,0.04678936792108147,0.12879064669346
EMP04855,Aarav Chauhan,40,18,Operations,82109,3211,4927,1823,1366,70782,0,13694,0,3759,3370,20823,189,337,Medium,0.2941849622785454,0.0026701703823005848,0.004761097454155011,0.0
EMP04856,Trisha Ishita Sahu,23,1,Marketing,54621,1064,3277,1186,1540,47554,0,7143,0,5549,3563,16255,11365,4429,Medium,0.34182192875467887,0.23899146233755308,0.09313622408209614,0.0
EMP04857,Vaishnavi Lodha,60,37,Marketing,90000,4000,5400,1428,2008,77164,4856,11383,0,4350,4815,25404,23439,4572,High,0.32922088020320356,0.3037556373438391,0.0592504276605671,0.0
EMP04858,Sakshi Joshi,23,1,IT,82108,3211,4926,1556,1738,70677,23854,7266,2491,10666,5094,49371,2601,1964,Low,0.6985440808183709,0.03680122246275309,0.027788389433620556,0.03524484627247902
EMP04859,Prachi Bhatia,37,12,Operations,71050,2105,4263,1423,2145,61114,20115,11143,0,11075,5753,48086,1494,2130,Low,0.7868246228360114,0.02444611709264653,0.034852897863010115,0.0
EMP04860,Ishita Mittal,23,2,HR,43861,526,2632,796,2136,37771,0,5129,0,3028,1849,10006,875,1177,Medium,0.26491223425379257,0.023165920944640067,0.031161473087818695,0.0
EMP04861,Shreya Mohanty,51,37,Sales,85000,3500,5100,1876,1826,72698,20657,10069,9511,7718,4064,52019,2361,1859,Low,0.715549258576577,0.03247682192082313,0.025571542545874716,0.13082890863572588
EMP04862,Rajat Khurana,41,15,Sales,72001,2200,4320,1534,1353,62594,0,10534,14041,2069,4232,30876,2174,1074,Low,0.4932741157299422,0.03473176342780458,0.01715819407610953,0.22431862478831838
EMP04863,Aditi Suri,60,30,Cyber Security,180000,20000,10800,3275,1882,144043,0,20171,33216,7466,6255,67108,36946,8472,Medium,0.46588865824788434,0.25649285282866924,0.05881577029081594,0.23059780759911971
EMP04864,Rishabh Bhatia,40,13,Finance,104053,5608,6243,2425,1861,87916,0,14899,0,6218,5303,26420,25048,7514,High,0.3005141271213431,0.2849083215796897,0.0854679466763729,0.0
EMP04865,Megha Pillai,26,3,Data Science,98433,4843,5906,1664,1858,84162,17785,11639,0,4667,3350,37441,20655,6411,Medium,0.4448682303177206,0.24541954801454338,0.076174520567477,0.0
EMP04866,Sonia Bhavna Naidu,56,31,Finance,130000,9500,7800,2736,1726,108238,0,16231,0,5724,2349,24304,58719,5994,High,0.22454221253164322,0.5424989375265619,0.05537796337700253,0.0
EMP04867,Vidhi Swain,46,28,Finance,128114,9217,7687,2576,1211,107423,27133,15369,13975,12085,4634,73196,16064,2726,Low,0.6813810822635749,0.14953967027545312,0.025376316058944547,0.1300931830241196
EMP04868,Payal Wadhwa,29,2,Data Science,94049,4405,5643,1513,1845,80643,0,12151,13159,5064,4446,34820,16588,5374,Medium,0.43177957169252135,0.2056967126718996,0.06663938593554307,0.1631759731160795
EMP04869,Nandini Jadhav,42,22,Operations,92217,4222,5533,1724,1781,78957,17223,7430,11315,5786,1694,43448,23428,2929,Medium,0.5502741998809478,0.296718467013691,0.037096140937472294,0.14330585001963095
EMP04870,Diya Khandelwal,25,3,Customer Support,38768,272,2326,993,1388,33789,10192,4312,0,5423,2838,22765,2526,1207,Low,0.6737399745479298,0.07475805735594425,0.0357216845719021,0.0
EMP04871,Ankit Pradhan,46,16,IT,115332,7300,6920,3073,1948,96091,0,16996,32367,6896,5198,61457,15796,4383,Medium,0.6395708234902332,0.16438584258671468,0.0456130126650779,0.3368369566348565
EMP04872,Sonia Srivastava,28,6,Operations,63460,1506,3808,1234,2222,54690,0,8575,0,4093,3903,16571,16150,4172,High,0.3029987200585116,0.29530078624977146,0.0762845127079905,0.0
EMP04873,Ayaan Swati Chauhan,36,9,Operations,61369,1402,3682,2102,2203,51980,13264,9623,0,4173,3088,30148,10758,1741,Medium,0.5799923047325894,0.20696421700654097,0.0334936514043863,0.0
EMP04874,Jyoti Sakshi Bhardwaj,58,23,Product Management,206101,26830,12366,2533,1724,162648,34911,25633,0,9474,9396,79414,40411,6550,Medium,0.4882568491466234,0.24845679012345678,0.04027101470660568,0.0
EMP04875,Tanvi D'Souza,52,23,IT,136005,10534,8160,2717,937,113657,0,18010,26877,7051,6008,57946,19872,7382,Medium,0.5098322144698523,0.1748418487202724,0.06494980511539104,0.23647465620243363
EMP04876,Mayank Manish Kumawat,42,20,Sales,76747,2675,4605,2046,2139,65282,22270,9517,0,7996,5931,45714,4274,2526,Low,0.7002542814252014,0.06546980791029687,0.038693667473422996,0.0
EMP04877,Atharv Daga,51,36,Finance,130000,9500,7800,2598,1220,108882,22182,14190,15530,4586,4532,61020,29950,4463,Medium,0.5604232104480079,0.27506842269612974,0.04098932789625466,0.14263147260336878
EMP04878,Deepak Porwal,42,27,IT,149845,13302,8991,2596,2267,122689,25649,11773,0,8833,6195,52450,38258,6979,Medium,0.427503688187205,0.3118290963330046,0.05688366520225937,0.0
EMP04879,Ananya Chaudhary,41,15,Operations,74738,2474,4484,1563,1154,65063,15843,10758,0,3441,3421,33463,21637,1954,High,0.5143168928576918,0.33255460092525707,0.030032430106204756,0.0
EMP04880,Abhishek Aarav Porwal,51,31,Cyber Security,180000,20000,10800,2364,1355,145481,0,20156,29926,3671,4781,58534,55013,4924,Medium,0.40234807294423325,0.378145599769042,0.033846344196149326,0.20570383761453387
EMP04881,Monika Bose,41,23,Cyber Security,165799,16493,9948,2736,1450,135172,11426,20366,18204,10795,5766,66557,32515,5609,Medium,0.49238747669635724,0.24054537922054864,0.0414952800875921,0.1346728612434528
EMP04882,Ayaan George,46,26,Product Management,211470,28441,12688,2736,1520,166085,50922,26225,0,25478,11820,114445,10614,4278,Medium,0.6890748713008399,0.06390703555408375,0.025757895053737545,0.0
EMP04883,Lokesh Bohra,22,2,HR,42232,445,2534,1081,1886,36286,9709,4953,1774,1883,2848,21167,918,257,Low,0.5833379264730199,0.025299013393595325,0.0070826213966819155,0.04888937882378879
EMP04884,Shubham Swain,37,8,Finance,90739,4074,5444,2145,1183,77893,23084,13577,2629,5024,5382,49696,13122,2553,Medium,0.6380034149410089,0.16846186435238084,0.03277573081021401,0.03375142824130538
EMP04885,Rakesh Tomar,41,17,Marketing,84095,3410,5046,1954,1953,71732,17060,11322,0,4808,4290,37480,15262,3325,Medium,0.522500418223387,0.21276417777282106,0.04635309206490827,0.0
EMP04886,Lokesh Mittal,49,27,Customer Support,60000,1333,3600,1667,1615,51785,17495,5297,2547,6946,3495,35780,2183,2692,Low,0.6909336680505938,0.04215506420778218,0.05198416529883171,0.049184126677609345
EMP04887,Muskan Sahu,47,28,IT,150000,13333,9000,3358,2078,122231,0,15505,42591,12331,7485,77912,19732,5597,Medium,0.6374160401207549,0.16143204260784907,0.045790347784113686,0.34844679336665824
EMP04888,Ishita Banerjee,48,17,Customer Support,53001,983,3180,1092,1140,46606,10991,5116,4131,3407,2169,25814,12910,1317,Medium,0.5538771831952968,0.27700296099214694,0.0282581641848689,0.08863665622452045
EMP04889,Rohan Gill,56,26,IT,144537,12241,8672,2436,1588,119600,33475,22453,20438,6526,7857,90749,13843,3654,Low,0.7587709030100335,0.11574414715719064,0.030551839464882942,0.17088628762541805
EMP04890,Aakash Mukherjee,23,2,Operations,52141,940,3128,1186,753,46134,0,7752,5904,1407,2704,17767,1154,561,Medium,0.385117267091516,0.025014089391771795,0.012160228898426323,0.12797502926258292
EMP04891,Abhishek Behera,51,37,IT,150000,13333,9000,3528,1022,123117,0,19068,0,6556,6583,32207,44524,11237,High,0.2615966925769796,0.36163974105931757,0.09127090491158817,0.0
EMP04892,Ayush Wadhwa,22,1,Operations,54450,1056,3267,1184,2108,46835,0,4657,6686,4125,1926,17394,10814,3872,Medium,0.37138891854382405,0.2308956976620049,0.08267321447635316,0.14275648553432263
EMP04893,Tarun D'Souza,38,13,Cyber Security,139739,11281,8384,3184,1050,115840,24306,13843,11555,4526,5942,60172,16165,18858,Medium,0.5194406077348066,0.13954592541436464,0.1627935082872928,0.0997496546961326
EMP04894,Harsh Pawar,60,32,HR,70000,2000,4200,1270,1938,60592,0,9119,15113,4853,3621,32706,12735,2525,Medium,0.5397742276208081,0.21017626089252706,0.041672167942962766,0.24942236598890943
EMP04895,Vihaan Das,41,28,IT,150000,13333,9000,3117,1294,123256,0,19726,0,8952,5558,34236,32823,11053,High,0.2777633543194652,0.2662994093593821,0.08967514766015447,0.0
EMP04896,Mansi Khanna,31,9,Operations,68471,1847,4108,1312,1456,59748,0,10360,0,3434,3870,17664,18209,4879,High,0.2956416951195019,0.30476333935863964,0.08165963714266586,0.0
EMP04897,Pallavi Bansal,51,23,Operations,92863,4286,5572,1894,1702,79409,0,12510,14601,5638,5738,38487,18115,4243,Medium,0.4846679847372464,0.22812275686635017,0.05343223060358398,0.18387084587389338
EMP04898,Rishabh Lakhotia,48,26,Operations,95000,4500,5700,1573,1555,81672,21277,11276,2942,5894,5460,46849,13101,3987,Medium,0.5736237633460672,0.16040993241257714,0.048817220099911844,0.03602213732980703
EMP04899,Vihaan Soni,26,5,Finance,76070,2607,4564,1542,1728,65629,0,9602,12422,4154,2688,28866,17167,4766,Medium,0.43983604808849747,0.26157643724572976,0.07262033552240625,0.18927608221975042
EMP04900,Rishabh Gupta,30,4,Operations,57924,1230,3475,1166,1606,50447,14047,8020,0,7518,3712,33297,3790,1811,Low,0.6600392491129304,0.07512835252839614,0.03589906238230222,0.0
EMP04901,Gaurav Rathore,57,37,Cyber Security,180000,20000,10800,2851,2310,144039,34456,24396,6066,10109,9385,84412,28192,7312,Medium,0.5860357264352016,0.19572476898617736,0.05076402918653976,0.04211359423489472
EMP04902,Yash Sumit Rajput,36,13,IT,114125,7119,6848,3495,1867,94796,21692,10830,15595,8957,2892,59966,11851,13244,Medium,0.632579433731381,0.12501582345246634,0.13971053630954894,0.16451116080847294
EMP04903,Megha Khandelwal,44,26,Finance,130000,9500,7800,2873,2117,107710,22441,12669,0,8022,4481,47613,22843,6388,Medium,0.44204809209915513,0.21207872992294124,0.059307399498653796,0.0
EMP04904,Dev Aditya Ahuja,50,20,Finance,116195,7429,6972,3312,1643,96839,0,9280,30992,9404,5766,55442,17232,5781,Low,0.572517270934231,0.17794483627464142,0.05969702289366887,0.32003634899162525
EMP04905,Reema Narang,54,31,Product Management,220000,31000,13200,3387,1439,170974,0,22506,49196,4035,6601,82338,45717,9768,Medium,0.4815819949232047,0.2673915332155766,0.057131493677401245,0.28773965632201387
EMP04906,Vidhi Nagpal,46,24,Cyber Security,175853,18963,10551,2398,1718,142223,40594,20345,21886,14751,10164,107740,14405,3703,Low,0.7575427321881834,0.1012846023498309,0.02603657636247302,0.15388509594088157
EMP04907,Ishita Bhardwaj,47,25,Marketing,89305,3930,5358,1660,1417,76940,0,8987,14314,4002,4205,31508,11300,13752,Medium,0.40951390694047307,0.14686768910839615,0.1787366779308552,0.18604107096438782
EMP04908,Megha Pillai,34,8,Sales,52584,963,3155,1192,1048,46226,0,5692,0,5365,2396,13453,12155,3129,High,0.2910266949335872,0.2629472591182451,0.06768917924977286,0.0
EMP04909,Amit Chatterjee,44,26,Sales,85000,3500,5100,1757,1569,73074,16671,11419,5293,2221,3412,39016,21279,2578,Medium,0.5339245148753319,0.291197963708022,0.03527930590907847,0.07243342365273558
EMP04910,Aisha Lakhotia,26,2,Finance,70056,2006,4203,1955,1924,59968,0,8356,15905,1405,2603,28269,19785,1903,Medium,0.47140141408751335,0.3299259605122732,0.031733591248665954,0.26522478655282816
EMP04911,Nandini Menon,56,27,HR,69346,1935,4161,1933,1054,60263,0,9179,18038,2275,3347,32839,2116,1041,Low,0.5449280653137083,0.03511275575394521,0.01727428106798533,0.2993213082654365
EMP04912,Rishabh Mathew,29,7,Marketing,60524,1360,3631,1747,2114,51672,14947,5609,9877,7440,3690,41563,2030,1614,Low,0.804362130360737,0.03928626722402849,0.031235485369252206,0.1911480105279455
EMP04913,Kunal Chauhan,59,27,HR,70000,2000,4200,2163,1287,60350,0,9446,19611,1719,2276,33052,19022,1916,Medium,0.5476719138359569,0.3151946975973488,0.03174813587406794,0.3249544324772162
EMP04914,Ritika Chaudhary,37,15,Cyber Security,148168,12967,8890,2612,1765,121934,28495,19551,15384,8947,4986,77363,16682,5898,Medium,0.6344661866255515,0.13681171781455542,0.04837042990470254,0.1261666147259993
EMP04915,Aarav Bhardwaj,55,30,Operations,95000,4500,5700,1918,1713,81169,0,11466,21111,5150,4585,42312,14510,4106,Medium,0.5212827557318681,0.1787628281733174,0.050585814781505256,0.2600869790190836
EMP04916,Anurag Bansal,46,25,IT,143893,12112,8634,3253,1393,118501,0,22961,25577,14854,8719,72111,9643,4460,Low,0.6085265103248074,0.08137484071864372,0.03763681319144986,0.2158378410308774
EMP04917,Sakshi Amit Soni,41,19,Finance,111522,6728,6691,2770,1682,93651,23960,14259,9910,5823,5521,59473,12016,4813,Low,0.6350492787049791,0.12830615796948244,0.05139293760878154,0.10581841090858614
EMP04918,Ritika Sandhu,54,35,Operations,95000,4500,5700,1329,1505,81966,0,10826,20317,3605,2696,37444,26861,3942,Medium,0.45682356098870264,0.3277090500939414,0.048093111778054316,0.24787106849181367
EMP04919,Muskan Bajaj,46,20,Operations,84905,3490,5094,1985,1645,72691,0,10836,20164,3189,3735,37924,1389,971,Low,0.5217152054587225,0.01910828025477707,0.013357912258739045,0.27739334993327924
EMP04920,Diya Vivek Pradhan,38,15,Sales,73340,2334,4400,1632,1714,63260,0,9402,20078,6848,4738,41066,3911,2308,Low,0.6491621877963958,0.06182421751501739,0.03648435030034777,0.3173885551691432
EMP04921,Trisha Bose,48,26,IT,143310,11995,8599,3506,1934,117276,0,18169,31537,2775,6275,58756,5018,1083,Low,0.501006173471128,0.042787953204406697,0.009234626010436918,0.268912650499676
EMP04922,Aditya Arora,40,11,IT,106170,5926,6370,3782,1861,88231,0,12759,23412,1958,4265,42394,26015,4101,Medium,0.4804887171175664,0.2948510160827827,0.046480262039419254,0.2653489136471308
EMP04923,Rishabh Rajat Mehta,42,20,Data Science,147031,12740,8822,3923,866,120680,28054,15442,0,6932,7429,57857,18494,25273,High,0.47942492542260523,0.15324825986078885,0.2094216108717269,0.0
EMP04924,Prachi Kumawat,37,18,IT,130090,9514,7805,2450,1949,108372,31868,16213,18036,12441,8654,87212,2398,2765,Low,0.8047466135164064,0.022127486804709703,0.025513970398257854,0.16642675229764145
EMP04925,Rupal Tiwari,47,18,HR,62025,1435,3722,2092,1254,53522,13683,8990,3592,3729,2538,32532,9584,2360,Medium,0.6078248197003101,0.17906655207204514,0.0440940174134001,0.06711258921564964
EMP04926,Yuvraj Nair,52,36,Marketing,90000,4000,5400,2183,1247,77170,0,10373,0,7617,3826,21816,25622,7177,High,0.28270053129454453,0.33202021510949853,0.0930024620966697,0.0
EMP04927,Aman Tayal,51,25,Marketing,90000,4000,5400,1991,1147,77462,0,12243,24794,7596,4371,49004,5801,2892,Low,0.632619865224239,0.07488833234360073,0.037334434948749065,0.32007952286282304
EMP04928,Aditya Roy,48,16,Operations,79734,2973,4784,1735,1043,69199,18560,10527,4660,4136,4360,42243,12536,2183,Medium,0.610456798508649,0.18115868726426682,0.03154669865171462,0.06734201361291348
EMP04929,Dev Vaishnavi Solanki,22,1,Sales,45000,583,2700,721,1190,39806,0,6230,0,1175,1257,8662,18290,3180,High,0.21760538612269506,0.45947847058232427,0.0798874541526403,0.0
EMP04930,Jyoti Chopra,47,15,Operations,73655,2366,4419,1369,1765,63736,19074,10068,0,8377,4749,42268,3113,2129,Medium,0.6631730889920924,0.04884209865695996,0.033403414083092754,0.0
EMP04931,Rajat Mohanty,35,12,IT,108875,6331,6532,3296,1806,90910,0,14636,0,5150,3947,23733,15712,21759,High,0.26106038939610604,0.17283027169728302,0.23934660653393466,0.0
EMP04932,Rishabh Mundra,55,27,Operations,95000,4500,5700,1712,1151,81937,0,13376,21908,6241,4175,45700,13006,4931,Medium,0.5577455850226394,0.15873170850775595,0.06018038248898544,0.26737615485067795
EMP04933,Mayank Bansal,32,12,Finance,102073,5311,6124,2383,2301,85954,0,14418,28360,2007,3505,48290,1802,412,Low,0.5618121320706424,0.020964702049933684,0.00479326151197152,0.3299439234939619
EMP04934,Vivaan Menon,41,24,Finance,119322,7898,7159,3954,1696,98615,0,12856,0,2534,3041,18431,42508,8318,High,0.18689854484611876,0.43105004309689193,0.08434822288698474,0.0
EMP04935,Charu Rathore,51,25,Cyber Security,169425,17356,10166,3971,1652,136280,0,20889,30259,7391,4875,63414,24037,25488,Medium,0.4653213971235691,0.17637951276783093,0.18702670971529203,0.22203551511593778
EMP04936,Rahul Patel,30,5,IT,98667,4867,5920,2012,1789,84079,22906,9169,10563,7579,4460,54677,11930,3286,Medium,0.6503050702315679,0.14189036501385602,0.039082291654277526,0.12563184623984586
EMP04937,Trisha Gill,46,23,Cyber Security,162002,15734,9720,2413,1810,132325,0,18848,37066,14628,11428,81970,8319,4259,Low,0.6194596637067825,0.06286793878707728,0.03218590591347062,0.28011335726431136
EMP04938,Preeti Fernandes,52,25,Operations,95000,4500,5700,1605,1436,81759,17290,8752,12825,4200,2780,45847,18763,4102,Medium,0.560757837057694,0.22949155444660527,0.05017184652454164,0.15686346457270758
EMP04939,Ayush Naidu,37,8,Customer Support,43088,488,2585,1124,1285,37606,0,4680,0,1099,1442,7221,15620,3308,High,0.1920172312928788,0.4153592511833218,0.08796468648619901,0.0
EMP04940,Rishabh Roy,41,28,Data Science,170000,17500,10200,2799,1835,137666,28959,18811,0,4501,3194,55465,41102,9286,High,0.40289541353711156,0.2985631891679863,0.06745311115308064,0.0
EMP04941,Mayank George,49,27,Operations,95000,4500,5700,1372,1509,81919,0,12693,17214,5734,5130,40771,19714,4860,Medium,0.49769894652034324,0.24065235171327776,0.059326896080274416,0.21013440105470038
EMP04942,Arjun Ahuja,47,20,IT,128792,9319,7728,3828,1749,106168,0,15880,20027,5466,3136,44509,15982,24000,High,0.4192317835882752,0.1505350011302841,0.22605681561299074,0.1886349935950569
EMP04943,Rashmi Kulkarni,24,1,Operations,56474,1157,3388,1090,2168,48671,15499,5388,3398,7150,3846,35281,3338,1731,Low,0.7248875100162314,0.06858293439625239,0.0355653263750488,0.06981570134166136
EMP04944,Rahul Parmar,36,8,Cyber Security,122525,8379,7352,2554,2206,102034,9581,16402,0,5559,6741,38283,24545,8227,Medium,0.37519846325734557,0.2405570692122234,0.08062998608307034,0.0
EMP04945,Aisha Roy,47,27,Marketing,90000,4000,5400,1236,2089,77275,0,10378,24708,1749,2811,39646,26029,2602,Medium,0.5130507926237463,0.3368359754124879,0.03367195082497573,0.3197411840828211
EMP04946,Prachi Muskan Nair,22,1,Sales,45539,610,2732,909,2412,38876,0,4918,6819,1944,1470,15151,1264,82,Low,0.3897263092910793,0.03251363308982406,0.002109270501080358,0.1754038481325239
EMP04947,Rahul Diya Gill,27,3,IT,85036,3504,5102,1945,2190,72295,17525,10256,0,3595,3151,34527,25902,1983,High,0.47758489522096964,0.3582820388685248,0.027429282799640364,0.0
EMP04948,Pallavi Saurabh Joshi,52,37,Operations,95000,4500,5700,1901,1754,81145,0,13152,17489,3427,5067,39135,3025,19,Low,0.48228479881693265,0.037278945098280857,0.00023414874607184669,0.21552775895002774
EMP04949,Prateek Mehta,52,25,Data Science,160616,15457,9637,2638,1813,131071,0,20844,41867,5838,5345,73894,37961,3643,Medium,0.5637707807218988,0.28962165543865537,0.02779409632947029,0.31942229783857606
EMP04950,Rohan Verma,35,6,Customer Support,43456,506,2607,911,1001,38431,0,3815,7747,6742,3566,21870,1681,2409,Low,0.5690718430433764,0.04374073013973095,0.0626837709141058,0.20158205615258515
EMP04951,Avantika Varun Saini,27,3,Cyber Security,107184,6078,6431,2741,1690,90244,24494,11033,10262,9456,5985,61230,11088,3134,Low,0.6784938610877177,0.12286689419795221,0.03472807056424804,0.11371393112007447
EMP04952,Yuvraj Gupta,57,33,Product Management,220000,31000,13200,2740,1280,171780,0,24480,0,9128,7971,41579,62884,11788,Medium,0.24204796833158693,0.36607288392129467,0.06862265688671557,0.0
EMP04953,Aditi Bhardwaj,43,28,Sales,85000,3500,5100,2185,1110,73105,0,11664,18857,8489,6012,45022,3106,4307,Low,0.6158539087613706,0.04248683400588195,0.05891525887422201,0.25794405307434515
EMP04954,Vidhi Saini,60,29,Sales,85000,3500,5100,2097,2053,72250,14365,9700,3771,2583,2137,32556,27778,2469,Medium,0.4506020761245675,0.3844705882352941,0.034173010380622836,0.052193771626297576
EMP04955,Monika Jadhav,22,2,Sales,49123,789,2947,935,1926,42526,12176,4259,1508,5508,3746,27197,2521,2110,Low,0.639538164887363,0.05928138080233269,0.04961670507454263,0.035460659361331894
EMP04956,Aditi Shivam Singh,23,3,Marketing,54746,1071,3285,871,2085,47434,11555,5013,1779,2605,1100,22052,15007,1936,Medium,0.46489859594383776,0.3163764388413374,0.04081460555719526,0.03750474343298056
EMP04957,Tushar Goel,55,33,Data Science,170000,17500,10200,2986,1539,137775,0,21674,26150,6440,5072,59336,37034,6918,Medium,0.4306731990564326,0.26880058065686807,0.05021230266739249,0.18980221375430956
EMP04958,Rajat Tayal,28,3,Sales,50684,868,3041,1085,1420,44270,0,6205,6809,6361,2606,21981,2255,3700,Medium,0.49652134628416533,0.05093742941043596,0.08357804382200136,0.15380618929297493
EMP04959,Divya Roy,40,12,Operations,73604,2360,4416,2032,2044,62752,15241,10244,8020,4151,2951,40607,10811,2673,Medium,0.6471028811830699,0.17228136155022947,0.04259625191228965,0.12780469148393678
EMP04960,Vikram Chatterjee,36,16,Operations,76430,2643,4586,1696,2165,65340,0,9627,12448,1729,2768,26572,884,1616,Medium,0.4066727884909703,0.013529231711049894,0.02473217018671564,0.19051117232935413
EMP04961,Gaurav Bedi,38,9,Operations,64999,1583,3900,1868,1181,56467,13903,8354,0,2248,1669,26174,15461,3626,Medium,0.4635273699683001,0.2738059397524218,0.06421449696282784,0.0
EMP04962,Sonia Behera,26,4,Marketing,55412,1104,3325,889,1844,48250,10855,7050,4294,2633,2255,27087,9933,1739,Medium,0.5613886010362694,0.20586528497409326,0.03604145077720207,0.08899481865284974
EMP04963,Yuvraj Sharma,59,23,Finance,129028,9354,7742,2895,1021,108016,0,12365,29138,9635,7547,58685,23362,4230,Medium,0.5432991408680196,0.21628277292253,0.039160865057028586,0.2697563323952007
EMP04964,Nandini Behera,56,36,IT,150000,13333,9000,2520,2106,123041,0,14599,34294,8233,3576,60702,39177,5492,Medium,0.4933477458733268,0.318406059768695,0.044635527994733463,0.27872010142960474
EMP04965,Aisha Ghosh,41,16,IT,121132,8170,7268,2691,1373,101630,22197,13972,17156,6497,4023,63845,11602,11785,Medium,0.6282101741611729,0.1141592049591656,0.11595985437370855,0.16880842270982976
EMP04966,Reema George,39,9,Operations,62625,1465,3758,2000,2339,53063,12999,5811,3541,5473,2369,30193,9630,2202,Medium,0.5690028833650567,0.18148238885852666,0.04149784218758834,0.06673199781391931
EMP04967,Nandini Banerjee,38,17,IT,117103,7565,7026,2236,1420,98856,26844,16299,4001,4727,5292,57163,3656,1823,Medium,0.5782451242210893,0.03698308650967063,0.01844096463542931,0.04047301124868496
EMP04968,Krishna Vidhi Nagpal,30,5,Operations,57308,1199,3438,1092,1963,49616,0,6825,0,1746,3073,11644,1479,86,Medium,0.23468236052886166,0.029808932602386328,0.0017333118348919704,0.0
EMP04969,Bhavna Tiwari,25,0,IT,80000,3000,4800,2008,1957,68235,15793,8501,0,5024,4085,33403,2485,270,Medium,0.4895288341760094,0.03641826042353631,0.003956913607386239,0.0
EMP04970,Lakshay Bajaj,27,6,Customer Support,42425,455,2546,946,2029,36449,8695,4673,0,2030,1542,16940,1913,781,Medium,0.4647589782984444,0.05248429312189635,0.021427199648824384,0.0
EMP04971,Vivek Mukherjee,32,10,Data Science,118941,7841,7136,3424,1442,99098,25978,14770,0,6251,6375,53374,12691,14652,Medium,0.5385981553613595,0.12806514763163737,0.14785363983127814,0.0
EMP04972,Namrata Dubey,48,27,Sales,85000,3500,5100,1940,1362,73098,0,11120,23495,2945,4419,41979,721,521,Low,0.5742838381351063,0.009863470956797724,0.007127417986812224,0.3214178226490465
EMP04973,Palak Dubey,27,2,Sales,48597,763,2916,1019,2035,41864,0,6208,11999,6200,3858,28265,3378,1907,Low,0.6751624307280718,0.08068985285686986,0.0455522644754443,0.28661857443149247
EMP04974,Aakash Naidu,39,8,Customer Support,43287,498,2597,914,1214,38064,6473,4688,0,1515,1230,13906,14757,1917,High,0.36533207229928544,0.3876891551071879,0.050362547288776795,0.0
EMP04975,Shreya Singh,52,35,Sales,85000,3500,5100,2000,1238,73162,0,7818,24054,7386,3045,42303,15248,2830,Medium,0.578209999726634,0.208414204095022,0.03868128263306088,0.32877723408326726
EMP04976,Komal Jain,39,9,Marketing,68979,1898,4139,1238,1353,60351,0,9819,12698,6485,5227,34229,3002,2533,Low,0.5671654156517705,0.04974234064058591,0.041971135523852135,0.21040247883216517
EMP04977,Kunal Aman Pillai,42,16,Marketing,79107,2911,4746,1563,1490,68397,15048,9725,6746,4267,3829,39615,13360,2728,Medium,0.5791920698276241,0.19533020454113484,0.03988479026857903,0.0986300568738395
EMP04978,Sneha Das,28,7,Cyber Security,117180,7577,7031,3556,1109,97907,22983,13665,0,4553,6098,47299,19241,6045,Medium,0.4831013104272422,0.19652323122963627,0.061742265619414344,0.0
EMP04979,Ravi Bose,26,6,Operations,61185,1393,3671,2126,2116,51879,11672,7681,0,3719,2684,25756,11955,3179,Medium,0.49646292334085085,0.23044006245301568,0.06127720272171784,0.0
EMP04980,Rashmi Chatterjee,41,21,IT,137160,10765,8230,2972,1495,113698,23806,15134,13640,7601,4597,64778,23990,4102,Medium,0.5697373744480994,0.21099755492620803,0.03607803127583599,0.11996692993720207
EMP04981,Rajat Jindal,53,37,Customer Support,60000,1333,3600,2095,1834,51138,14361,8449,7567,3214,2151,35742,5003,5300,Low,0.69893230083304,0.09783331377840354,0.10364112792835074,0.14797215377996792
EMP04982,Atharv Gupta,43,24,Data Science,165181,16370,9911,2667,1250,134983,32015,21883,0,9785,8011,71694,24759,8849,Medium,0.5311335501507597,0.18342309772341703,0.06555640339894653,0.0
EMP04983,Mohit Daga,39,12,Marketing,68748,1875,4125,1466,1713,59569,4692,9409,0,1366,1427,16894,28545,3327,Medium,0.28360388792828484,0.4791921972838221,0.05585119777065252,0.0
EMP04984,Shreya Chatterjee,26,2,Customer Support,38031,235,2282,1135,1652,32727,10344,5528,0,5673,3065,24610,1575,1306,Low,0.7519784887096281,0.04812540104500871,0.039905888104623095,0.0
EMP04985,Aman Srivastava,31,12,Data Science,132013,9802,7921,2474,1147,110669,24781,13132,8018,8380,4119,58430,11551,19500,Medium,0.5279707957964742,0.10437430536103154,0.17620110419358628,0.0724502796627782
EMP04986,Shruti Chopra,23,0,IT,80000,3000,4800,1378,1580,69242,0,10598,0,7478,4425,22501,16725,7163,High,0.32496172843072124,0.2415441495046359,0.10344877386557291,0.0
EMP04987,Parth Mathew,36,18,Finance,116068,7410,6964,3041,1993,96660,20689,12614,10896,3601,5263,53063,9319,16008,Medium,0.5489654458928201,0.09641009724808608,0.16561142147734326,0.11272501551831161
EMP04988,Sonia Vaishnavi Dubey,37,9,Product Management,151641,13662,9098,3536,1865,123480,43378,19840,0,17299,9370,89887,3384,4070,Low,0.7279478458049886,0.02740524781341108,0.03296080336896663,0.0
EMP04989,Anurag Wadhwa,22,3,Sales,50618,864,3037,868,1014,44835,3052,3952,0,2851,1738,11593,20848,2964,Medium,0.25857031337125014,0.46499386639901863,0.06610906657745065,0.0
EMP04990,Rajat Mehta,41,15,Operations,73556,2356,4413,1673,1788,63326,0,10031,13941,3011,5294,32277,321,15,Low,0.5096958595205761,0.005069007990398888,0.0002368695322616303,0.2201465432839592
EMP04991,Prachi Tayal,26,7,Operations,66914,1691,4015,1351,1877,57980,4926,8746,2436,3310,2354,21772,9854,11628,High,0.3755087961365988,0.16995515695067265,0.20055191445325973,0.04201448775439807
EMP04992,Sonia Gill,49,18,Operations,80276,3028,4817,1839,1263,69329,0,8880,18867,1477,2296,31520,21595,3751,Medium,0.4546437998528754,0.31148581401722225,0.05410434305990278,0.27213720088274745
EMP04993,Payal Dev Pillai,34,8,Finance,86480,3648,5189,2080,2104,73459,16937,12646,0,5105,4956,39644,13593,4678,Medium,0.5396751929647831,0.18504199621557604,0.06368178167413115,0.0
EMP04994,Amit Bhatia,47,20,Cyber Security,152094,13752,9126,2888,2187,124141,0,16766,42767,6057,4581,70171,17914,18887,Medium,0.5652524145930836,0.14430365471520287,0.1521415165013976,0.34450342755415214
EMP04995,Nikita Nair,23,3,Cyber Security,101894,5284,6114,2979,2432,85085,0,8712,0,9363,4408,22483,22656,7976,High,0.26424164071222894,0.26627490156901923,0.09374155256508197,0.0
EMP04996,Abhishek Pradhan,58,30,Finance,128212,9232,7693,3069,2327,105891,0,15408,28585,19451,8689,72133,7249,4567,Low,0.6812004797385991,0.06845718710749733,0.04312925555524077,0.269947398740214
EMP04997,Anjali Mishra,47,22,Customer Support,53775,1022,3226,854,1773,46900,11155,7319,6549,2580,2531,30134,8308,1414,Medium,0.6425159914712153,0.17714285714285713,0.030149253731343282,0.13963752665245202
EMP04998,Charu Arora,50,27,Marketing,90000,4000,5400,1488,1306,77806,0,14748,0,5934,4517,25199,23953,5218,High,0.3238696244505565,0.307855435313472,0.06706423669125774,0.0
EMP04999,Anurag Ahuja,45,28,Sales,85000,3500,5100,2103,1837,72460,20996,12894,27057,3473,4446,68866,149,124,Low,0.9504002208114822,0.002056306927960254,0.0017112889870273254,0.37340601711288984
EMP05000,Trisha Chauhan,57,28,Marketing,90000,4000,5400,1840,1771,76989,21060,9664,0,9402,6446,46572,7102,4258,Medium,0.6049175856291158,0.09224694436867605,0.05530660224187871,0.0
EMP05001,Sumit Chauhan,32,10,Operations,67525,1752,4052,1848,1053,58820,0,4707,6509,3512,1559,16287,26863,3342,Medium,0.2768956137368242,0.45669840190411426,0.056817409044542674,0.1106596395783747
EMP05002,Siddharth Swain,37,14,IT,115571,7336,6934,3907,1726,95668,9838,13314,6702,4837,3075,37766,13649,20722,Medium,0.39476104862649997,0.1426704854287745,0.21660325291633567,0.07005477275578041
EMP05003,Tarun Malhotra,38,16,Operations,82102,3210,4926,1336,2282,70348,0,12436,23423,10071,5911,51841,2222,2461,Low,0.7369221584124638,0.03158583044294081,0.03498322624665946,0.3329590038096321
EMP05004,Ayaan Chauhan,37,12,Operations,72337,2234,4340,1557,2286,61920,14337,9604,8140,4634,3186,39901,8198,3333,Low,0.6443959948320414,0.13239664082687339,0.05382751937984496,0.13145994832041344
EMP05005,Megha Solanki,60,26,Finance,130000,9500,7800,3903,2096,106701,0,16471,31506,18754,9648,76379,5127,2956,Low,0.7158227195621409,0.048050158855118506,0.027703582909251085,0.29527370877498804
EMP05006,Vikram Shinde,53,28,IT,150000,13333,9000,3313,1839,122515,27046,17570,21745,8031,6497,80889,15982,4078,Medium,0.6602375219360894,0.13044933273476716,0.03328572011590417,0.17748847079949395
EMP05007,Aisha Narang,24,2,Data Science,98034,4803,5882,1347,1140,84862,16861,9511,0,5845,2951,35168,26577,4396,Medium,0.41441398977162924,0.31317904362376564,0.051801748721453655,0.0
EMP05008,Sumit Rakesh Patel,52,24,HR,70000,2000,4200,1414,2150,60236,15665,10613,2465,1494,5040,35277,3,212,Medium,0.5856464572680788,4.980410385815791e-05,0.0035194900059764924,0.040922372003453084
EMP05009,Prachi Agarwal,31,9,Operations,67374,1737,4042,1291,1756,58548,0,6757,0,4912,2729,14398,16192,6851,High,0.24591787934686068,0.2765594042495047,0.11701509872241579,0.0
EMP05010,Riya Ananya Maheshwari,27,5,Sales,53558,1011,3213,1046,2065,46223,5083,6774,2810,7372,2762,24801,2498,2765,Medium,0.5365510676503039,0.0540423598641369,0.05981870497371439,0.06079224628431733
EMP05011,Karan Bagri,27,7,Cyber Security,117944,7692,7077,3188,1554,98433,24071,13576,3203,10041,5094,55985,16983,5427,Medium,0.5687625085083254,0.17253360153607022,0.05513394898052482,0.03253990023670923
EMP05012,Rajat Bansal,44,20,Data Science,150107,13355,9006,3893,1822,122031,28744,19691,7521,3823,4471,64250,34768,4162,Medium,0.5265055600626071,0.2849112110857077,0.03410608779736297,0.06163188042382673
EMP05013,Payal Vaishnavi Roy,51,22,Operations,91857,4186,5511,1631,1746,78783,0,11561,27155,2017,2708,43441,18124,3406,Low,0.5514006828884404,0.230049629996319,0.04323267710038968,0.34468095909015906
EMP05014,Mohit Preeti Fernandes,28,4,Finance,73071,2307,4384,1764,1932,62684,0,5888,11487,2979,2263,22617,23310,3008,Medium,0.3608097760193989,0.3718652287665114,0.04798672707548976,0.18325250462637993
EMP05015,Garima Kohli,35,6,Finance,86908,3691,5214,2196,1807,74000,17706,11373,5009,3942,3064,41094,16440,3535,Medium,0.5553243243243243,0.22216216216216217,0.04777027027027027,0.06768918918918919
EMP05016,Rashmi Rawat,40,18,Sales,71882,2188,4313,1654,2015,61712,15152,11439,0,3695,3281,33567,13457,2473,Medium,0.5439298677728804,0.218061317085818,0.04007324345346124,0.0
EMP05017,Ashish Ahuja,52,30,Sales,85000,3500,5100,1350,1866,73184,0,11140,15850,4390,3267,34647,13576,5302,Medium,0.47342315260166157,0.1855050284215129,0.07244752951464802,0.21657739396589418
EMP05018,Rajat Das,37,15,Operations,76905,2690,4614,1311,1567,66723,14795,10725,5449,4558,4086,39613,12221,3675,Medium,0.5936933291368793,0.18316022960598294,0.05507845870239648,0.08166599223656011
EMP05019,Ayush Vikram Seth,22,2,IT,83041,3304,4982,1443,1429,71883,0,7440,0,7418,2657,17515,15373,21673,High,0.2436598361225881,0.21386141368612885,0.30150383261689134,0.0
EMP05020,Krishna Gupta,51,27,IT,144167,12167,8650,2440,1277,119633,0,23257,23836,14869,8308,70270,7543,4961,Low,0.5873797363603688,0.06305116481238454,0.041468491135389064,0.19924268387485058
EMP05021,Vidhi Sandhu,27,4,Finance,76441,2644,4586,1812,1970,65429,0,8388,0,4934,3305,16627,30219,3293,Medium,0.2541227895887145,0.46185942013480263,0.050329364654816675,0.0
EMP05022,Mayank Saurabh Solanki,43,26,IT,147587,12851,8855,2698,1727,121456,0,17176,0,7188,4923,29287,24066,33139,High,0.24113259122645236,0.1981458305888552,0.2728477802661046,0.0
EMP05023,Ananya Patel,40,12,Finance,101655,5248,6099,3974,1100,85234,20727,14640,4998,3635,5921,49921,1713,1667,Medium,0.585693502592862,0.020097613628364267,0.01955792289461952,0.058638571462092594
EMP05024,Priya Abhishek Pillai,38,14,Data Science,125640,8846,7538,3043,2152,104061,0,16642,24828,2343,5564,49377,29009,3949,Medium,0.47450053334102116,0.27876918345970153,0.03794889535945263,0.23859082653443653
EMP05025,Saloni Nair,25,0,IT,80000,3000,4800,1395,2547,68258,0,8046,0,9785,5843,23674,7399,4775,Medium,0.34683114067215565,0.10839755047027455,0.06995517008995282,0.0
EMP05026,Preeti Tomar,45,24,Marketing,87163,3716,5230,1745,1874,74598,0,10696,0,8130,6119,24945,10715,4408,Medium,0.33439234295825626,0.14363655862087454,0.05909005603367382,0.0
EMP05027,Saurabh Mishra,48,16,Operations,75503,2550,4530,1314,1723,65386,7079,9076,0,4214,3532,23901,17333,4890,High,0.36553696509956257,0.26508732756247516,0.07478665157679014,0.0
EMP05028,Nisha Sahu,41,27,Customer Support,60000,1333,3600,1693,1892,51482,13662,5890,8013,5530,3521,36616,5468,2276,Low,0.7112388796084068,0.10621187988034653,0.044209626665630705,0.1556466337749116
EMP05029,Muskan Behera,48,22,Finance,121439,8216,7286,3961,1084,100892,8224,16176,17508,6100,5751,53759,12996,16474,Medium,0.5328370931292867,0.1288110058280141,0.16328351108115607,0.17353209372398207
EMP05030,Rupal Roy,26,6,IT,98460,4846,5908,2046,1577,84083,19267,14004,0,5625,5145,44041,16865,4523,Medium,0.5237800744502455,0.20057562170712273,0.05379208639082811,0.0
EMP05031,Khushi Kumawat,42,28,Customer Support,60000,1333,3600,1882,2128,51057,12533,8227,7337,1231,2262,31590,1781,72,Low,0.6187202538339502,0.03488258221203753,0.0014101886127269522,0.14370213682746735
EMP05032,Rakesh George,52,33,Sales,85000,3500,5100,1902,1743,72755,0,13338,5578,10863,6243,36022,7168,5007,Medium,0.4951137378874304,0.09852243832039036,0.06882001237028383,0.07666827022197788
EMP05033,Krishna Ghosh,51,33,Sales,85000,3500,5100,1847,1090,73463,0,8577,14262,11173,5688,39700,7593,4036,Medium,0.5404080965928426,0.10335815308386535,0.054939221104501584,0.1941385459346882
EMP05034,Sneha Swati Shetty,25,3,Sales,51425,905,3086,975,2120,44339,0,5305,4934,9692,3383,23314,4472,1804,Medium,0.5258124901328401,0.10085928866235143,0.040686528789553214,0.11127900944991993
EMP05035,Aisha Narang,51,35,Finance,130000,9500,7800,3407,2324,106969,0,15728,34395,8145,5908,64176,17920,4682,Medium,0.5999495180846788,0.16752517084388935,0.043769690284101,0.32154175508792265
EMP05036,Megha Ghosh,23,3,IT,87008,3701,5220,1617,1924,74546,15349,9463,0,5918,3994,34724,15570,4591,Medium,0.46580634775843105,0.208864325382985,0.0615861347355995,0.0
EMP05037,Rohit Khanna,45,21,Sales,82588,3259,4955,2108,1892,70374,24048,11499,6676,9910,5184,57317,1760,2060,Low,0.8144627277119391,0.025009236365703243,0.029272174382584476,0.09486458066899707
EMP05038,Hemant Iyer,52,24,Product Management,197836,24459,11870,2660,1091,157756,48229,27097,0,7006,7074,89406,5576,194,Medium,0.5667359720074039,0.03534572377595781,0.0012297472045437257,0.0
EMP05039,Rohan Gill,28,3,Data Science,99117,4912,5947,1634,1726,84898,16999,10811,0,1648,2955,32413,36532,3758,Medium,0.3817875568329054,0.43030460081509575,0.044264882564960306,0.0
EMP05040,Aakash Joshi,48,15,IT,117468,7620,7048,2580,1897,98323,0,12354,0,15697,6794,34845,11678,5596,Medium,0.3543931735199292,0.1187718031386349,0.05691445541734894,0.0
EMP05041,Karan Mohanty,51,27,Data Science,170000,17500,10200,2573,1849,137878,29253,18782,0,6594,5794,60423,38883,9032,Medium,0.4382352514541841,0.2820101829153309,0.06550718751359898,0.0
EMP05042,Manish Pillai,35,7,IT,93843,4384,5631,1314,993,81521,18568,11159,0,4785,4570,39082,10220,16784,Medium,0.4794102133192674,0.1253664699893279,0.20588560002944026,0.0
EMP05043,Abhishek Shivam Somani,22,3,IT,84171,3417,5050,1856,1117,72731,0,9941,8795,7029,5047,30812,20311,4218,Medium,0.42364328828147557,0.2792619378256864,0.05799452778045125,0.12092505259105471
EMP05044,Diya Khandelwal,46,17,IT,119849,7977,7191,3306,1341,100034,0,13666,34255,3329,2331,53581,31811,3319,Medium,0.5356278865185837,0.31800187936101726,0.033178719235459946,0.342433572585321
EMP05045,Pallavi Bohra,49,16,Marketing,76249,2625,4575,1459,1959,65631,22483,10271,2360,7526,4640,47280,4186,2820,Low,0.720391278511679,0.06378083527601286,0.04296750011427527,0.035958617116911215
EMP05046,Payal Goel,32,5,Cyber Security,109408,6411,6564,2576,1686,92171,22003,12615,0,6156,5455,46229,14953,14734,High,0.5015568888262034,0.16223107051024727,0.15985505202287054,0.0
EMP05047,Vivek Parth Tomar,52,35,Operations,95000,4500,5700,1284,1306,82210,9562,11385,0,3039,4212,28198,27157,4432,Medium,0.3429996350808904,0.33033694197786156,0.053910716457851844,0.0
EMP05048,Shreya Roy,25,2,Customer Support,36533,160,2192,702,1115,32364,0,4364,0,2195,2395,8954,854,774,Medium,0.2766654307254975,0.02638734396242739,0.023915461624026697,0.0
EMP05049,Tanvi Yadav,46,18,Marketing,81946,3195,4917,2087,1147,70600,0,9692,15348,4140,4491,33671,17380,3554,Medium,0.47692634560906516,0.24617563739376772,0.0503399433427762,0.21739376770538243
EMP05050,Nandini Pillai,47,15,Operations,78829,2883,4730,1534,1898,67784,15959,9855,0,1597,1692,29103,25916,2050,High,0.42934910893426176,0.3823321137731618,0.03024312522129116,0.0
EMP05051,Ishaan Saxena,56,26,IT,146672,12668,8800,3949,1631,119624,29247,20172,0,7109,6137,62665,24878,7096,Medium,0.5238497291513409,0.20796830067544975,0.05931920016050291,0.0
EMP05052,Namrata Bose,43,27,Operations,95000,4500,5700,2121,1845,80834,0,11718,18551,11309,7236,48814,5540,4374,Low,0.6038795556325308,0.06853551723284756,0.0541108939307717,0.22949501447410742
EMP05053,Reema George,23,1,Finance,70000,2000,4200,2014,1857,59929,0,8005,16234,5294,4108,33641,10927,3716,Low,0.5613475946536736,0.18233242670493416,0.06200670793772631,0.2708872165395718
EMP05054,Nikita Pillai,39,14,Sales,64096,1538,3846,1584,2085,55043,4174,10320,0,4674,2591,21759,15777,3654,High,0.39530912195919554,0.286630452555275,0.0663844630561561,0.0
EMP05055,Siddharth Shetty,25,1,Data Science,94148,4415,5649,1865,1656,80563,0,11551,0,7664,5293,24508,24483,7280,High,0.3042091282598712,0.3038988121097774,0.09036406290728995,0.0
EMP05056,Shruti Sonali Mohanty,47,27,IT,150000,13333,9000,2908,1733,123026,24819,20370,4488,3217,4932,57826,38515,4172,High,0.4700307252125567,0.3130639051907727,0.03391153089590818,0.03648009363874303
EMP05057,Krishna Pooja Tiwari,47,15,IT,117526,7629,7052,2649,1939,98257,0,15562,29125,6566,4393,55646,9443,15567,Medium,0.5663311519789939,0.09610511210397224,0.15843146035396968,0.2964165402973834
EMP05058,Neha Seth,60,31,IT,150000,13333,9000,2797,1912,122958,28939,20471,6333,6419,6537,68699,22177,7822,Medium,0.5587192374631988,0.18036240016916347,0.06361521820459018,0.05150539208510223
EMP05059,Gaurav Srivastava,55,33,Marketing,90000,4000,5400,2129,1353,77118,0,12758,23246,11169,5952,53125,3353,2184,Low,0.6888793796519619,0.043478824658315825,0.028320236520656655,0.3014341658238025
EMP05060,Vihaan Pawar,58,36,Operations,95000,4500,5700,2157,1820,80823,0,12467,17688,3864,3373,37392,19647,4030,Medium,0.46264058498199767,0.24308674510968412,0.04986204422008587,0.2188485950781337
EMP05061,Trisha Rohan Saini,36,18,Cyber Security,150641,13462,9038,3050,1775,123316,0,17913,29368,20631,9243,77155,6960,6438,Low,0.6256690129423594,0.056440364591780465,0.05220733724739693,0.2381523889843978
EMP05062,Sakshi Iyer,28,2,Operations,56502,1158,3390,945,1651,49358,15290,6450,0,7921,3185,32846,2252,1624,Medium,0.6654645650147899,0.04562583573078326,0.03290246768507638,0.0
EMP05063,Priya Kohli,58,28,Operations,95000,4500,5700,1921,1604,81275,13713,11747,0,2481,2126,30067,26665,5423,High,0.36994155644417104,0.3280836665641341,0.06672408489695478,0.0
EMP05064,Reema Vivek Trivedi,43,28,Finance,130000,9500,7800,2335,1261,109104,29940,19273,0,6791,6831,62835,18006,6383,Medium,0.5759183897932248,0.16503519577650683,0.058503812875788236,0.0
EMP05065,Saurabh Pillai,51,34,Customer Support,60000,1333,3600,1663,1400,52004,0,7730,16825,1798,1768,28121,14525,2009,Medium,0.540746865625721,0.27930543804322744,0.038631643719713865,0.32353280516883315
EMP05066,Vikram Aisha Solanki,46,17,Marketing,78479,2848,4709,1297,2165,67460,0,9947,12897,4798,4150,31792,13554,4549,Medium,0.4712718648087756,0.20091906314853247,0.06743255262377705,0.19117995849392233
EMP05067,Manish Jindal,39,18,Data Science,150180,13369,9011,3041,1539,123220,0,13863,41788,9687,5230,70568,10998,24326,Medium,0.5726992371368285,0.08925499107287778,0.19741925012173347,0.3391332575880539
EMP05068,Nikita Gupta,28,7,IT,98939,4894,5936,1828,2141,84140,0,11470,24073,9729,4147,49419,14899,3297,Low,0.587342524364155,0.17707392441169478,0.0391846921797005,0.28610648918469217
EMP05069,Shubham Malhotra,51,33,Finance,130000,9500,7800,2903,1309,108488,38238,17017,7156,16346,11376,90133,4070,1550,Low,0.8308107809158617,0.03751566993584544,0.014287294447312145,0.06596121229997788
EMP05070,Aisha Ahuja,27,3,Marketing,53736,1020,3224,774,1088,47630,5626,5231,2666,4432,2056,20011,12729,2724,Medium,0.42013436909510815,0.2672475330673945,0.05719084610539576,0.055973126180978376
EMP05071,Ananya Pradhan,48,22,Sales,79272,2927,4756,1425,1245,68919,21963,11726,0,13136,4445,51270,3687,1817,Low,0.7439167718626213,0.05349758412048927,0.026364282708687008,0.0
EMP05072,Diya Mukherjee,59,31,HR,70000,2000,4200,2164,1749,59887,0,9239,0,8222,4582,22043,4411,4204,Medium,0.36807654415816454,0.07365538430711173,0.07019887454706364,0.0
EMP05073,Siddharth Kumawat,57,25,Data Science,156670,14667,9400,2280,1584,128739,30888,16422,19785,7079,4322,78496,16300,15107,Medium,0.6097297633195846,0.12661275914835443,0.11734594800332455,0.15368303311350873
EMP05074,Jyoti Mehta,44,26,Sales,82087,3209,4925,1984,2268,69701,18126,11236,9102,4136,4163,46763,8311,3092,Medium,0.670908595285577,0.11923788754824177,0.04436091304285448,0.13058636174516866
EMP05075,Bhavna Banerjee,33,7,Data Science,110372,6556,6622,3302,1435,92457,5779,9893,0,5987,6149,27808,954,765,Medium,0.3007668429648377,0.010318310133359291,0.008274116616373017,0.0
EMP05076,Parth Daga,55,34,Finance,130000,9500,7800,3246,1607,107847,11949,14367,0,3023,2863,32202,44945,6918,Medium,0.29858966869732123,0.4167478001242501,0.06414642966424657,0.0
EMP05077,Ankit Ghosh,48,26,Sales,85000,3500,5100,2003,886,73511,0,12292,24322,11976,7414,56004,3041,2094,Low,0.7618451660295738,0.04136795853681762,0.028485532777407462,0.33086204785678336
EMP05078,Rohit Purohit,33,7,Sales,60126,1340,3608,1722,1935,51521,12080,8192,2062,3713,2564,28611,9460,2063,Medium,0.5553269540575687,0.18361444847731992,0.040041924652083616,0.0400225150909338
EMP05079,Vidhi Goel,28,7,Cyber Security,116690,7504,7001,3989,1092,97104,0,9927,21166,8016,4779,43888,15354,16447,Medium,0.45196902290327895,0.15811913000494315,0.1693751029823694,0.2179724831108914
EMP05080,Deepak Maheshwari,56,32,Sales,85000,3500,5100,1989,1185,73226,22612,11957,0,8192,6165,48926,5224,3500,Low,0.6681506568705105,0.07134078059705569,0.047797230491901786,0.0
EMP05081,Nikhil Seth,46,23,Finance,120625,8094,7238,2714,1619,100960,25561,13883,5256,6192,4504,55396,17338,6122,Medium,0.5486925515055467,0.17173137876386688,0.0606378763866878,0.052060221870047545
EMP05082,Namrata Mathew,27,7,Marketing,57479,1207,3449,1109,2215,49499,13308,6883,0,5274,2077,27542,7902,3085,Medium,0.5564152811167903,0.15963958867855915,0.06232449140386674,0.0
EMP05083,Shreya Deshmukh,60,27,Operations,95000,4500,5700,1532,1481,81787,0,11740,19884,13185,6371,51180,4946,3226,Low,0.6257718219276902,0.06047415848484478,0.03944392140560236,0.24311932214166065
EMP05084,Swati Nandini Behera,44,18,HR,64953,1581,3897,1833,1742,55900,15693,9713,6101,3747,3602,38856,7194,2455,Medium,0.6950983899821109,0.12869409660107334,0.043917710196779966,0.10914132379248659
EMP05085,Rahul Solanki,59,34,IT,150000,13333,9000,3872,1661,122134,27481,16723,0,9130,7272,60606,25981,5868,Medium,0.4962254572846218,0.21272536721961124,0.04804558927080092,0.0
EMP05086,Tarun More,30,5,Sales,55349,1101,3321,859,1083,48985,0,5754,0,7203,4192,17149,3670,4279,Medium,0.35008676125344496,0.0749208941512708,0.08735327140961519,0.0
EMP05087,Vidhi Arora,52,23,Data Science,165472,16428,9928,2673,1435,135008,0,17358,24563,7150,5669,54740,44604,7742,Medium,0.4054574543730742,0.33038042190092437,0.057344749940744254,0.18193736667456745
EMP05088,Preeti Kohli,43,21,Marketing,79343,2934,4761,1834,1341,68473,16605,13227,0,4516,4994,39342,12021,4230,Medium,0.574562236209893,0.1755582492369255,0.06177617455055277,0.0
EMP05089,Ayush Dubey,53,28,Customer Support,60000,1333,3600,1912,1827,51328,0,6039,11253,2621,2635,22548,1638,1271,Low,0.4392923940149626,0.031912406483790526,0.024762312967581048,0.21923706359102244
EMP05090,Karan Nagpal,54,25,Sales,85000,3500,5100,2147,998,73255,0,11163,15345,3825,3824,34157,18037,4986,Medium,0.466275339567265,0.24622210088048596,0.06806361340522832,0.20947375605760699
EMP05091,Hemant Saloni Ahuja,23,0,Sales,45446,606,2727,1012,1719,39382,0,4575,2027,3994,2506,13102,9955,3598,High,0.3326900614493931,0.2527804580772942,0.09136153572698187,0.05147021481895282
EMP05092,Aditya Rawat,49,25,Finance,125833,8875,7550,2622,1995,104791,22862,17703,6583,7842,4145,59135,18894,4749,Medium,0.5643137292324722,0.1803017434703362,0.04531877737591969,0.06282028036758881
EMP05093,Anjali Chauhan,22,2,Data Science,97147,4715,5829,1449,1840,83314,21560,7355,3625,5100,1848,39488,26782,4246,High,0.47396596010274383,0.32145857839018654,0.05096382360707684,0.043510094341887316
EMP05094,Tushar Bedi,46,28,HR,70000,2000,4200,1738,1364,60698,0,9111,17463,2811,3086,32471,10510,3129,Medium,0.5349599657319846,0.17315232791854757,0.05155029819763419,0.2877030544663745
EMP05095,Hemant D'Souza,28,6,Finance,84368,3437,5062,1681,1737,72451,0,9759,0,6640,4658,21057,20975,7240,High,0.29063781038218933,0.289506010959131,0.09992960759685857,0.0
EMP05096,Shivam Somani,23,3,Sales,47494,708,2850,942,1525,41469,0,4850,6557,7693,2711,21811,4377,2092,Medium,0.5259591502085895,0.10554872314258844,0.05044732209602354,0.1581181123248692
EMP05097,Kavya Thomas,27,6,HR,47999,733,2880,1053,1387,41946,0,6778,10037,1391,2268,20474,1856,276,Low,0.488103752443618,0.044247365660611264,0.00657988842797883,0.23928384112907072
EMP05098,Komal Chopra,58,32,Customer Support,60000,1333,3600,1570,1439,52058,0,9147,14699,4113,3477,31436,7601,2381,Low,0.6038649198970379,0.1460102193707019,0.045737446694071995,0.282358138998809
EMP05099,Rohit Bohra,26,5,IT,91146,4115,5469,1477,1659,78426,0,11839,20306,5002,3119,40266,12670,11563,Medium,0.5134266697268763,0.16155356641929972,0.1474383495269426,0.2589192359676638
EMP05100,Nandini Rupal Suri,51,38,IT,150000,13333,9000,2625,1136,123906,29687,21069,8718,7450,7852,74776,21423,5126,Medium,0.6034897422239439,0.17289719626168223,0.041370070860168195,0.07035978887220957
EMP05101,Aditya Aditi George,40,16,Sales,75219,2522,4513,1200,1448,65536,20287,7521,0,11973,4823,44604,2866,2519,Low,0.68060302734375,0.043731689453125,0.0384368896484375,0.0
EMP05102,Sonia Mathew,30,3,Data Science,101717,5258,6103,3238,1802,85316,0,10531,15321,4216,2745,32813,11305,21504,Medium,0.3846054667354306,0.13250738431243847,0.25205119789957336,0.17957944582493318
EMP05103,Kavya Das,40,8,HR,45908,629,2754,712,2303,39510,0,5672,13394,845,1660,21571,11383,1396,Medium,0.54596304732979,0.28810427739812705,0.03533282713237155,0.3390027841052898
EMP05104,Vaishnavi Lodha,57,26,IT,149092,13152,8946,3030,1463,122501,0,14079,0,11159,6579,31817,42147,9844,High,0.25972849201231013,0.34405433425033266,0.08035852768548828,0.0
EMP05105,Vaishnavi Suri,48,25,Operations,95000,4500,5700,1830,2036,80934,0,13809,24456,5035,5525,48825,15799,3548,Medium,0.6032693305656461,0.1952084414461166,0.04383818914176984,0.30217214026243605
EMP05106,Lokesh Wadhwa,55,24,Customer Support,60000,1333,3600,2183,1347,51537,0,8139,15746,3098,2812,29795,8164,2856,Low,0.5781283349826338,0.1584104623862468,0.05541649688573258,0.30552806721384634
EMP05107,Rajat Saloni Joshi,26,4,Customer Support,38847,276,2331,1134,1744,33362,0,5155,7777,1227,1702,15861,1467,578,Low,0.47542113782147355,0.04397218392182723,0.017325100413644264,0.23310952580780528
EMP05108,Rashmi Mehta,49,26,Data Science,170000,17500,10200,2207,1434,138659,7636,14526,0,14900,6785,43847,34531,12488,High,0.31622181034047553,0.2490354033997072,0.09006267173425454,0.0
EMP05109,Tushar D'Souza,51,38,Marketing,90000,4000,5400,2116,1857,76627,5797,6860,0,4262,1880,18799,38577,3934,High,0.2453312800970937,0.503438735693685,0.05133960614404844,0.0
EMP05110,Sumit Bhardwaj,28,6,Cyber Security,114270,7140,6856,2493,2221,95560,10500,12433,7390,6850,6989,44162,4708,191,Medium,0.4621389702804521,0.04926747593135203,0.0019987442444537465,0.07733361239012139
EMP05111,Karan D'Souza,33,6,HR,46927,680,2816,731,1253,41447,0,5628,13881,1899,2419,23827,3657,7103,Medium,0.5748787608270803,0.08823316524718315,0.1713754915916713,0.3349096436412768
EMP05112,Nitin Khurana,36,11,Product Management,165990,16531,9959,2976,1459,135065,23692,11459,0,8545,4137,47833,47663,7863,High,0.3541480028134602,0.35288934957242807,0.05821641431903158,0.0
EMP05113,Vivek Narang,22,1,Cyber Security,101177,5177,6071,2502,1477,85950,0,6681,20728,7555,4405,39369,12900,14662,Medium,0.4580453752181501,0.15008726003490402,0.17058755090168704,0.24116346713205353
EMP05114,Nikita Mehta,23,2,Data Science,98714,4871,5923,1378,1496,85046,18163,8172,6137,6450,2311,41233,24174,4386,High,0.48483173811819485,0.2842461726595019,0.051572090398137475,0.07216094819274275
EMP05115,Diya Chopra,58,36,IT,150000,13333,9000,3999,1212,122456,30221,21307,9176,7602,5009,73315,21459,5442,Medium,0.5987048409224538,0.1752384529953616,0.04444045208074737,0.07493303717253544
EMP05116,Namrata Lodha,32,9,Operations,72174,2217,4330,1345,1853,62429,19169,10527,0,1894,2966,34556,1826,992,Medium,0.5535248041775457,0.029249227122010606,0.01589005109804738,0.0
EMP05117,Avantika Parmar,45,24,Operations,93202,4320,5592,1833,1783,79674,4728,12255,0,2150,3057,22190,30261,4097,High,0.27850992795642243,0.3798102266736953,0.05142204483269323,0.0
EMP05118,Ankit Sabharwal,41,28,Finance,130000,9500,7800,2456,947,109297,19166,12753,12001,3788,3955,51663,32405,4592,Medium,0.47268452016066315,0.2964857223894526,0.042013961956869815,0.10980173289294308
EMP05119,Amit Monika Sandhu,57,25,Sales,85000,3500,5100,1687,1402,73311,19127,10777,5574,1864,4803,42145,979,956,Low,0.5748796224304674,0.013354066920380298,0.013040335011117022,0.07603224618406515
EMP05120,Nikhil Gill,23,0,Finance,74659,2466,4480,2074,1479,64160,0,7945,2439,6883,4383,21650,17929,4943,Medium,0.33743765586034913,0.2794420199501247,0.07704177057356608,0.0380143391521197
EMP05121,Krishna Shetty,40,13,IT,110836,6625,6650,2399,1840,93322,5492,9569,0,9016,5144,29221,30835,7225,High,0.3131201645914147,0.33041512183622296,0.07742011529971496,0.0
EMP05122,Shreya Khanna,29,6,Finance,83191,3319,4991,1800,1463,71618,19454,9468,0,8354,4820,42096,2993,3076,Low,0.5877851936663967,0.04179116981764361,0.0429500963444944,0.0
EMP05123,Varun Daga,50,23,Operations,89235,3924,5354,1216,2059,76682,18205,13241,0,5035,5020,41501,12601,4505,Medium,0.541209149474453,0.1643280039644245,0.05874911974126914,0.0
EMP05124,Karan Khanna,53,37,Data Science,170000,17500,10200,3940,1958,136402,25868,14906,6144,6349,4159,57426,17826,27668,Medium,0.42100555710326826,0.13068723332502455,0.2028416005630416,0.045043327810442665
EMP05125,Harsh Reema Purohit,47,16,Cyber Security,143079,11949,8585,2921,2172,117452,11871,20915,13572,19272,9430,75060,6811,4576,Low,0.6390695773592616,0.05798964683445152,0.03896059666927766,0.11555358784865306
EMP05126,Nitin Shruti Purohit,44,17,Customer Support,51368,902,3082,1098,1273,45013,0,7417,14653,1815,2272,26157,12738,962,Medium,0.5810987936818253,0.28298491546886456,0.02137160375891409,0.32552818074778395
EMP05127,Akash Kumawat,43,18,Customer Support,49106,789,2946,1065,1983,42323,11612,6691,0,1600,2460,22363,1080,345,Medium,0.5283888193181012,0.02551803983649552,0.008151596058880514,0.0
EMP05128,Tarun Reddy,36,8,Product Management,148699,13073,8922,3094,2164,121446,0,18855,0,5966,7855,32676,42041,8438,High,0.26905785287288175,0.34617031437840684,0.06947943942163595,0.0
EMP05129,Harsh Aditya Khandelwal,46,21,Marketing,85863,3586,5152,1911,1581,73633,18032,10574,0,4341,3227,36174,15399,3697,Medium,0.4912742927763367,0.2091317751551614,0.050208466312658726,0.0
EMP05130,Ravi Kapoor,29,6,Sales,58159,1241,3490,1179,2013,50236,0,7274,10707,1668,2126,21775,1361,127,Low,0.4334540966637471,0.02709212516920137,0.0025280675212994664,0.21313400748467234
EMP05131,Neha Bhardwaj,46,16,IT,116265,7440,6976,2748,1396,97705,0,10982,29092,4447,4031,48552,9995,20576,Medium,0.4969244153318663,0.10229773297170053,0.21059311191853028,0.29775344148201216
EMP05132,Kavya Joshi,28,4,Finance,75852,2585,4551,1352,1497,65867,16201,8672,5681,1805,3142,35501,19802,1741,Medium,0.5389800658903549,0.30063613038395554,0.026432052469370096,0.08624956351435469
EMP05133,Nisha More,47,26,Data Science,165363,16406,9922,3170,1687,134178,0,24340,46427,10564,9633,90964,17677,4016,Low,0.6779352800011924,0.13174290867355304,0.029930390973184874,0.34601052333467486
EMP05134,Rahul Bose,32,12,IT,113851,7078,6831,2422,1804,95716,0,14782,7006,5985,5073,32846,25205,5687,Medium,0.3431610180116177,0.26333110451753106,0.059415353754858125,0.07319570395754106
EMP05135,Bhavna Das,35,7,Sales,54753,1071,3285,1162,1727,47508,11973,5530,0,4540,1507,23550,7385,9051,High,0.495705986360192,0.1554475035783447,0.19051528163677697,0.0
EMP05136,Sai Kulkarni,52,28,IT,148654,13064,8919,2728,1191,122752,27667,14652,4740,12702,6937,66698,23652,5228,Medium,0.54335570907195,0.19268117831074036,0.042589937434827946,0.03861444212721585
EMP05137,Charu Mundra,28,3,Operations,54694,1068,3282,1175,1814,47355,11862,5947,0,2619,2894,23322,2336,148,Medium,0.49249287298067784,0.049329532256361525,0.0031253299545982473,0.0
EMP05138,Jyoti Goel,38,16,IT,117213,7582,7033,3827,1637,97134,0,12070,24001,11115,4145,51331,22840,4082,Medium,0.52845553565178,0.23513908621080157,0.04202441987357671,0.24709164659130686
EMP05139,Aakash Bhardwaj,31,6,Cyber Security,110697,6605,6642,2887,1439,93124,23095,10000,0,6881,2935,42911,25512,4643,Medium,0.46079420987071,0.2739573042395086,0.049858253511447105,0.0
EMP05140,Sai Chatterjee,44,18,IT,121796,8269,7308,3489,1339,101391,35548,15834,14061,17985,10082,93510,860,955,Low,0.9222712075036246,0.008482015168999222,0.009418981960923554,0.13868094801313727
EMP05141,Abhishek Verma,45,27,Sales,84047,3405,5043,1589,1789,72221,24897,11601,8619,11141,7242,63500,1556,1407,Low,0.8792456487725177,0.021544979991969096,0.01948186815469185,0.11934201963417843
EMP05142,Tushar Shinde,46,26,Finance,129445,9417,7767,3010,1686,107565,8137,14213,0,5508,4510,32368,35041,7291,High,0.30091572537535444,0.3257658160182215,0.06778227118486496,0.0
EMP05143,Kunal Sabharwal,58,22,Finance,119799,7970,7188,3490,1779,99372,0,14907,18037,3366,4889,41199,34743,4691,Medium,0.4145936481101316,0.34962564907619853,0.04720645654711589,0.1815098820593326
EMP05144,Preeti Roy,53,33,Customer Support,60000,1333,3600,1518,1682,51867,6069,8034,5858,1701,1287,22949,17865,2714,Medium,0.44245859602444715,0.34443866041992016,0.0523261418628415,0.11294271887712803
EMP05145,Nikita Bhatia,37,12,Cyber Security,126898,9035,7614,3579,1419,105251,0,17179,27067,5442,5329,55017,15198,20472,Medium,0.5227218743764905,0.1443976779318011,0.19450646549676487,0.25716620269641144
EMP05146,Lakshay Ayaan Khandelwal,56,22,IT,127424,9114,7645,3624,1368,105673,38570,17819,0,14729,8364,79482,2802,3656,Low,0.7521505020203836,0.026515760884994275,0.03459729543024235,0.0
EMP05147,Charu Mittal,40,18,IT,125911,8887,7555,3206,1808,104455,24767,12888,3619,4171,4734,50179,29025,3988,Medium,0.48038868412234936,0.27787085347757406,0.03817912019529941,0.03464649849217366
EMP05148,Swati Reddy,47,19,Marketing,78523,2852,4711,2108,1382,67470,0,10264,0,3566,3560,17390,3856,1997,Medium,0.2577441825996739,0.05715132651548836,0.02959834000296428,0.0
EMP05149,Vikram Pradhan,30,4,Finance,84076,3408,5045,1828,1817,71978,16206,10563,10634,1796,1531,40730,18520,2621,Medium,0.5658673483564423,0.2573008419239212,0.03641390424852038,0.14773958709605714
EMP05150,Shubham Narang,22,3,Operations,52498,958,3150,948,1396,46046,0,4969,0,3719,1794,10482,16598,3139,High,0.22764192329409721,0.36046562133518656,0.0681709594753073,0.0
EMP05151,Kartik Mohanty,46,24,Customer Support,60000,1333,3600,1622,2419,51026,14307,7861,0,2060,2975,27203,2109,288,Medium,0.5331203700074472,0.04133187002704503,0.00564418139771881,0.0
EMP05152,Rashmi D'Souza,31,12,Operations,67571,1757,4054,1516,2209,58035,14616,6800,3248,5244,3283,33191,11574,2813,Medium,0.571913500473852,0.19943137761695529,0.048470750409235805,0.0559662272766434
EMP05153,Vikram Goel,44,23,Marketing,90000,4000,5400,1868,2093,76639,17875,12299,0,2724,3364,36262,3026,832,Medium,0.47315335534127534,0.039483813724083036,0.010856091546079673,0.0
EMP05154,Prateek Lodha,42,27,Data Science,165483,16430,9929,3192,1750,134182,28727,17757,157,4718,3112,54471,42022,7042,High,0.4059486369259662,0.31317166236902116,0.05248095869788794,0.0011700526151048577
EMP05155,Priya Maheshwari,39,15,Customer Support,46546,661,2793,1147,2203,39742,9468,5979,1582,1441,1516,19986,11422,1549,High,0.5028936641336621,0.2874037542146847,0.03897639776558804,0.039806753560465
EMP05156,Sumit Suri,38,12,IT,113492,7024,6810,2301,1826,95531,0,14988,0,7734,4432,27154,31518,8906,High,0.28424281123404965,0.3299243177607269,0.09322628256796223,0.0
EMP05157,Aakash Pradhan,59,28,IT,149210,13175,8953,2919,1673,122490,0,18858,0,7030,6873,32761,31606,12849,High,0.26745856804637114,0.2580292268756633,0.10489835904971835,0.0
EMP05158,Dev Narang,39,15,Sales,68417,1842,4105,2195,2085,58190,13786,9643,7283,1878,4197,36787,939,637,Low,0.6321876611101563,0.016136793263447326,0.010946898092455748,0.1251589620209658
EMP05159,Shruti Mittal,49,27,Sales,85000,3500,5100,1447,1811,73142,25695,11340,4855,13802,6904,62596,1666,1406,Low,0.8558147165787099,0.0227776106751251,0.01922288151814279,0.06637773098903503
EMP05160,Aditya Malhotra,54,31,IT,150000,13333,9000,3773,2278,121616,29381,21623,0,9919,8552,69475,25979,5278,Medium,0.5712652940402578,0.21361498487041178,0.043398894882252334,0.0
EMP05161,Lokesh Iyer,45,16,Finance,105675,5851,6340,2333,1476,89675,19865,6908,3015,4457,1946,36191,26859,5511,Medium,0.4035795929746306,0.29951491497072763,0.061455255087817115,0.03362141064956788
EMP05162,Aditya Iyer,60,35,Customer Support,60000,1333,3600,1745,1826,51496,0,8136,0,3045,2652,13833,14348,4601,High,0.2686228056548081,0.27862358241416807,0.08934674537828181,0.0
EMP05163,Anjali Suri,40,10,IT,105553,5833,6333,2491,2030,88866,0,13425,27621,6072,4344,51462,15392,3933,Low,0.5790966173789751,0.17320460018454753,0.04425764634393356,0.3108162851934373
EMP05164,Nisha Solanki,58,34,Customer Support,60000,1333,3600,1570,1467,52030,0,9042,13761,2484,2577,27864,1682,333,Low,0.5355371900826447,0.032327503363444164,0.006400153757447627,0.2644820295983087
EMP05165,Rajat Maheshwari,56,24,Sales,85000,3500,5100,1239,1353,73808,6554,12848,0,5612,4529,29543,20667,5547,High,0.4002682636028615,0.2800102969867765,0.07515445480164752,0.0
EMP05166,Pooja Deshmukh,56,32,Customer Support,60000,1333,3600,1378,1761,51928,0,4471,0,3965,1957,10393,10470,12701,High,0.20014250500693267,0.2016253273763673,0.24458866122323217,0.0
EMP05167,Aditi Mathew,31,10,Sales,64997,1583,3900,1880,1186,56448,14403,8646,1979,4599,3398,33025,11308,2484,Medium,0.5850517290249433,0.20032596371882086,0.04400510204081633,0.035058815192743766
EMP05168,Vivek Sharma,26,4,Marketing,54836,1075,3290,784,2043,47644,12878,7926,2305,2799,1931,27839,8002,2829,Medium,0.5843128200822769,0.16795399210813533,0.05937788598774242,0.04837964906389052
EMP05169,Krishna Rupal Somani,43,27,Product Management,219515,30854,13171,3199,1476,170815,41060,25320,11372,9927,7136,94815,36239,6760,Medium,0.5550742030852092,0.2121534993999356,0.03957497877821035,0.06657494950677634
EMP05170,Rajat Chopra,55,30,Operations,95000,4500,5700,2029,1889,80882,0,12489,19153,3608,5156,40406,2621,681,Low,0.49956727083900004,0.032405232313741004,0.00841967310402809,0.23680176058950075
EMP05171,Rashmi Mundra,26,7,Finance,83304,3330,4998,1535,2056,71385,0,8682,11713,3721,1545,25661,31444,2175,Medium,0.359473278700007,0.4404846956643553,0.03046858583736079,0.16408209007494573
EMP05172,Nikita Chaudhary,44,19,Customer Support,57906,1229,3474,726,1504,50973,0,8642,0,2481,2381,13504,1509,201,Medium,0.26492456790850055,0.02960390795126832,0.00394326408098405,0.0
EMP05173,Pankaj Ishaan Tayal,28,6,Marketing,59769,1322,3586,967,1461,52433,13675,8629,0,3733,3158,29195,10963,2137,Medium,0.5568058283905174,0.20908588102912287,0.040756775313256915,0.0
EMP05174,Payal Tomar,52,23,Operations,89912,3991,5395,1936,2258,76332,0,11580,18376,5076,4662,39694,16566,4240,Medium,0.5200178169050987,0.217025624901745,0.05554682177854635,0.24073782948173766
EMP05175,Palak Shinde,42,20,Marketing,84363,3436,5062,1502,1930,72433,0,9304,18796,9400,6298,43798,5658,2804,Low,0.6046691425179131,0.07811356702055693,0.03871163696105366,0.2594949815691743
EMP05176,Nisha Mukherjee,56,29,Cyber Security,180000,20000,10800,2995,2137,144068,0,20214,33806,4098,5441,63559,53432,6622,Medium,0.4411736124607824,0.37088041758058693,0.045964405697309606,0.2346530804897687
EMP05177,Aakash Shinde,40,11,IT,106036,5905,6362,3768,1692,88309,25844,14823,0,14350,6097,61114,2813,3213,Low,0.6920472432028446,0.03185405791029227,0.036383607559818364,0.0
EMP05178,Lokesh Dubey,31,7,Product Management,140762,11486,8446,2654,2007,116169,27331,18533,8143,8314,5117,67438,22611,5598,Medium,0.5805163167454312,0.19463884513080082,0.048188415153784574,0.07009615301844727
EMP05179,Kartik Mohanty,56,37,Operations,95000,4500,5700,1208,1458,82134,8054,7846,2367,5647,1920,25834,37759,4492,High,0.3145347846202547,0.45972435288674607,0.05469111452017435,0.028818759587990357
EMP05180,Abhishek Rajput,32,8,Sales,54486,1058,3269,1191,1118,47850,0,8057,4434,1411,2332,16234,2716,1367,Medium,0.3392685475444096,0.056760710553814,0.02856844305120167,0.09266457680250784
EMP05181,Nandini Agarwal,46,21,IT,130481,9572,7829,2373,1935,108772,0,20349,35095,7976,7982,71402,13965,3657,Low,0.6564373184275365,0.12838782039495458,0.03362078476078403,0.32264737248556613
EMP05182,Komal Solanki,52,27,Data Science,166515,16636,9991,3489,1075,135324,32140,18646,0,2867,6038,59691,46123,4803,High,0.44109692294049835,0.3408338506103869,0.03549259554846147,0.0
EMP05183,Rupal Gupta,27,7,IT,102609,5391,6157,2746,1351,86964,0,12520,0,6452,4099,23071,29358,7911,High,0.2652936847431121,0.33758796743480063,0.09096867669380433,0.0
EMP05184,Ishita Shinde,35,8,Cyber Security,128488,9273,7709,3312,1857,106337,29852,10548,14373,19285,7265,81323,4781,2562,Low,0.7647667321816489,0.044960832071621354,0.02409321308669607,0.13516461814796354
EMP05185,Muskan Mishra,42,27,Sales,85000,3500,5100,2164,1641,72595,23196,13279,0,3554,3937,43966,1390,120,Medium,0.6056339968317377,0.01914732419588126,0.001653006405399821,0.0
EMP05186,Monika Mittal,53,34,Finance,130000,9500,7800,2969,1331,108400,28054,14826,0,13723,6569,63172,9403,3966,Medium,0.5827675276752767,0.08674354243542436,0.03658671586715867,0.0
EMP05187,Harsh Rajput,32,11,IT,109821,6473,6589,3455,1080,92224,17151,13466,5956,2356,2475,41404,35170,2971,High,0.44895038167938933,0.38135409437890355,0.03221504163775156,0.06458188757807079
EMP05188,Divya Somani,51,37,Product Management,220000,31000,13200,3263,1637,170900,50956,18317,12447,24828,13299,119847,11946,7378,Low,0.7012697483908719,0.06990052662375658,0.04317144528964307,0.07283206553540082
EMP05189,Lakshay Verma,50,22,Customer Support,60000,1333,3600,2157,2041,50869,3621,7926,11176,7609,4996,35328,1736,2181,Low,0.6944897678350272,0.03412687491399477,0.04287483536141855,0.2197015864278834
EMP05190,Tanvi Parmar,23,1,Marketing,52843,975,3171,951,1657,46089,0,5286,0,3823,2825,11934,14615,3240,High,0.2589338019917985,0.3171038642626223,0.070298769771529,0.0
EMP05191,Nisha Soni,51,33,Cyber Security,180000,20000,10800,2430,1896,144874,0,16136,0,15057,6787,37980,53324,9684,High,0.26215884147604124,0.3680715656363461,0.06684429228156881,0.0
EMP05192,Kunal Suri,27,7,HR,50986,883,3059,953,1885,44206,0,6434,13552,4779,3109,27874,2683,2382,Low,0.6305478894267746,0.060693118581188074,0.053884088132832644,0.3065647197213048
EMP05193,Sakshi More,51,30,Operations,95000,4500,5700,2010,748,82042,6306,11012,0,2018,3702,23038,1914,1893,Medium,0.2808073913361449,0.023329514151288363,0.023073547695083005,0.0
EMP05194,Namrata Rathore,35,5,Data Science,101461,5219,6088,3199,1100,85855,24360,9088,8903,11650,5340,59341,6247,3196,Low,0.691176984450527,0.07276221536311223,0.03722555471434395,0.10369809562634674
EMP05195,Aditya Lodha,55,24,Sales,78417,2842,4705,1481,1359,68030,0,12489,17800,4387,4856,39532,13802,2947,Low,0.5810965750404233,0.2028810818756431,0.043319123915919445,0.26164927237983243
EMP05196,Avantika Bansal,41,28,Sales,85000,3500,5100,2002,1823,72575,21786,11461,0,3781,3161,40189,2347,1211,Medium,0.5537581811918705,0.03233895969686531,0.016686186703410266,0.0
EMP05197,Yuvraj Reddy,39,10,IT,106756,6013,6405,3070,1534,89734,18476,11937,0,4537,2416,37366,32914,4281,Medium,0.41640849622216775,0.36679519468651794,0.047707669333808815,0.0
EMP05198,Krishna Somani,40,16,IT,119808,7971,7188,3442,2047,99160,23510,15217,15256,7523,5368,66874,12816,3142,Low,0.6744050020169423,0.12924566357402179,0.031686163775716016,0.15385235982250908
EMP05199,Riya Kapoor,38,17,IT,122931,8440,7376,3273,1937,101905,24396,15711,0,6147,6370,52624,21298,4854,Medium,0.5164025317697856,0.20899857710612826,0.0476325989892547,0.0
EMP05200,Rashmi Solanki,31,6,Sales,52720,969,3163,704,1558,46326,11389,7819,1872,2623,2512,26215,7591,2795,Medium,0.5658809307948021,0.16386046712429306,0.06033329016103268,0.04040927341018003
EMP05201,Pooja Bansal,27,4,Sales,52357,951,3141,789,1879,45597,2346,6034,1581,7000,2894,19855,6236,3803,Medium,0.4354453143847183,0.1367633835559357,0.08340460995240916,0.03467333377195868
EMP05202,Khushi Rajput,27,5,Cyber Security,113625,7044,6818,3686,1872,94205,21489,11170,6483,6751,6495,52388,1021,1996,Medium,0.5561063637811157,0.010838065920067938,0.02118783504060294,0.06881800329069582
EMP05203,Yash Thomas,30,6,IT,98141,4814,5888,2163,1728,83548,0,8066,9048,4788,2436,24338,37066,5084,Medium,0.2913055967826878,0.4436491597644468,0.060851247187245654,0.1082970268588117
EMP05204,Neha Verma,45,21,Product Management,201560,25468,12094,3577,1710,158711,9767,23557,0,6512,8727,48563,36522,35629,High,0.3059838322485524,0.23011637504646812,0.22448979591836735,0.0
EMP05205,Amit Divya Rajput,34,10,Finance,93377,4338,5603,2189,2185,79062,17134,12603,3250,2589,4175,39751,2859,1162,Medium,0.5027826262932888,0.036161493511421415,0.014697326149098177,0.041106979332675625
EMP05206,Vihaan Lakshay Chatterjee,28,6,HR,48939,780,2936,1036,1340,42847,0,5119,14201,4921,2085,26326,6319,2516,Low,0.6144187457698322,0.14747823651597544,0.0587205638667818,0.331435106308493
EMP05207,Nikhil Bohra,27,3,Sales,53649,1016,3219,976,1473,46965,13009,6049,3950,3347,2581,28936,862,385,Medium,0.6161183860321516,0.018354093473863516,0.008197593952943682,0.0841051847120196
EMP05208,Divya Dev Khanna,47,23,Finance,127556,9133,7653,2490,766,107514,20457,14556,12697,4042,2890,54642,29991,4685,Medium,0.5082314861320386,0.27894971817623754,0.04357572037130048,0.11809624793050208
EMP05209,Garima Rathore,42,24,IT,143079,11949,8585,2473,924,119148,35119,17364,14459,18647,9686,95275,3447,2554,Low,0.7996357471380132,0.0289304058817605,0.021435525564843724,0.12135327491858865
EMP05210,Saurabh Ahuja,47,18,IT,124450,8668,7467,3917,1186,103212,22940,17258,4227,8155,5358,57938,18893,5968,Medium,0.5613494554896717,0.18305042049374104,0.057822733790644495,0.04095454016974771
EMP05211,Saurabh Rajput,26,6,Operations,64224,1545,3853,1274,1331,56221,17024,9698,0,7423,3872,38017,2977,2446,Medium,0.676206399743868,0.05295174401024528,0.043506874655377885,0.0
EMP05212,Gaurav Kumawat,50,21,Data Science,156460,14625,9388,2725,1525,128197,0,23323,0,8951,9154,41428,33449,12608,High,0.3231588882735165,0.26091874224825856,0.09834863530347825,0.0
EMP05213,Ayush Ghosh,25,0,Data Science,90000,4000,5400,1806,1127,77667,19403,9175,0,6929,4645,40152,15951,4785,Medium,0.5169763219900344,0.2053768009579358,0.06160917764301441,0.0
EMP05214,Kavya Manish Deshmukh,25,1,Sales,49314,799,2959,811,1759,42986,0,5762,0,3187,3690,12639,140,303,Medium,0.2940259619410971,0.0032568743311775926,0.0070488065881915045,0.0
EMP05215,Garima Lodha,28,4,IT,88503,3850,5310,1446,1627,76270,0,8988,0,8114,4400,21502,19442,8145,High,0.2819194965255015,0.25491018749180544,0.10679166120361873,0.0
EMP05216,Deepak Thomas,31,10,IT,103768,5565,6226,3307,1236,87434,22004,12099,6494,3606,3774,47977,25019,2655,High,0.5487224649449871,0.286147265365876,0.03036576160303772,0.07427316604524556
EMP05217,Ashish Karan Chauhan,39,11,Customer Support,47132,690,2828,1144,1136,41334,0,6795,11582,979,2410,21766,422,667,Low,0.5265882808341801,0.010209512749794359,0.016136836502637055,0.2802051579813229
EMP05218,Sanya Dubey,41,28,IT,150000,13333,9000,3342,1398,122927,0,15638,0,4773,4573,24984,53558,7216,High,0.20324257486150316,0.43568947424080956,0.058701505771718177,0.0
EMP05219,Vivaan Jindal,35,7,Customer Support,42460,456,2548,1158,1857,36441,9873,6255,5036,2370,2328,25862,3766,1336,Low,0.7096951236244889,0.10334513322905518,0.03666200159161384,0.13819598803545458
EMP05220,Rohit Priya Agarwal,52,37,Operations,95000,4500,5700,1365,947,82488,0,12987,26514,5538,5039,50078,13068,3258,Low,0.6070943652410048,0.15842304335176025,0.03949665405877219,0.32142857142857145
EMP05221,Tarun Pillai,43,18,Product Management,188333,22083,11300,3342,2098,149510,0,24952,39824,11903,8616,85295,24051,9903,Medium,0.5704969567253027,0.16086549394689317,0.06623637214902013,0.2663634539495686
EMP05222,Aditi Chaudhary,25,3,Finance,79239,2924,4754,1358,1226,68977,0,8497,0,5625,3011,17133,29794,5136,Medium,0.24838714354060049,0.43194108180987867,0.07445960247618771,0.0
EMP05223,Akash Purohit,44,26,Cyber Security,172247,18062,10335,3415,2124,138311,13102,19192,0,9405,5742,47441,33402,13797,Medium,0.3430023642371178,0.24149922999616805,0.09975345417211935,0.0
EMP05224,Palak Somani,35,5,Customer Support,39570,312,2374,1014,1307,34563,0,4953,9916,917,2159,17945,53,696,Low,0.5191968289789659,0.0015334317044238058,0.020137140873188093,0.28689639209559353
EMP05225,Vaishnavi Mohanty,57,24,Customer Support,58860,1276,3532,878,1078,52096,0,8520,0,2301,2606,13427,3018,230,Medium,0.25773571867321865,0.05793151105651106,0.00441492628992629,0.0
EMP05226,Aditi Pooja Singh,60,23,Data Science,163100,15953,9786,3828,1266,132267,0,23990,39126,7937,6100,77153,20963,8106,Low,0.5833125420550855,0.15849002396667347,0.06128512780965774,0.2958107464446914
EMP05227,Atharv Srivastava,53,29,Cyber Security,180000,20000,10800,2615,1808,144777,0,20889,44710,8830,5870,80299,21354,23410,Medium,0.5546392037409257,0.1474958038915021,0.16169695462677083,0.30881977109623765
EMP05228,Ravi Kumawat,29,4,Operations,61768,1422,3706,1571,1413,53656,0,8049,6559,8379,3017,26004,3560,3733,Low,0.48464291039212765,0.06634859102430296,0.06957283435216938,0.1222416877888773
EMP05229,Parth Bohra,53,22,Finance,118527,7779,7112,3469,2065,98102,0,17200,33388,7018,4915,62521,16954,2953,Low,0.6373060691932886,0.17282012599131516,0.03010132311267864,0.34033964649038756
EMP05230,Gaurav Mittal,55,23,HR,66995,1700,4020,1450,1348,58477,0,9262,17398,2234,2726,31620,14820,2528,Medium,0.5407254134104007,0.25343297364775896,0.04323067188809276,0.2975186825589548
EMP05231,Parth Roy,31,12,Sales,62663,1466,3760,1452,1165,54820,3330,6351,0,3349,1516,14546,26492,2752,High,0.26534111638088287,0.48325428675665816,0.050200656694637,0.0
EMP05232,Deepak Rawat,42,22,Finance,114230,7134,6854,3889,1127,95226,18810,15754,14941,3839,3893,57237,21119,3974,Medium,0.6010648352340747,0.22177766576355198,0.041732300002100264,0.15690042635414697
EMP05233,Deepak Gill,23,3,Data Science,96550,4655,5793,2081,2185,81836,0,7032,0,4366,3992,15390,35188,7313,High,0.1880590449191065,0.4299819150496114,0.08936165012952735,0.0
EMP05234,Ayush Pankaj Naidu,51,32,IT,150000,13333,9000,3514,1262,122891,0,19597,38928,5868,6995,71388,13895,21003,Medium,0.5809050296604308,0.11306767786086858,0.17090755222107396,0.3167685184431732
EMP05235,Amit Malhotra,42,18,Cyber Security,158067,14947,9484,2495,1077,130064,0,16187,43033,6262,6619,72101,12493,19558,Medium,0.5543501660720875,0.09605271251076393,0.15037212449255752,0.33086019190552346
EMP05236,Vaishnavi Sonia Ahuja,30,2,Finance,73374,2337,4402,1381,2043,63211,16848,10549,6549,4284,3243,41473,10671,2540,Medium,0.656104159086235,0.1688155542547974,0.04018287956210153,0.10360538513866258
EMP05237,Shivam Pillai,27,2,Customer Support,35000,83,2100,896,1030,30891,7028,4069,0,1175,1590,13862,10865,1158,Medium,0.4487391149525752,0.3517205658606066,0.03748664659609595,0.0
EMP05238,Vidhi Ritika Narang,33,11,Product Management,149215,13176,8953,2550,1193,123343,0,20525,0,7134,7506,35165,21630,31598,High,0.2850992760026917,0.17536463358277324,0.2561799210332163,0.0
EMP05239,Vihaan Saini,43,18,Marketing,84320,3432,5059,2014,1978,71837,0,12115,0,5523,3385,21023,25350,5780,High,0.29264863510447264,0.35288221946907583,0.08045993011957626,0.0
EMP05240,Ishita Kapoor,34,12,Data Science,130329,9549,7820,2960,1562,108438,0,11990,0,9088,4036,25114,32231,9798,High,0.23159777937623344,0.2972297534074771,0.09035577933934598,0.0
EMP05241,Sakshi Saxena,35,5,Sales,50662,866,3040,1089,2096,43571,9413,6526,0,2743,1465,20147,4745,8269,High,0.4623947120791352,0.10890271051846412,0.18978219457896306,0.0
EMP05242,Arjun Reddy,58,26,Sales,85000,3500,5100,1791,1790,72819,0,13090,0,8694,6819,28603,10498,6148,Medium,0.39279583625152775,0.14416567104739147,0.08442851453604142,0.0
EMP05243,Prachi Preeti Banerjee,47,26,Data Science,164385,16210,9863,3104,1169,134039,0,14467,31219,13192,8113,66991,21496,22266,Medium,0.4997873753161393,0.1603712352375055,0.16611583195935511,0.2329098247524974
EMP05244,Abhishek Porwal,53,36,Marketing,90000,4000,5400,2086,1088,77426,0,12045,0,3219,5309,20573,2290,1583,Medium,0.2657117764058585,0.029576628006096145,0.020445328442642005,0.0
EMP05245,Payal Verma,25,1,Operations,53572,1012,3214,847,1741,46758,0,6352,5114,2804,2942,17212,1801,1273,Low,0.36810813122888064,0.03851747294580606,0.027225287651311006,0.10937165832584798
EMP05246,Lakshay Gill,32,5,Sales,54080,1037,3245,1128,863,47807,15442,6666,0,5265,4035,31408,2782,1867,Low,0.6569749199907964,0.05819231493295961,0.03905285836802142,0.0
EMP05247,Parth Mehta,38,18,Marketing,75747,2575,4545,1766,1406,65455,7662,8190,8902,2972,3126,30852,18012,2549,Medium,0.4713467267588419,0.27518142235123366,0.03894278511954778,0.13600183332060195
EMP05248,Ananya Bedi,31,8,Customer Support,42718,469,2563,838,1068,37780,10073,5819,2605,4612,2675,25784,1501,1751,Low,0.6824775013234515,0.03973001588141874,0.046347273689782954,0.06895182636315511
EMP05249,Khushi Bose,41,23,Operations,87916,3792,5275,2157,1646,75046,0,10955,20789,2001,2689,36434,24497,3432,Medium,0.4854889001412467,0.3264264584388242,0.04573195107001039,0.2770167630519948
EMP05250,Divya Ishita Roy,34,6,Sales,55934,1130,3356,890,2384,48174,16974,6566,8633,9606,4651,46430,341,218,Low,0.9637978992817703,0.007078507078507079,0.004525262589778718,0.17920455017229212
EMP05251,Ayush Behera,31,9,Product Management,154286,14191,9257,3197,1176,126465,0,17214,21729,26468,9894,75305,6188,7969,Low,0.5954611947969795,0.0489305341398806,0.06301348199106473,0.17181828964535642
EMP05252,Kartik Gaurav Jindal,44,20,IT,134215,10176,8053,2798,1870,111318,0,16922,0,5603,7478,30003,1416,2556,Medium,0.269525144181534,0.012720314773891015,0.02296124615965073,0.0
EMP05253,Shivam Bohra,53,33,Operations,95000,4500,5700,1663,2126,81011,0,13141,19929,3229,3936,40235,331,419,Low,0.4966609472787646,0.004085864882546815,0.005172137117181617,0.2460036291367839
EMP05254,Vaishnavi Trivedi,58,28,Sales,85000,3500,5100,1209,2152,73039,3875,11854,0,4044,4463,24236,18918,7185,High,0.3318227248456304,0.25901230849272305,0.09837210257533646,0.0
EMP05255,Khushi Iyer,56,24,IT,141085,11550,8465,2261,1254,117555,0,18589,0,15171,8172,41932,15167,9023,Medium,0.35670111862532433,0.12902045850878313,0.07675556122665986,0.0
EMP05256,Megha Verma,33,7,IT,91659,4166,5500,1866,1683,78444,15606,7029,0,5842,3055,31532,12908,18545,High,0.40196828310641985,0.1645505073683137,0.23641068787925143,0.0
EMP05257,Tanvi Solanki,39,13,Data Science,127254,9088,7635,2227,2043,106261,23323,15017,15123,5446,5353,64262,15231,4938,Medium,0.6047562134743697,0.14333574876953917,0.04647048305587186,0.14231938340501218
EMP05258,Palak Chaudhary,34,11,Operations,69802,1980,4188,1499,1712,60423,11002,7265,0,2696,2065,23028,19282,4278,High,0.38111315227645104,0.3191168925740198,0.07080085397944491,0.0
EMP05259,Aakash Jain,33,12,Marketing,71607,2161,4296,1413,1168,62569,20053,9424,16813,8531,5235,60056,292,261,Low,0.9598363406798894,0.004666847800028768,0.0041713947801627,0.2687113426776838
EMP05260,Deepak Sumit Chopra,39,11,Operations,67160,1716,4030,1619,1606,58189,0,10393,10937,10864,5936,38130,4090,2873,Low,0.6552784890615064,0.07028819880046057,0.04937359294712059,0.1879564866211827
EMP05261,Krishna Rathore,36,9,Sales,61437,1405,3686,1337,1454,53555,0,7945,0,2652,3022,13619,18118,4982,High,0.25429931845766035,0.3383064139669499,0.09302586126412099,0.0
EMP05262,Ishaan Vidhi Suri,34,5,Cyber Security,109074,6361,6544,3769,1988,90412,19782,11534,6046,2310,2854,42526,24566,4738,Medium,0.47035791709065167,0.2717117196832279,0.05240454806884042,0.066871654205194
EMP05263,Ayaan Porwal,27,5,Marketing,59818,1324,3589,1047,1387,52471,19041,9693,10902,8811,5367,53814,0,0,Low,1.0255950906214861,0.0,0.0,0.20777191210382878
EMP05264,Riya Bedi,45,25,Finance,124431,8665,7466,3922,1655,102723,23528,16272,0,5587,6631,52018,25186,5334,Medium,0.5063909737838653,0.2451836492314282,0.05192605356151982,0.0
EMP05265,Hemant Swain,32,8,Customer Support,40847,376,2451,991,2473,34556,7472,4831,0,1466,1077,14846,4129,7180,Medium,0.42962148396805183,0.11948720916772775,0.20777867808774164,0.0
EMP05266,Avantika Banerjee,32,11,Data Science,118650,7798,7119,2402,1338,99993,20102,10209,3652,8956,5384,48303,16656,18537,High,0.4830638144670127,0.16657166001620113,0.1853829768083766,0.03652255657896053
EMP05267,Diya Tomar,26,7,Sales,58390,1253,3503,738,814,52082,0,5209,0,5202,3229,13640,18031,4738,High,0.2618947045044353,0.3462040628240083,0.09097192888137937,0.0
EMP05268,Khushi Pallavi Patel,41,15,Sales,66970,1697,4018,2003,1742,57510,0,9675,16337,8292,5264,39568,4379,2608,Low,0.688019474873935,0.07614327942966441,0.045348635019996524,0.28407233524604414
EMP05269,Aman Nair,28,5,IT,94365,4436,5662,1291,1403,81573,27144,9915,0,12181,7653,56893,3062,3909,Low,0.6974489107915609,0.03753693011167911,0.04792026773564782,0.0
EMP05270,Jyoti Soni,51,33,IT,150000,13333,9000,3164,1528,122975,30358,13456,0,11747,4672,60233,31283,5002,High,0.48979873958121567,0.25438503760927017,0.0406749339296605,0.0
EMP05271,Simran Sandhu,53,38,Sales,85000,3500,5100,1973,1528,72899,0,10635,17741,4947,3044,36367,14914,3706,Medium,0.49886829723315823,0.2045844250264064,0.05083746004746293,0.24336410650351856
EMP05272,Garima Solanki,34,11,Data Science,118868,7830,7132,3346,1336,99224,29434,14483,4022,10119,5530,63588,13337,4030,Medium,0.6408530194307829,0.1344130452309925,0.04061517374828671,0.040534548093203254
EMP05273,Atharv Tanvi Wadhwa,35,9,Marketing,62358,1451,3741,1859,1769,53538,14577,6005,4577,4889,3482,33530,7984,2643,Medium,0.6262841346333445,0.14912772236542268,0.04936680488624902,0.08549067951735216
EMP05274,Shreya Tayal,38,8,Operations,68544,1854,4113,1838,1460,59279,12301,8971,0,2152,2821,26245,465,1387,Medium,0.4427368882740937,0.007844261880261138,0.023397830597682148,0.0
EMP05275,Prachi Lodha,31,12,Customer Support,46275,647,2776,1156,1017,40679,8425,5373,7081,1234,2982,25095,1200,671,Low,0.6169030703802945,0.029499250227390052,0.016494997418815605,0.17407015905012413
EMP05276,Kunal Banerjee,33,6,Marketing,59407,1304,3564,1149,1244,52146,14039,8660,6268,2899,2211,34077,7684,1725,Medium,0.6534921182832816,0.14735550186016186,0.03308019790587965,0.12020097418785718
EMP05277,Anjali Pradhan,59,33,Finance,130000,9500,7800,3581,1107,108012,31405,19922,0,6665,6971,64963,18274,5232,Medium,0.6014424323223345,0.1691849053808836,0.048439062326408176,0.0
EMP05278,Vihaan Iyer,33,9,Sales,61607,1414,3696,1326,1328,53843,14808,5069,0,10143,3083,33103,4520,2718,Medium,0.6148060100663039,0.08394777408391063,0.05048009954868785,0.0
EMP05279,Simran Shetty,31,9,Sales,60593,1363,3636,1704,1363,52527,6130,6968,0,986,3489,17573,1292,1421,Medium,0.33455175433586537,0.02459687398861538,0.027052753821844005,0.0
EMP05280,Rashmi Bhatia,54,31,Operations,95000,4500,5700,1615,1919,81266,0,8536,0,7410,5276,21222,27109,5712,High,0.2611424211847513,0.33358354047203015,0.07028769719193759,0.0
EMP05281,Mayank Khanna,55,34,Data Science,170000,17500,10200,3785,1249,137266,0,18533,25265,2783,7082,53663,6118,2445,Medium,0.3909416752873982,0.04457039616511008,0.017812131190535166,0.18405868896886338
EMP05282,Ayush Roy,41,23,Customer Support,57113,1189,3427,1088,1429,49980,11982,5761,1634,3200,2580,25157,2286,57,Medium,0.5033413365346139,0.04573829531812725,0.0011404561824729892,0.032693077230892355
EMP05283,Shruti Seth,34,5,IT,98856,4886,5931,2034,1737,84268,24382,15573,0,5731,4519,50205,14429,3125,Medium,0.5957777566810651,0.17122751222290786,0.03708406512555181,0.0
EMP05284,Parth Avantika Jadhav,50,21,Finance,118861,7829,7132,2939,1862,99099,0,13870,22415,11163,8176,55624,6198,4022,Low,0.5612972885700158,0.06254351708897163,0.04058567694931331,0.22618795346068074
EMP05285,Ankit Neha Bhardwaj,46,16,Sales,71460,2146,4288,2082,1433,61511,0,10431,15865,8565,3963,38824,4826,2000,Low,0.6311716603534328,0.07845751166458032,0.03251450959990896,0.2579213474012778
EMP05286,Swati Mukherjee,56,36,IT,150000,13333,9000,2284,1343,124040,28821,19949,0,2833,6166,57769,42973,4610,Medium,0.4657287971622057,0.3464446952595937,0.037165430506288295,0.0
EMP05287,Rakesh Ayush Joshi,53,31,Operations,95000,4500,5700,1333,1632,81835,0,10190,16818,4217,2827,34052,16101,13196,Medium,0.4161055782977943,0.19674955703549826,0.16125129834422924,0.20551108938718152
EMP05288,Bhavna Bedi,52,25,Finance,118397,7760,7104,2590,1549,99394,10106,17399,7074,6189,4955,45723,19869,7885,Medium,0.46001770730627606,0.19990140249914481,0.07933074431052176,0.07117129806628167
EMP05289,Yash Fernandes,55,27,HR,67990,1799,4079,1698,1198,59216,0,7106,13885,5236,3676,29903,14611,3576,Medium,0.5049817616860308,0.24674074574439342,0.06038908403134288,0.23448054579843286
EMP05290,Charu Kumawat,22,0,Sales,45000,583,2700,1063,1595,39059,0,4128,0,2972,1229,8329,19799,2524,High,0.21324150643897694,0.5068998182237129,0.06462018996902122,0.0
EMP05291,Khushi Khanna,42,27,HR,70000,2000,4200,1789,791,61220,0,10637,13803,4023,2701,31164,10593,3258,Medium,0.5090493302842208,0.17303168899052598,0.053217902646194054,0.2254655341391702
EMP05292,Nikita Bose,25,2,Operations,50395,853,3024,1052,1323,44143,11558,5324,7720,3693,2359,30654,4791,1809,Low,0.6944249371361257,0.10853362934100537,0.04098044990145663,0.1748861654169404
EMP05293,Sai Tiwari,31,5,Operations,58995,1283,3540,973,2029,51170,10637,6273,0,4408,3208,24526,10890,2572,Medium,0.4793042798514755,0.21282001172562048,0.05026382646081688,0.0
EMP05294,Anurag Chauhan,60,36,Data Science,170000,17500,10200,3114,1645,137541,31293,19614,11366,8832,6742,77847,24461,7843,Medium,0.5659912317054551,0.1778451516275147,0.05702299677914222,0.082637177278048
EMP05295,Nikita Singh,39,14,Finance,103880,5582,6233,3931,1018,87116,0,11094,23512,8033,3965,46604,10157,13527,Medium,0.5349648744203132,0.11659167087561412,0.1552757243215942,0.26989301620827405
EMP05296,Diya Mundra,40,12,Marketing,70540,2054,4232,1712,1380,61162,14733,9451,4837,4610,3325,36956,11682,2525,Medium,0.6042313855008011,0.1910009483012328,0.04128380366894477,0.07908505281056866
EMP05297,Shruti Chatterjee,31,5,IT,89617,3962,5377,1945,1592,76741,19503,7538,3890,8113,3040,42084,10998,11672,Medium,0.5483900392228405,0.14331322239741467,0.15209601125864922,0.05068998319021123
EMP05298,Kartik Sharma,35,8,Cyber Security,116540,7481,6992,2272,1189,98606,0,7765,26720,7707,2890,45082,15373,20172,Medium,0.4571932742429467,0.1559032918889317,0.20457172991501532,0.27097742530880475
EMP05299,Shruti Thomas,60,35,HR,70000,2000,4200,1396,1530,60874,0,8558,10984,1733,2528,23803,25078,2339,Medium,0.39102079705621445,0.41196569964188323,0.03842362913559155,0.18043828235371423
EMP05300,Monika Saini,33,12,Sales,65471,1607,3928,1838,2049,56049,0,8610,9102,3272,3033,24017,13538,3693,Medium,0.4285000624453603,0.24153865367803173,0.06588877589252261,0.1623936198683295
EMP05301,Diya Purohit,54,36,Data Science,170000,17500,10200,3914,1731,136655,0,18735,27696,6341,5052,57824,53047,4599,Medium,0.4231385606088325,0.38818191796860707,0.033654092422523874,0.20267095971607332
EMP05302,Swati More,35,7,Sales,55967,1132,3358,710,1001,49766,11651,6910,0,3214,2168,23943,12272,2347,Medium,0.4811116022987582,0.24659406020174415,0.04716071213278142,0.0
EMP05303,Ayush Pandey,55,30,Customer Support,60000,1333,3600,1825,1291,51951,9929,7848,0,1952,1175,20904,20635,2519,High,0.40237916498238724,0.3972012088313988,0.04848799830609613,0.0
EMP05304,Namrata Chopra,24,2,Data Science,94373,4437,5662,1451,2117,80706,0,10983,0,14482,8527,33992,9548,7282,Medium,0.42118305949991325,0.11830594999132654,0.09022873144499789,0.0
EMP05305,Siddharth Solanki,37,14,Finance,102509,5376,6151,2543,2147,86292,0,13757,1978,2877,4048,22660,35291,5700,High,0.2625967644741112,0.4089718629768692,0.06605479071061049,0.022922171232559217
EMP05306,Aditya Shreya Roy,33,9,HR,51607,914,3096,917,1337,45343,0,6922,0,1056,1629,9607,19210,3032,High,0.2118739386454359,0.4236596608076219,0.0668680943034206,0.0
EMP05307,Simran Purohit,45,20,Sales,77258,2726,4635,1493,1648,66756,20506,9765,0,8767,4844,43882,2427,3248,Medium,0.6573491521361375,0.036356282581341,0.04865480256456348,0.0
EMP05308,Prateek Trivedi,28,6,Finance,88405,3840,5304,1203,1872,76186,0,10975,7985,8103,4605,31668,17832,6277,Medium,0.4156669204315754,0.2340587509516184,0.08239046543984459,0.10480928254534953
EMP05309,Prachi Ayush Thomas,56,27,Sales,85000,3500,5100,2014,1470,72916,19566,11077,8192,1820,6003,46658,2271,298,Low,0.6398869932525098,0.031145427615338197,0.004086894508749795,0.11234845575730978
EMP05310,Sakshi Fernandes,27,6,Data Science,111423,6713,6685,3959,1134,92932,29947,14826,3953,14609,5585,68920,3686,2992,Low,0.7416175267937847,0.03966340980501872,0.03219558386777429,0.04253647828519778
EMP05311,Sanya Shetty,56,31,Cyber Security,180000,20000,10800,2933,836,145431,35990,24479,17808,11939,7887,98103,17563,6522,Low,0.6745673205850197,0.12076517386251899,0.04484600944777936,0.12244982156486581
EMP05312,Simran Mundra,30,6,Customer Support,42649,466,2559,768,1054,37802,6894,3562,3712,2330,1020,17518,13236,1372,Medium,0.4634146341463415,0.3501402042219988,0.03629437595894397,0.0981958626527697
EMP05313,Neha Chopra,37,17,Sales,70734,2073,4244,1211,858,62348,16094,10051,0,1435,4693,32273,2997,319,Medium,0.5176268685442997,0.04806890357349073,0.0051164431898376855,0.0
EMP05314,Ayaan Bagri,42,28,Customer Support,60000,1333,3600,2122,1503,51442,0,6190,11218,3902,2028,23338,9366,8032,Medium,0.4536759846040201,0.1820691263947747,0.1561370086699584,0.21807083705921232
EMP05315,Tushar Arjun Saini,44,27,Customer Support,60000,1333,3600,1641,2202,51224,3528,8486,0,1072,2213,15299,1221,145,Medium,0.2986685928471029,0.02383648289864126,0.0028307043573325003,0.0
EMP05316,Dhruv Sahu,23,2,Sales,50679,867,3041,741,1172,44858,13441,5035,0,7400,4344,30220,2027,2466,Low,0.6736813946230327,0.04518703464265014,0.054973471844487046,0.0
EMP05317,Vivek Singh,26,7,IT,100856,5128,6051,2721,1305,85651,0,13182,22766,5002,6231,47181,17992,4411,Medium,0.5508517121808268,0.21006176226780773,0.05149969060489661,0.26579958202472825
EMP05318,Gaurav Pillai,25,3,IT,89056,3906,5343,2150,1942,75715,0,9372,0,4708,5182,19262,441,649,Medium,0.2544013735719474,0.005824473354024962,0.008571617248893878,0.0
EMP05319,Vihaan Bohra,57,38,Sales,85000,3500,5100,2196,1926,72278,0,11269,24719,5444,4184,45616,12592,2594,Medium,0.6311187359915881,0.17421622070339524,0.03588920556739257,0.34199894850438584
EMP05320,Tanvi Bedi,40,14,Cyber Security,141287,11591,8477,2657,1056,117506,12665,16047,8675,5332,3730,46449,18906,30101,High,0.3952904532534509,0.1608939118002485,0.25616564260548397,0.07382601739485643
EMP05321,Karan Pandey,26,4,IT,86817,3682,5209,1944,841,75141,19928,14035,4864,4668,5623,49118,10518,2494,Medium,0.6536777524919818,0.1399768435341558,0.03319093437670513,0.0647316378541675
EMP05322,Sonali Dhruv Bhatia,53,27,Data Science,167166,16792,10030,3287,997,136060,0,20270,0,10685,6602,37557,38561,14492,High,0.27603263266206085,0.2834117301190651,0.10651183301484639,0.0
EMP05323,Rakesh D'Souza,26,6,HR,43479,507,2609,1115,1973,37275,7070,4136,0,2307,1158,14671,13785,1343,High,0.39358819584171695,0.3698189134808853,0.03602951039570758,0.0
EMP05324,Ravi Thomas,53,30,Customer Support,60000,1333,3600,2069,761,52237,12260,6492,3693,3515,2654,28614,6664,7780,Medium,0.5477726515688114,0.12757241036047245,0.14893657752168005,0.07069701552539388
EMP05325,Preeti Srivastava,29,2,HR,44344,551,2661,716,1684,38732,0,3876,2570,3194,1821,11461,10781,3185,High,0.295905194671073,0.2783486522771868,0.0822317463595993,0.06635340287101105
EMP05326,Dev Swain,37,18,Sales,73658,2366,4419,1673,1706,63494,18915,11213,5060,7191,5424,47803,2421,2641,Low,0.7528742873342363,0.038129587047595045,0.04159448136831827,0.079692569376634
EMP05327,Ayush Joshi,35,10,Marketing,72078,2208,4325,2134,1339,62072,14393,8924,0,3756,2652,29725,12890,4153,Medium,0.4788793658976672,0.20766206985436267,0.06690617347596339,0.0
EMP05328,Garima Chaudhary,55,38,HR,70000,2000,4200,2110,1952,59738,0,9519,20407,3308,3551,36785,10471,1905,Low,0.6157722052964613,0.17528206501724194,0.0318892497237939,0.34160835649000637
EMP05329,Abhishek Swati Banerjee,51,31,Sales,85000,3500,5100,2077,1927,72396,0,8024,23764,9667,6397,47852,5608,3281,Low,0.6609757445162716,0.07746284325100834,0.04532018343554892,0.32825017956793195
EMP05330,Sai Somani,39,14,Data Science,128150,9222,7689,3020,1048,107171,24225,13687,5288,6616,3001,52817,15421,23259,High,0.49282921685903835,0.1438915378227319,0.21702699424284555,0.04934170624515961
EMP05331,Nitin Suri,52,31,IT,150000,13333,9000,3966,2046,121655,9428,21226,0,8191,5826,44671,29085,10185,Medium,0.36719411450413053,0.2390777197813489,0.08372035674653734,0.0
EMP05332,Saurabh Varun Behera,25,2,Data Science,98166,4817,5890,2062,1550,83847,0,10127,0,7677,4579,22383,25263,6961,High,0.26695051701313105,0.3012987942323518,0.08302026309826231,0.0
EMP05333,Sai Tiwari,23,2,HR,41656,416,2499,1072,1533,36136,0,3821,0,3620,1426,8867,10288,3691,High,0.24537856984724374,0.28470223599734334,0.1021419083462475,0.0
EMP05334,Sonia Naidu,50,28,Customer Support,60000,1333,3600,1749,2125,51193,15018,9309,23037,1282,3539,52185,0,0,Low,1.0193776492879887,0.0,0.0,0.450002930088098
EMP05335,Lakshay Naidu,22,3,Cyber Security,106240,5936,6374,3293,878,89759,20706,8978,0,5730,4670,40084,3089,379,Medium,0.44657360264708834,0.03441437627424548,0.004222417807685023,0.0
EMP05336,Trisha Jindal,43,28,Sales,85000,3500,5100,1846,2410,72144,0,9043,22215,3620,4082,38960,1907,303,Low,0.540031049013085,0.026433244621867375,0.004199933466400532,0.3079258150365935
EMP05337,Siddharth Joshi,38,14,Marketing,73285,2328,4397,1610,2025,62925,0,9570,21170,3623,3739,38102,11083,2745,Low,0.6055145013905443,0.17613031386571315,0.04362336114421931,0.3364322606277314
EMP05338,Rashmi Kapoor,36,11,Sales,58794,1273,3528,1042,2107,50844,0,7585,0,6314,2801,16700,7403,4564,Medium,0.32845566831877904,0.14560223428526473,0.0897647706710723,0.0
EMP05339,Aman Ahuja,58,35,Sales,85000,3500,5100,1388,2087,72925,0,13385,20879,2756,5262,42282,2131,940,Low,0.5798011655810764,0.029221803222488858,0.012889955433664724,0.28630785053136787
EMP05340,Bhavna Siddharth Sandhu,52,34,Data Science,170000,17500,10200,3969,1841,136490,0,19316,33023,8573,6613,67525,27527,8594,Medium,0.49472488827020294,0.20167777859183822,0.06296431973038318,0.24194446479595574
EMP05341,Ritika Vivek Trivedi,22,1,Operations,52590,963,3155,862,2000,45610,15346,5242,0,6630,4537,31755,2743,1470,Medium,0.6962288971716729,0.06014032010524008,0.03222977417233063,0.0
EMP05342,Anurag Kulkarni,51,30,Sales,85000,3500,5100,2099,1608,72693,0,10356,25119,1816,2977,40268,1189,807,Low,0.553946047074684,0.016356457980823462,0.011101481573191366,0.34554909000866657
EMP05343,Ravi Megha Banerjee,40,9,Cyber Security,128922,9338,7735,3741,1676,106432,29007,17307,9075,8943,7549,71881,14649,3945,Medium,0.6753701894167168,0.13763717678893567,0.037065920024052915,0.08526570956103427
EMP05344,Megha Maheshwari,53,23,Data Science,152993,13932,9180,3165,1913,124803,0,23967,38131,8438,8228,78764,17581,6840,Low,0.6311066240394863,0.1408700111375528,0.054806374846758495,0.3055295145148754
EMP05345,Tanvi Ahuja,34,9,HR,56086,1138,3365,991,1531,49061,0,4848,15260,4572,2986,27666,7478,6833,Medium,0.563910234198243,0.15242249444569006,0.1392755956870019,0.31104135667842076
EMP05346,Aman Sahu,54,31,Data Science,170000,17500,10200,3589,2297,136414,0,16588,35235,8811,4819,65453,17248,21582,Medium,0.47981145630213906,0.12643863533068453,0.1582095679329101,0.2582946031932206
EMP05347,Ayush Goel,39,14,Finance,101551,5233,6093,2425,1744,86056,0,14112,0,4760,5087,23959,23715,8809,High,0.2784117318955099,0.27557636887608067,0.10236357720554058,0.0
EMP05348,Shivam Khanna,53,38,HR,70000,2000,4200,1930,950,60920,0,10364,18843,3610,4228,37045,10438,2161,Low,0.6080925804333552,0.17133946158896915,0.03547275114904793,0.30930728824688114
EMP05349,Gaurav Joshi,59,35,Operations,95000,4500,5700,2142,1959,80699,0,10874,24871,2968,3390,42103,22837,2903,Medium,0.5217288937905055,0.2829898759588099,0.03597318430215988,0.3081946492521593
EMP05350,Harsh Nagpal,57,23,IT,134071,10148,8044,3274,1718,110887,0,14831,0,3364,5023,23218,61100,5327,Medium,0.20938432818995914,0.5510113899735767,0.048039896471182376,0.0
EMP05351,Divya Kunal Purohit,25,2,IT,84717,3472,5083,1905,1533,72724,0,8559,0,4387,3081,16027,38323,3770,Medium,0.22038116715252187,0.5269649634233541,0.051839832792475664,0.0
EMP05352,Pallavi Seth,23,1,Finance,73951,2395,4437,1588,1221,64310,21054,10167,0,1774,4744,37739,549,1124,Low,0.5868294199968901,0.00853677499611258,0.017477841704245062,0.0
EMP05353,Aditya Khandelwal,37,13,Operations,75798,2580,4548,2174,1543,64953,0,9688,0,4451,3379,17518,18232,5186,Medium,0.26970270811201946,0.280695271965883,0.07984234754360846,0.0
EMP05354,Aditya Mohanty,29,5,Data Science,101369,5205,6082,2621,2157,85304,22038,7484,7461,6187,4015,47185,11316,15364,Medium,0.5531393604051392,0.13265497514770702,0.18010878739566727,0.08746365938291288
EMP05355,Kartik Lokesh Ahuja,58,29,Operations,95000,4500,5700,1642,1127,82031,0,7011,26186,5138,2414,40749,20954,4819,Medium,0.49675122819421924,0.25544001657909815,0.058746083797588715,0.3192207823871463
EMP05356,Aditi Sharma,39,16,Customer Support,53697,1018,3222,979,863,47615,12383,8232,0,1669,3674,25958,32,813,Medium,0.5451643389688123,0.0006720571248556127,0.01707445132836291,0.0
EMP05357,Yash Jain,38,18,Finance,112338,6851,6740,3876,1212,93659,8758,14329,2878,6166,3572,35703,28859,5422,High,0.3812020200941714,0.3081284233229054,0.05789085939418529,0.030728493791306762
EMP05358,Sumit Khurana,35,6,Sales,49673,817,2980,798,1766,43312,0,4299,15030,2834,1796,23959,6745,7517,Medium,0.55317233099372,0.15573051348356115,0.17355467306981898,0.34701699298115996
EMP05359,Aarav Chauhan,59,34,Operations,95000,4500,5700,1368,2141,81291,0,13637,17176,11941,6003,48757,7417,3606,Low,0.5997834938677098,0.09124011268160066,0.04435915414990589,0.21129030273954066
EMP05360,Vihaan Somani,45,21,Finance,120448,8067,7227,3716,1367,100071,23527,14292,0,3661,2807,44287,29298,5708,Medium,0.4425557853923714,0.29277213178643163,0.05703950195361294,0.0
EMP05361,Nisha Bansal,45,21,HR,63001,1483,3780,1479,1394,54865,10466,8468,3772,1612,2164,26482,15795,2697,Medium,0.48267565843433885,0.2878884534767156,0.04915702178073453,0.06875056957987788
EMP05362,Anurag Prachi Porwal,46,25,Marketing,90000,4000,5400,1431,1395,77774,19130,14465,8327,4312,4558,50792,11748,3073,Medium,0.6530717206264304,0.1510530511481986,0.03951191915035873,0.10706662895054903
EMP05363,Ayush Nisha Chatterjee,30,5,Data Science,109858,6479,6591,2840,1976,91972,0,9558,0,7506,4054,21118,24485,19345,High,0.22961336058800505,0.26622232853477146,0.2103357543600226,0.0
EMP05364,Priya George,30,6,Cyber Security,114994,7249,6900,3573,1403,95869,20086,11526,12954,1851,2420,48837,26131,3202,Medium,0.5094138877009252,0.27256986095609637,0.033399743399847706,0.1351218850723383
EMP05365,Nandini Sahu,56,34,Operations,95000,4500,5700,1890,2040,80870,16995,9074,14415,2124,2726,45334,23123,3042,Medium,0.5605787065660938,0.2859280326449858,0.03761592679609249,0.17824904167181896
EMP05366,Trisha Behera,37,18,Sales,74024,2402,4441,1532,1474,64175,14060,9670,7773,3094,3197,37794,8789,9113,Medium,0.5889209193611219,0.13695364238410596,0.14200233735878456,0.12112193221659524
EMP05367,Garima Mansi Deshmukh,56,33,Finance,130000,9500,7800,2651,1441,108608,0,13218,8187,3914,4289,29608,46324,6912,Medium,0.2726134354743665,0.4265247495580436,0.06364172068355922,0.0753811873895109
EMP05368,Sumit Yadav,53,28,Operations,95000,4500,5700,2067,1078,81655,0,10986,0,2172,3648,16806,38059,4418,Medium,0.20581715755311983,0.46609515645092153,0.05410568856775458,0.0
EMP05369,Vaishnavi Shetty,39,18,Cyber Security,152781,13890,9167,3595,1877,124252,0,19279,34756,2661,3418,60114,35254,6660,Medium,0.48380710169655217,0.2837298393587226,0.053600746869265685,0.2797218555838135
EMP05370,Kavya Kulkarni,58,36,Data Science,170000,17500,10200,3567,874,137859,0,20534,30695,9687,7107,68023,32740,8907,Medium,0.49342444091426746,0.23748902864520996,0.06460949230735752,0.22265503159024802
EMP05371,Shivam Khurana,36,15,IT,115700,7355,6942,2439,1319,97645,28655,16117,7703,5619,5345,63439,15093,4368,Medium,0.6496902043115367,0.15457012647857032,0.04473347329612371,0.07888780787546726
EMP05372,Neha Narang,48,24,Operations,91198,4120,5472,1788,1854,77964,0,11646,17117,6133,3765,38661,15522,5880,Medium,0.4958827150992766,0.1990918885639526,0.07541942434969987,0.21955004874044431
EMP05373,Pankaj Tomar,48,18,Operations,77649,2765,4659,1592,2156,66477,15617,10686,0,2668,3241,32212,17758,3012,High,0.4845585691291725,0.2671299848067753,0.045308903831400335,0.0
EMP05374,Rahul Jain,59,28,Operations,95000,4500,5700,2009,957,81834,18665,9345,3578,4269,3942,39799,2219,1885,Medium,0.4863381968375003,0.027115868709827212,0.02303443556467972,0.04372265806388543
EMP05375,Tarun Das,43,16,Data Science,133651,10064,8019,2487,2046,111035,0,16945,38740,5072,6080,66837,10699,17833,Medium,0.6019453325527987,0.09635700454811547,0.16060701580582698,0.3488989958121313
EMP05376,Aditi Rawat,49,16,Data Science,141828,11699,8510,3733,1327,116559,0,17972,0,4711,3092,25775,52030,8911,Medium,0.22113264526977755,0.44638337665903105,0.076450552938855,0.0
EMP05377,Avantika Sandhu,49,17,Finance,102279,5342,6137,3021,1778,86001,0,12591,26430,2232,3162,44415,23914,3392,Medium,0.5164474831688004,0.2780665341100685,0.0394414018441646,0.30732200788362923
EMP05378,Ayaan Bhardwaj,33,11,Product Management,164888,16311,9893,2645,1574,134465,34446,20050,19788,12638,5926,92848,15653,6220,Medium,0.6904993864574425,0.11640947458446436,0.04625739039898859,0.1471609712564608
EMP05379,Vaishnavi Neha Saxena,60,32,Sales,85000,3500,5100,1503,1245,73652,0,11527,16518,2514,4039,34598,3381,1704,Low,0.46974963341117687,0.045905067072177265,0.023135827947645685,0.22427089556291752
EMP05380,Vaishnavi Namrata Pradhan,49,21,Customer Support,52012,934,3121,820,2075,45062,0,6777,8826,3235,2375,21213,11185,2794,Medium,0.4707514091695886,0.24821357241134437,0.06200346189694199,0.195863476987262
EMP05381,Deepak Sahu,33,9,Finance,92968,4297,5578,1531,1552,80010,21515,12246,0,4625,4442,42828,16098,3426,Medium,0.5352830896137982,0.20119985001874766,0.042819647544056996,0.0
EMP05382,Shruti Shinde,27,2,IT,81966,3197,4918,1240,1942,70669,15149,11330,0,3843,2461,32783,8034,15366,High,0.4638950600687713,0.113684925497743,0.21743621672869293,0.0
EMP05383,Prachi Lokesh Pillai,47,21,Operations,88560,3856,5314,1455,1857,76078,20713,11039,0,5369,4923,42044,16464,2844,Medium,0.5526433397302768,0.216409474486711,0.037382686190488706,0.0
EMP05384,Jyoti Bhardwaj,38,17,Data Science,139196,11173,8352,3158,1115,115398,27950,19931,0,6836,7579,62296,25074,4774,Medium,0.5398360456853671,0.2172827951957573,0.041369867762006275,0.0
EMP05385,Kavya Srivastava,32,6,HR,46308,649,2778,962,2196,39723,0,3251,0,2212,1791,7254,21900,1814,High,0.18261460614757194,0.5513178762933313,0.045666238703018405,0.0
EMP05386,Saurabh Saini,29,4,HR,46548,661,2793,1055,1884,40155,0,5188,0,3131,1591,9910,17066,2669,High,0.24679367451126882,0.4250031129373677,0.06646743867513386,0.0
EMP05387,Sonali Rajput,55,26,Sales,84183,3418,5051,1741,2002,71971,6368,12451,0,10761,6217,35797,5223,5534,Medium,0.4973808895249475,0.07257089661113504,0.07689208153283962,0.0
EMP05388,Payal Bagri,43,23,HR,65403,1603,3924,1667,1359,56850,0,9454,11129,3065,2421,26069,8388,11250,Medium,0.4585576077396658,0.14754617414248022,0.19788918205804748,0.1957607739665787
EMP05389,Dhruv Vivaan Bose,37,9,Sales,60286,1348,3617,1503,1143,52675,14931,8704,6038,8647,3575,41895,2517,1327,Low,0.7953488372093023,0.04778357854769815,0.025192216421452304,0.11462743236829616
EMP05390,Hemant Rawat,35,5,Product Management,141741,11682,8504,3166,1978,116411,21215,17233,0,2439,5356,46243,45967,4343,Medium,0.39723909252562045,0.39486818256006734,0.03730747094346754,0.0
EMP05391,Riya Rajput,49,17,Sales,70387,2039,4223,1790,1094,61241,16231,10933,0,3933,3937,35034,10375,3908,Medium,0.5720677324014958,0.16941264838915107,0.06381345830407734,0.0
EMP05392,Nikita Malhotra,55,25,Sales,85000,3500,5100,1207,1435,73758,0,12860,24152,8968,5015,50995,3393,3752,Low,0.6913826296808482,0.04600178963637842,0.05086905827164511,0.32744922584668784
EMP05393,Lokesh Wadhwa,37,13,IT,117268,7590,7036,3527,2151,96964,29030,16149,0,11167,7030,63376,5647,5046,Medium,0.653603399199703,0.058238108988903095,0.05203993234602533,0.0
EMP05394,Arjun Saini,56,29,Operations,95000,4500,5700,1850,1380,81570,17634,12564,0,1766,1917,33881,24692,3656,Medium,0.4153610395978914,0.3027093294103224,0.044820399656736544,0.0
EMP05395,Hemant Reddy,44,18,Sales,76142,2614,4569,1203,1921,65835,14147,7008,0,3663,2961,27779,21434,4018,Medium,0.42194881142249563,0.32557150451887296,0.061031366294524186,0.0
EMP05396,Vivek Narang,23,2,Sales,48422,754,2905,826,678,43259,13762,5823,3966,6818,3830,34199,1936,911,Low,0.7905638133105249,0.04475369287315934,0.02105920155343397,0.09168034397466424
EMP05397,Preeti Bedi,46,21,HR,66956,1696,4017,1853,1237,58153,0,9660,14273,4420,2593,30946,9800,2850,Medium,0.53214795453373,0.16852097054322218,0.04900864959675339,0.24543875638402146
EMP05398,Pankaj Gupta,35,7,Data Science,117993,7699,7080,3774,1696,97744,20197,12892,0,6056,5560,44705,13111,20691,High,0.457368227205762,0.13413611065640857,0.2116856277623179,0.0
EMP05399,Ananya Mehta,36,11,Customer Support,48630,765,2918,725,1674,42548,2767,6153,3207,1327,1751,15205,1374,363,Medium,0.3573610980539626,0.032292939738648115,0.008531540847983453,0.07537369559086209
EMP05400,Siddharth George,53,26,IT,139537,11241,8372,3095,1791,115038,35180,18258,0,12828,11349,77615,4322,5442,Medium,0.6746901024009457,0.03757019419670022,0.0473061075470714,0.0
EMP05401,Dev Parmar,46,28,HR,70000,2000,4200,1221,931,61648,0,9797,15594,3315,2742,31448,10677,3203,Medium,0.5101219828704905,0.17319296651959512,0.051956267843239035,0.2529522450038931
EMP05402,Pallavi Mundra,41,23,Cyber Security,175867,18967,10552,2946,1116,142286,33010,19695,0,3012,9951,65668,5075,3014,Medium,0.4615211616040932,0.035667599061046065,0.021182688388175927,0.0
EMP05403,Hemant Sharma,42,27,Customer Support,60000,1333,3600,1872,1558,51637,10142,5814,0,2859,2418,21233,8327,10214,High,0.4111973972151752,0.16126033658035904,0.19780390030404554,0.0
EMP05404,Karan Ishita Chaudhary,59,24,Customer Support,56593,1163,3396,975,1990,49069,0,7681,15985,3701,3157,30524,7719,2471,Medium,0.6220628095131345,0.1573090953555198,0.05035765962216471,0.32576575842181416
EMP05405,Nikita Swain,33,9,Customer Support,45076,587,2705,950,953,39881,10371,4804,2581,3025,3030,23811,166,453,Medium,0.5970512274015195,0.004162383089691833,0.011358792407412052,0.06471753466563025
EMP05406,Rohit Reddy,24,1,Product Management,120921,8138,7255,3161,1387,100980,0,10074,0,6714,4048,20836,41057,8932,High,0.20633788869082986,0.4065854624678154,0.08845315904139434,0.0
EMP05407,Namrata Rawat,32,7,IT,99903,4990,5994,1652,1114,86153,19686,12771,9557,2757,6094,50865,1259,739,Low,0.5904031200306431,0.014613536382946619,0.008577762817313385,0.11093055378222465
EMP05408,Rohan Kavya Naidu,41,21,Product Management,198847,24712,11931,2638,1412,158154,45338,27743,0,21781,15110,109972,11481,3693,Low,0.6953475726190927,0.07259380097879282,0.023350658219204068,0.0
EMP05409,Aakash Bhavna Yadav,32,10,Sales,60682,1367,3641,1609,1779,52286,18160,6687,9081,8759,3971,46658,633,962,Low,0.8923612439276288,0.012106491221359447,0.018398806563898557,0.17367937880120873
EMP05410,Nikhil Reddy,30,5,Operations,56497,1158,3390,1100,926,49923,0,4624,2345,3272,1004,11245,25635,2777,High,0.22524688019550107,0.5134907757947239,0.05562566352182361,0.046972337399595374
EMP05411,Gaurav Deshmukh,44,23,Customer Support,57912,1229,3475,1158,890,51160,3468,5874,3729,1733,1427,16231,23571,2128,High,0.31725957779515246,0.46073103987490227,0.041594996090695856,0.0728889757623143
EMP05412,Aditi Rajput,45,22,Marketing,87650,3765,5259,1823,1225,75578,0,13200,4826,5054,3910,26990,18885,5019,Medium,0.357114504220805,0.24987430204556882,0.06640821403053798,0.06385456085104131
EMP05413,Rohit Verma,51,30,IT,150000,13333,9000,3591,1657,122419,0,15057,28749,3830,3291,50927,49318,3915,Medium,0.41600568539197347,0.4028623007866426,0.03198032985075846,0.23484099690407534
EMP05414,Ananya Chaudhary,47,25,Sales,82835,3284,4970,1896,1575,71110,0,10738,0,4123,3962,18823,24836,5545,High,0.2647025734777106,0.3492617072141752,0.0779777809028266,0.0
EMP05415,Nikhil Anurag Kohli,33,10,Sales,63110,1489,3787,1926,1172,54736,0,7542,0,5416,3173,16131,17931,4193,Medium,0.2947054954691611,0.32759061677871965,0.07660406313943291,0.0
EMP05416,Mohit Harsh Pandey,25,1,HR,40000,333,2400,791,2095,34381,0,4549,0,3578,2256,10383,11964,1889,Medium,0.30199819667839795,0.34798289753061284,0.05494313719787092,0.0
EMP05417,Yash Bagri,35,5,Sales,53235,995,3194,1151,1996,45899,13417,5554,14108,8612,4223,45914,0,0,Low,1.0003268045055447,0.0,0.0,0.3073705309483867
EMP05418,Lokesh Kumawat,58,24,Sales,83488,3349,5009,1787,2415,70928,0,11273,20227,8603,4799,44902,6390,3140,Low,0.6330645161290323,0.09009136025265058,0.04427024588314911,0.2851765170313557
EMP05419,Yuvraj Agarwal,29,6,Customer Support,40741,370,2444,778,2019,35130,3989,4682,1479,1400,2656,14206,690,955,Medium,0.4043837176202676,0.01964133219470538,0.02718474238542556,0.04210076857386849
EMP05420,Neha Lodha,34,7,Operations,62754,1471,3765,1283,1046,55189,14496,9704,0,3335,4066,31601,10146,3085,Medium,0.572595988331008,0.1838409828045444,0.055898820417112104,0.0
EMP05421,Yuvraj Bhatia,44,27,Sales,82460,3246,4948,1507,1737,71022,0,7193,23363,6056,3561,40173,14633,3697,Medium,0.5656416321703134,0.2060347497958379,0.05205429303596069,0.32895440849314295
EMP05422,Nandini Patel,28,3,HR,43274,497,2596,1148,2230,36803,8235,3540,0,3280,2020,17075,8306,2221,Medium,0.4639567426568486,0.22568812325082194,0.060348341167839575,0.0
EMP05423,Diya Bose,41,21,Sales,76195,2620,4572,1494,1741,65768,0,8836,0,4182,2503,15521,10846,19241,High,0.23599622916920082,0.16491302761221263,0.29255869115679356,0.0
EMP05424,Shruti Seth,52,36,Sales,85000,3500,5100,1637,1306,73457,26242,12440,20022,11745,7206,77655,0,0,Low,1.0571490804143922,0.0,0.0,0.2725676245967028
EMP05425,Diya Nagpal,58,31,IT,150000,13333,9000,3141,1776,122750,31397,14601,15796,10917,5794,78505,14726,14697,Medium,0.6395519348268839,0.11996741344195519,0.11973116089613034,0.12868431771894093
EMP05426,Simran Bhatia,46,27,IT,148178,12969,8891,3435,2141,120742,0,15473,42152,10468,7784,75877,13271,15111,Low,0.6284225870036938,0.10991204386211922,0.12515114873035066,0.3491080154378758
EMP05427,Karan Banerjee,32,12,IT,111259,6689,6676,3718,1188,92988,0,15908,31412,1890,6722,55932,978,242,Low,0.6014969673506259,0.010517486127242225,0.0026024863423237407,0.33780702886393943
EMP05428,Palak Prateek Thomas,50,20,Data Science,150838,13501,9050,2555,1423,124309,0,20366,31441,10251,7924,69982,23734,5359,Medium,0.5629680875881875,0.1909274469266103,0.043110313814768035,0.2529261759003773
EMP05429,Sanya Nagpal,30,5,HR,46645,666,2799,1110,1558,40512,0,6092,0,4331,3336,13759,4148,2879,Medium,0.3396277646129542,0.10238941548183254,0.07106536334913112,0.0
EMP05430,Rupal Saurabh Parmar,30,7,Operations,65044,1586,3903,1301,898,57356,15125,8074,6169,2291,2324,33983,656,952,Low,0.5924925029639445,0.011437338726549968,0.016598089127554224,0.10755631494525421
EMP05431,Tarun Bohra,48,25,Data Science,169448,17362,10167,3392,2115,136412,12410,17557,18640,7694,7949,64250,16870,26474,Medium,0.4709996188018649,0.12366947189396828,0.19407383514646806,0.13664486995279007
EMP05432,Anjali Banerjee,36,18,Marketing,78897,2890,4734,2017,836,68420,0,7135,16467,6077,2988,32667,16338,3682,Medium,0.47744811458637826,0.23878982753580824,0.0538146740719088,0.24067524115755626
EMP05433,Pallavi Jadhav,59,23,Product Management,201482,25445,12089,3107,1833,159008,0,21961,43496,7056,8113,80626,16204,30554,Medium,0.5070562487422017,0.10190682229824914,0.1921538538941437,0.27354598510766753
EMP05434,Rishabh Kohli,44,18,Operations,82085,3208,4925,2104,2197,69651,0,11608,12670,4517,4114,32909,16564,3346,Medium,0.4724842428680134,0.23781424530875364,0.04803951127765574,0.18190693600953325
EMP05435,Sonia Tomar,26,2,Cyber Security,102871,5431,6172,3920,1715,85633,0,13959,21316,3956,5119,44350,10098,12578,Medium,0.51790781591209,0.11792182920135928,0.14688262702462834,0.24892272838742074
EMP05436,Krishna Joshi,56,23,IT,145934,12520,8756,2747,1321,120590,25269,14511,4439,4184,3809,52212,38602,6561,High,0.4329712248113442,0.32010946181275396,0.05440749647566133,0.03681068081930508
EMP05437,Arjun Sandhu,52,26,IT,143351,12004,8601,3104,1397,118245,12458,18788,0,8930,7462,47638,27056,6587,Medium,0.4028753858514102,0.2288130576345723,0.055706372362467754,0.0
EMP05438,Prateek Jadhav,36,16,HR,59429,1305,3566,1016,984,52558,16422,9995,0,2182,3505,32104,1138,611,Medium,0.6108299402564785,0.02165226987328285,0.01162525210243921,0.0
EMP05439,Vikram Avantika Sharma,42,25,Customer Support,59122,1289,3547,1082,1823,51381,0,7560,14322,3895,2846,28623,9265,2549,Low,0.5570736264377882,0.1803195733831572,0.04960977793347736,0.27874116891457934
EMP05440,Manish Das,37,12,Finance,99441,4944,5966,2146,2125,84260,19412,10416,0,3765,3711,37304,16288,16604,High,0.44272489912176594,0.19330643247092333,0.19705672917161168,0.0
EMP05441,Trisha Reddy,50,21,Sales,78576,2858,4715,2184,1447,67372,0,10000,20566,11430,4943,46939,3985,2291,Low,0.6967137683310574,0.05914920144867304,0.03400522472243662,0.30526034554414294
EMP05442,Prateek Vivek Mundra,35,6,Sales,51986,933,3119,821,1533,45580,12093,7305,0,2458,2612,24468,8388,2773,Medium,0.5368143922773146,0.1840280824923212,0.06083808688021062,0.0
EMP05443,Kavya Suri,55,32,Sales,85000,3500,5100,1382,1356,73662,17505,10695,0,5091,3908,37199,17598,3282,Medium,0.5049957915886074,0.23890201189215607,0.044554858678830335,0.0
EMP05444,Saloni Ananya Naidu,40,18,Data Science,142474,11828,8548,3025,2380,116693,32636,15658,14329,4523,4713,71859,182,1469,Low,0.6157952919198239,0.0015596479651735751,0.012588587147472428,0.12279228402731955
EMP05445,Ankit Saurabh Mukherjee,31,11,Sales,63595,1513,3816,2012,1972,54282,13056,9079,0,3612,2251,27998,9388,4177,Medium,0.5157879223315279,0.1729486754356877,0.07695000184223132,0.0
EMP05446,Sakshi Nagpal,35,7,Sales,59148,1291,3549,1185,2184,50939,13063,5771,4458,5130,3107,31529,7714,2705,Medium,0.6189560062034983,0.1514360313315927,0.05310273071713226,0.08751644123363238
EMP05447,Bhavna Sai D'Souza,57,22,Marketing,87923,3792,5275,1540,1269,76047,0,13446,23393,5875,5327,48041,11343,3498,Low,0.6317277473141609,0.14915775770247347,0.04599786973845122,0.3076123975962234
EMP05448,Aarav Das,57,37,IT,150000,13333,9000,3993,763,122911,24520,20122,0,3294,5962,53898,40932,5715,Medium,0.43851241955561343,0.3330214545484131,0.04649705884745873,0.0
EMP05449,Vivek Soni,30,7,Operations,65865,1627,3952,2133,1684,56469,12279,8133,0,1824,1358,23594,22140,1799,High,0.41782216791513926,0.3920735270679488,0.031858187678195114,0.0
EMP05450,Shruti Patel,27,3,Finance,81872,3187,4912,1693,1186,70894,19961,8264,5310,7784,5097,46416,10924,2859,Medium,0.6547239540722769,0.15408920359974046,0.04032781335514994,0.07490055575930261
EMP05451,Muskan Dubey,40,17,Cyber Security,148259,12985,8896,2899,1318,122161,0,22708,0,10048,6197,38953,34229,7540,Medium,0.3188660865579031,0.28019580717250187,0.061721826114717465,0.0
EMP05452,Amit Wadhwa,44,21,Marketing,83091,3309,4985,1861,1335,71601,16439,11280,10809,4537,3158,46223,12084,2049,Medium,0.6455636094467955,0.16876859261742155,0.028616918758117903,0.15096157874890015
EMP05453,Aditi Somani,33,6,Customer Support,41957,431,2517,1019,1297,36693,0,4659,3674,3524,2396,14253,10258,2144,Medium,0.38843921183877034,0.27956285940097564,0.05843076336085902,0.10012808982639741
EMP05454,Amit Mundra,26,7,Operations,59640,1315,3578,787,886,53074,3685,5142,2512,2893,1963,16195,25108,2749,High,0.30513999321701774,0.473075328786223,0.05179560613483061,0.047330142819459624
EMP05455,Aditya Saloni Chauhan,56,28,IT,149965,13326,8998,3749,1136,122756,0,16250,0,3974,2926,23150,55799,7094,High,0.18858548665645672,0.45455211965199255,0.057789435954250706,0.0
EMP05456,Amit Naidu,44,21,IT,138044,10942,8283,3468,1575,113776,0,17935,38762,8085,7106,71888,19754,3574,Medium,0.6318379974687105,0.17362185346646042,0.031412600196878075,0.3406869638588103
EMP05457,Saloni Bansal,49,24,IT,141755,11684,8505,3120,1158,117288,0,15583,25012,7810,6966,55371,25747,8186,Medium,0.47209433190096173,0.21951947343291725,0.06979401132255644,0.2132528476911534
EMP05458,Ayaan Swati Shetty,33,9,Operations,67307,1731,4038,1642,1621,58275,0,7803,12105,2398,2628,24934,16804,3611,Medium,0.42786786786786785,0.28835692835692833,0.06196482196482196,0.20772200772200772
EMP05459,Rishabh Tushar Goel,39,14,IT,119166,7875,7150,3283,1580,99278,26045,14482,4733,4493,6613,56366,71,236,Medium,0.5677592215798062,0.0007151634803279679,0.002377163117709865,0.047674207780172846
EMP05460,Saloni Bose,60,23,IT,136945,10722,8217,2897,1079,114030,30731,18472,0,4355,8088,61646,221,615,Medium,0.5406121196176444,0.001938086468473209,0.00539331754801368,0.0
EMP05461,Ayaan Saxena,29,7,Sales,55140,1090,3308,927,1527,48288,12908,6106,0,3174,1956,24144,2277,856,Medium,0.5,0.04715457256461233,0.01772697150430749,0.0
EMP05462,Aditi Dubey,29,4,Customer Support,35957,131,2157,945,1939,30785,2017,5294,0,2221,1454,10986,8380,2168,High,0.3568621081695631,0.2722104921227871,0.07042390774727952,0.0
EMP05463,Palak Menon,55,27,Finance,130000,9500,7800,2429,1834,108437,27874,13569,0,11125,5547,58115,17701,6320,Medium,0.5359333068970923,0.1632376402888313,0.05828268948790542,0.0
EMP05464,Simran Lakhotia,55,29,Data Science,170000,17500,10200,3617,1725,136958,0,20362,0,8989,6880,36231,46268,10251,High,0.2645409541611297,0.33782619489186466,0.074847763547949,0.0
EMP05465,Sonia Rohit Roy,39,8,Sales,56168,1142,3370,1181,1349,49126,2863,7581,0,2274,2062,14780,12223,3329,Medium,0.3008590155925579,0.24880918454586165,0.06776452387737654,0.0
EMP05466,Swati Yadav,25,3,Finance,80703,3070,4842,1224,1085,70482,0,8514,0,4430,1813,14757,31853,4466,Medium,0.2093726057716864,0.45193098947248944,0.06336369569535484,0.0
EMP05467,Payal Rahul Fernandes,45,28,Marketing,90000,4000,5400,1596,1208,77796,16835,12081,0,2394,2621,33931,28720,3427,High,0.43615352974445987,0.3691706514473752,0.0440511080261196,0.0
EMP05468,Rohit Manish Mathew,38,8,Operations,65760,1621,3946,1554,1106,57533,0,8116,0,6471,4843,19430,8950,4440,Medium,0.337719222011715,0.15556289433890116,0.0771731006552761,0.0
EMP05469,Sanya Pillai,60,28,IT,144194,12172,8652,3776,2127,117467,0,12030,25316,21343,9115,67804,5009,7075,Low,0.5772174312785718,0.04264176321860608,0.06022968152757796,0.21551584700383938
EMP05470,Vivek Verma,48,15,Operations,80396,3040,4824,1487,1814,69231,13811,9816,5484,1650,2707,33468,17883,2863,Medium,0.4834250552498158,0.2583091389695368,0.04135430659675579,0.07921306928976904
EMP05471,Shruti Simran D'Souza,33,6,Finance,81111,3111,4867,2163,1419,69551,18293,7705,4472,4835,1848,37153,18054,2478,Medium,0.5341835487627784,0.2595793015197481,0.035628531581141897,0.0642981409325531
EMP05472,Vikram Mittal,44,23,Marketing,88606,3861,5316,2179,2143,75107,4948,13066,0,5799,3162,26975,21123,4341,High,0.3591542732368488,0.2812387660271346,0.05779754217316628,0.0
EMP05473,Sonia Kulkarni,55,23,Sales,78454,2845,4707,1409,2140,67353,0,12127,18739,3679,3663,38208,11761,3614,Medium,0.5672798539040578,0.17461731474470327,0.05365759505886895,0.2782207177111636
EMP05474,Rajat Narang,38,16,Marketing,72089,2209,4325,1315,2084,62156,0,7351,17145,1291,2255,28042,20969,2949,Medium,0.4511551579895746,0.3373608340305039,0.0474451380397709,0.275838213527254
EMP05475,Nisha Thomas,32,12,Cyber Security,129356,9403,7761,2734,1877,107581,12407,12741,0,12223,6158,43529,23308,8266,Medium,0.4046160567386434,0.2166553573586414,0.07683512887963488,0.0
EMP05476,Mohit Saurabh Malhotra,31,11,Marketing,66698,1670,4002,1557,1390,58079,20994,7873,2756,9472,4360,45455,2328,1063,Low,0.7826408856901806,0.04008333476816061,0.0183026567261833,0.04745260765509048
EMP05477,Karan Goel,60,22,IT,135462,10426,8128,2394,1453,113061,0,13569,38188,12305,5622,69684,21636,5322,Low,0.6163398519383342,0.19136572292833073,0.04707193461936477,0.3377645695686399
EMP05478,Nitin Chauhan,36,10,Product Management,158093,14952,9486,3151,1714,128790,32207,20441,6923,7643,5184,72398,12126,18150,Medium,0.5621399176954732,0.09415327276962497,0.1409270906126252,0.05375417346067241
EMP05479,Dev George,57,34,Marketing,90000,4000,5400,1864,1894,76842,0,9381,14719,2911,1598,28609,33625,3088,Medium,0.3723094141224851,0.43758621587152857,0.04018635641966633,0.1915488925327295
EMP05480,Amit Yadav,40,15,IT,115071,7261,6904,2561,1605,96740,0,16246,27840,5935,4170,54191,17408,5255,Low,0.5601715939632004,0.17994624767417822,0.05432086003721315,0.28778168286127764
EMP05481,Mayank Ritika Das,48,17,HR,63429,1505,3806,1437,1224,55457,0,8142,13539,2258,3789,27728,1070,1213,Low,0.49999098400562597,0.019294227960401752,0.02187280235137133,0.24413509565970032
EMP05482,Yuvraj Suri,27,3,HR,42578,462,2555,1025,1404,37132,9520,5851,6610,2515,2251,26747,4611,875,Low,0.7203220941505979,0.12417860605407735,0.023564580415813854,0.1780135731983195
EMP05483,Mohit Nair,39,16,Cyber Security,143349,12003,8601,3566,1057,118122,12355,17609,10146,5207,3810,49127,23653,18944,High,0.4159005096425729,0.20024212255126056,0.16037655982797447,0.08589424493320465
EMP05484,Ishaan Aditya George,24,3,Operations,52417,954,3145,829,2000,45489,11602,4741,0,2541,2875,21759,1926,404,Medium,0.47833542175031324,0.04233990635098595,0.008881267998856867,0.0
EMP05485,Neha Nair,40,11,Finance,89533,3953,5372,1316,1965,76927,16529,12172,10813,1919,2310,43743,21116,1923,Medium,0.5686299998700066,0.27449400080595887,0.02499772511601908,0.14056183134660133
EMP05486,Tarun Suri,29,3,IT,87561,3756,5254,1452,1307,75792,17775,10199,0,2051,3319,33344,2313,2002,Medium,0.4399408908591936,0.030517732742241926,0.026414397297867848,0.0
EMP05487,Sonia Pankaj Gill,30,7,IT,100486,5073,6029,3405,2022,83957,0,15235,14789,5850,4689,40563,17655,4579,Medium,0.4831401789011041,0.21028621794490038,0.05453982395750206,0.17614969567754923
EMP05488,Gaurav D'Souza,26,3,IT,87936,3794,5276,2005,2246,74615,15801,9177,5903,3079,3308,37268,21574,3650,High,0.49947061582791663,0.289137572874087,0.048917777926690345,0.07911277893185016
EMP05489,Rajat Kartik Khurana,43,24,Cyber Security,173072,18268,10384,3437,1654,139329,31655,13846,0,10719,5391,61611,27086,26306,High,0.442197963094546,0.19440317521836803,0.18880491498539428,0.0
EMP05490,Sakshi Sharma,29,6,IT,89017,3902,5341,1314,1010,77450,23427,13438,0,12267,5137,54269,3463,3703,Low,0.7006972240154938,0.04471271788250484,0.0478114912846998,0.0
EMP05491,Tanvi Rathore,46,28,Sales,85000,3500,5100,1819,1386,73195,0,6898,24103,5965,4184,41150,12573,3252,Medium,0.5621968713709953,0.17177402828062027,0.04442926429400915,0.329298449347633
EMP05492,Sanya Pankaj George,41,21,Marketing,86103,3610,5166,1513,1846,73968,16255,11413,3413,2050,3591,36722,19596,3140,High,0.49645792775254166,0.26492537313432835,0.04245078953060783,0.04614157473502055
EMP05493,Lakshay Khandelwal,50,18,Sales,77759,2776,4666,1706,2015,66596,0,11560,16684,7693,6460,42397,4942,2459,Low,0.6366298276172743,0.0742086611808517,0.03692413958796324,0.25052555709051594
EMP05494,Shreya Deepak Menon,26,3,Finance,80249,3025,4815,1246,1489,69674,19526,10849,8103,4450,3943,46871,11281,2609,Medium,0.6727186611935586,0.16191118638229468,0.03744581910038178,0.1162987628096564
EMP05495,Dev Malhotra,59,31,Marketing,90000,4000,5400,1985,1628,76987,0,12837,21342,10371,5912,50462,6195,3158,Low,0.6554613116500189,0.080468130983153,0.041019912452751765,0.2772156338083053
EMP05496,Vidhi Bajaj,31,8,Operations,60529,1360,3632,1386,1950,52201,4132,6634,0,4185,2347,17298,12738,5052,Medium,0.3313729622037892,0.24401831382540565,0.09677975517710388,0.0
EMP05497,Sneha George,47,24,Data Science,170000,17500,10200,2919,1089,138292,32536,18050,9387,7902,3977,71852,16459,22935,High,0.5195672923958002,0.11901628438376768,0.1658447343302577,0.0678781129783357
EMP05498,Swati Khandelwal,23,0,Finance,70000,2000,4200,1950,1831,60019,0,6333,0,10882,4030,21245,7396,5003,Medium,0.35397124243989403,0.12322764457921657,0.08335693696995951,0.0
EMP05499,Vaishnavi Nair,52,29,Operations,95000,4500,5700,1477,1939,81384,0,11173,17880,1879,3107,34039,29350,4452,Medium,0.4182517448147056,0.36063599724761625,0.054703627248599236,0.21969920377469773
EMP05500,Namrata Monika Tayal,41,21,Sales,77484,2748,4649,1722,1276,67089,21187,10251,13960,8269,5735,59402,788,877,Low,0.8854208588591275,0.011745591676727929,0.013072187690977656,0.20808180178568766
EMP05501,Shubham Verma,44,18,Product Management,176808,19202,10608,2568,1955,142475,0,21582,38312,16760,9894,86548,5604,9592,Low,0.6074609580628181,0.03933321635374627,0.06732409194595543,0.2689033163712932
EMP05502,Karan Shukla,52,28,IT,144057,12145,8643,2781,1748,118740,0,17498,0,8657,6971,33126,38935,7584,Medium,0.2789792824658919,0.3279012969513222,0.06387064173825165,0.0
EMP05503,Vikram Rathore,45,24,Operations,90139,4014,5408,2149,1053,77515,0,8708,14326,6416,4263,33713,19485,5958,Medium,0.4349222731084306,0.2513707024446881,0.07686254273366445,0.18481584209507837
EMP05504,Bhavna Patel,55,33,Customer Support,60000,1333,3600,2047,2073,50947,0,8395,17039,2429,2273,30136,799,590,Low,0.5915166741908258,0.015682964649537754,0.011580662256855162,0.33444560032975446
EMP05505,Rupal Harsh Suri,35,11,Operations,74052,2405,4443,1202,2164,63838,16393,11761,0,3628,2738,34520,12452,3323,Medium,0.5407437576365174,0.1950562360976221,0.0520536357655315,0.0
EMP05506,Nisha Kavya Mathew,49,23,Cyber Security,166764,16691,10006,2787,2359,134921,0,22385,45417,7661,7207,82670,20030,6506,Low,0.6127289302628945,0.14845724535098317,0.04822081069662988,0.3366192067950875
EMP05507,Swati Deshmukh,54,22,Cyber Security,168062,17016,10084,3542,1887,135533,0,18574,29583,8945,4511,61613,24648,24123,Medium,0.45459777323603845,0.18185976846967158,0.1779861731091321,0.21827156485874288
EMP05508,Palak Arora,38,8,Sales,59492,1308,3570,715,1542,52357,15771,8114,8506,8017,3101,43509,2118,1261,Low,0.8310063601810647,0.04045304352808603,0.024084649617052162,0.1624615619687912
EMP05509,Pallavi Pawar,54,25,Customer Support,59610,1314,3577,810,1104,52805,0,8709,18196,3685,2497,33087,8757,2070,Low,0.6265883912508285,0.1658365685067702,0.039200833254426665,0.34458858062683456
EMP05510,Ayush Mehta,37,15,Data Science,136340,10601,8180,3045,1910,112604,28806,15287,0,6667,5553,56313,13860,25391,Medium,0.5000976874711378,0.1230862136336187,0.2254893254236084,0.0
EMP05511,Sai Nagpal,48,15,Customer Support,49916,829,2995,873,1829,43390,0,8034,14308,3223,3114,28679,5383,1698,Low,0.6609587462548975,0.12406084351233003,0.03913344088499654,0.3297533994007836
EMP05512,Siddharth Verma,55,35,Customer Support,60000,1333,3600,1213,1885,51969,16488,6438,0,8651,4263,35840,1618,1492,Medium,0.6896419019030576,0.031133945236583346,0.02870942292520541,0.0
EMP05513,Swati Bohra,36,14,Product Management,178362,19590,10702,3220,1680,143170,30602,21739,0,6957,2897,62195,51796,7217,Medium,0.4344136341412307,0.36177970245163094,0.050408605154711184,0.0
EMP05514,Ritika Jain,37,16,Operations,73797,2380,4428,1601,2068,63320,15667,9299,0,2820,3997,31783,2567,1220,Medium,0.5019425142135187,0.040540113708149084,0.01926721415034744,0.0
EMP05515,Namrata More,29,7,Sales,52926,980,3176,1015,1262,46493,12874,7674,0,3279,2146,25973,7464,2302,Medium,0.5586432366162648,0.16054029638870368,0.049512829888370295,0.0
EMP05516,Deepak Bohra,54,31,Sales,85000,3500,5100,1424,964,74012,18121,12634,0,2147,3814,36716,3172,1648,Medium,0.49608171647840893,0.04285791493271361,0.022266659460628006,0.0
EMP05517,Kartik Deshmukh,59,37,Sales,85000,3500,5100,1314,1642,73444,6025,10108,0,2724,4073,22930,4123,1917,Medium,0.3122106639071946,0.056138009912314144,0.026101519525080333,0.0
EMP05518,Pallavi Purohit,39,8,Data Science,113947,7092,6837,3445,1283,95290,0,14140,19318,3263,2332,39053,32316,4967,Medium,0.4098331409381887,0.3391331724210305,0.0521250918249554,0.20272851296043656
EMP05519,Lokesh Maheshwari,34,11,Customer Support,45938,630,2756,965,1138,40449,8727,5867,0,2506,2368,19468,10398,2280,Medium,0.4812974362777819,0.25706445153155827,0.05636727731217088,0.0
EMP05520,Ayaan Mansi Kumawat,26,4,Finance,80095,3010,4806,1251,1742,69286,5648,9901,3501,2659,2823,24532,27070,3494,High,0.35406864301590507,0.39069941979620704,0.05042865802615247,0.050529688537366856
EMP05521,Mansi Khandelwal,35,11,Customer Support,46945,681,2817,762,1452,41233,11534,5313,0,5697,2959,25503,3859,2344,Medium,0.6185094463172701,0.0935900856110397,0.056847670555137876,0.0
EMP05522,Rupal Rawat,46,21,Finance,121140,8171,7268,3566,1599,100536,0,15196,20199,3827,2791,42013,36630,3508,Medium,0.41789010901567597,0.36434709954643113,0.034892973661176094,0.20091310575316304
EMP05523,Vidhi Neha Arora,50,15,Cyber Security,138571,11048,8314,2213,2170,114826,0,13557,0,6097,5370,25024,24113,28541,High,0.21792973716754047,0.209995993938655,0.24855868879870413,0.0
EMP05524,Vihaan Dubey,27,3,IT,91087,4109,5465,1440,1961,78112,0,10304,0,3277,2835,16416,14899,27592,High,0.2101597705858255,0.19073893895944286,0.35323637853338796,0.0
EMP05525,Tushar Shetty,50,23,Finance,122754,8413,7365,3879,1701,101396,0,11784,19079,5902,2292,39057,41801,4072,Medium,0.38519270977158865,0.4122549212986706,0.04015937512327902,0.18816324115349717
EMP05526,Ankit George,56,29,Sales,85000,3500,5100,1998,917,73485,0,11933,14182,5336,2920,34371,19026,4969,Medium,0.4677281077770974,0.2589099816289039,0.06761924202218139,0.1929917670272845
EMP05527,Shivam Shinde,30,6,Sales,55232,1095,3314,970,1484,48369,0,8047,0,8149,2917,19113,4647,3723,Medium,0.39514978601997147,0.09607393165043726,0.07697078707436582,0.0
EMP05528,Atharv Solanki,33,9,IT,102027,5304,6122,3683,2102,84816,0,8958,26984,7365,4001,47308,13679,5147,Medium,0.5577721184682135,0.16127853235238634,0.06068430484814186,0.31814751933597435
EMP05529,Vivaan Daga,53,27,Sales,85000,3500,5100,1607,1386,73407,0,11573,17756,8572,4250,42151,6414,3747,Low,0.5742095440489327,0.08737586333728391,0.05104417834811394,0.24188428896426772
EMP05530,Aman Naidu,46,28,HR,70000,2000,4200,1732,2406,59662,13061,9263,0,3214,2936,28474,13307,3057,Medium,0.4772552043176561,0.2230397908216285,0.05123864436324629,0.0
EMP05531,Kunal Swain,47,18,IT,132500,9875,7950,2612,1646,110417,9079,10007,0,9145,4599,32830,17539,29260,High,0.29732740429462856,0.1588432940579802,0.26499542642890134,0.0
EMP05532,Hemant Gaurav Shetty,52,28,Finance,130000,9500,7800,3913,1309,107478,0,12659,33940,11170,7439,65208,16783,6214,Low,0.6067102104616758,0.1561528871024768,0.05781648337334152,0.3157855561138093
EMP05533,Prachi Ayaan Solanki,31,7,Sales,57043,1185,3423,888,1926,49621,9067,5148,4387,2513,1958,23073,17494,1898,High,0.46498458314020275,0.35255234678865804,0.03824993450353681,0.08841014892888091
EMP05534,Sonali Deshmukh,32,7,Operations,62192,1443,3732,1504,1162,54351,14921,6376,0,4484,2495,28276,285,23,Medium,0.5202480175157771,0.005243693768283932,0.0004231752865632647,0.0
EMP05535,Preeti Kapoor,51,24,Operations,95000,4500,5700,2130,1313,81357,0,14997,27570,4851,5049,52467,12393,3756,Medium,0.6448984107083594,0.15232862568678787,0.04616689405951547,0.3388768022419706
EMP05536,Rakesh Wadhwa,43,26,Customer Support,60000,1333,3600,1871,1835,51361,0,7149,0,3550,2860,13559,13301,3895,Medium,0.26399408111212785,0.2589708144311832,0.07583575086154865,0.0
EMP05537,Vivaan Shinde,57,38,IT,150000,13333,9000,2889,1413,123365,0,18353,37990,7595,6391,70329,24044,7040,Medium,0.5700887609937989,0.1949013091233332,0.057066428889879624,0.3079479593077453
EMP05538,Aisha Ahuja,50,20,Operations,84445,3444,5067,1301,2074,72559,24553,11122,14530,10046,6716,66967,1145,580,Low,0.9229316831819623,0.01578026158023126,0.007993494948938105,0.20025083035874255
EMP05539,Aman Rathore,23,2,Sales,46252,646,2775,877,1321,40633,0,5277,6437,8234,3278,23226,2576,2900,Low,0.5716043609873748,0.06339674648684566,0.07137056087416632,0.15841803460241677
EMP05540,Avantika Bhardwaj,50,25,Customer Support,60000,1333,3600,2016,1005,52046,13717,8593,7881,2291,4170,36652,625,324,Low,0.7042231871805711,0.012008607770049572,0.006225262267993698,0.15142374053721708
EMP05541,Rashmi Vikram Bansal,31,12,Sales,65292,1598,3918,1506,2007,56263,14709,8253,0,2822,2377,28161,11188,3833,Medium,0.5005243232675115,0.19885182091250023,0.06812647743632583,0.0
EMP05542,Amit Banerjee,37,12,Marketing,69376,1938,4163,1234,910,61131,0,7009,19630,9181,5840,41660,3152,1804,Low,0.681487297770362,0.051561400925880484,0.029510395707578806,0.32111367391339907
EMP05543,Aman Porwal,33,11,Finance,91108,4111,5466,1331,854,79346,23651,12343,0,10385,5369,51748,4516,3845,Low,0.6521815844529025,0.05691528243389711,0.048458649459330025,0.0
EMP05544,Abhishek Pradhan,40,13,Sales,64149,1541,3849,1274,2240,55245,4004,9709,0,2600,3361,19674,2718,995,Medium,0.35612272603855555,0.049199022535976106,0.01801067969952032,0.0
EMP05545,Prateek Jindal,51,34,Data Science,170000,17500,10200,3284,2288,136728,0,14940,40427,9735,6410,71512,18074,24755,Medium,0.5230238137031186,0.1321894564390615,0.18105289333567376,0.2956746240711486
EMP05546,Ananya Mundra,46,21,IT,132161,9824,7930,2793,1316,110298,28535,19570,15457,6569,7435,77566,13158,3984,Low,0.7032403126076628,0.11929500081597127,0.036120328564434534,0.14013853379027724
EMP05547,Sanya Arora,34,12,Sales,61543,1410,3693,1671,1537,53232,13313,8702,0,3683,2375,28073,9783,2604,Medium,0.5273707544334235,0.18378043282236248,0.04891794409377818,0.0
EMP05548,Vidhi Nagpal,39,10,Finance,85368,3537,5122,1491,743,74475,0,9475,0,6396,3282,19153,26875,6494,High,0.257173548170527,0.3608593487747566,0.08719704598858677,0.0
EMP05549,Tanvi Nagpal,35,12,Operations,71632,2163,4298,1345,1471,62355,17450,8539,0,5256,3204,34449,13917,2519,Medium,0.5524657204714939,0.22318980033678135,0.04039772271670275,0.0
EMP05550,Shreya Naidu,50,27,Operations,95000,4500,5700,1290,1829,81681,0,13875,26179,5935,4658,50647,11773,3758,Low,0.6200585203413278,0.1441338867055986,0.046008251612982214,0.320502932138441
EMP05551,Akash Patel,35,12,Customer Support,46927,680,2816,714,1310,41407,10218,7567,3975,2396,2369,26525,7084,1514,Medium,0.64059217040597,0.1710821841717584,0.036563866012992975,0.09599826116357138
EMP05552,Sakshi Singh,38,18,Finance,111750,6762,6705,3628,1422,93233,4737,15424,0,7719,5404,33284,28535,4941,Medium,0.3569980586273101,0.3060611586026407,0.05299625669022771,0.0
EMP05553,Anjali Gupta,58,37,Product Management,220000,31000,13200,2549,1354,171897,18851,19828,7737,12053,5456,63925,61149,8254,High,0.37187967212924017,0.35573046650028795,0.04801712653507624,0.045009511509799476
EMP05554,Payal Bedi,31,12,HR,57862,1226,3472,906,1812,50446,10034,6408,0,1916,1854,20212,18599,2577,High,0.4006660587558974,0.36869127383737066,0.051084327796059155,0.0
EMP05555,Anurag Jadhav,39,18,Marketing,81441,3144,4886,1879,1807,69725,8303,7591,9748,5409,5127,36178,3264,1449,Medium,0.5188669774112585,0.046812477590534245,0.02078164216565077,0.13980638221584799
EMP05556,Muskan Mehta,46,27,Marketing,90000,4000,5400,2126,2292,76182,15622,11144,0,2558,2305,31629,22397,4539,Medium,0.415176813420493,0.2939933317581581,0.05958100338662676,0.0
EMP05557,Prachi Namrata Chauhan,34,6,Finance,84728,3473,5084,1435,2110,72626,18372,12919,8919,4015,3971,48196,9979,3029,Low,0.6636190895822432,0.13740258309696252,0.041706826756258086,0.12280725910830832
EMP05558,Pallavi Verma,25,3,IT,90688,4069,5441,1664,2219,77295,0,7292,1827,5703,2715,17537,30352,6096,Medium,0.2268840157836859,0.3926774047480432,0.07886667960411411,0.023636716475839318
EMP05559,Gaurav Pillai,24,1,Operations,51486,908,3089,1113,1244,45132,0,5528,0,3865,2084,11477,11789,4928,High,0.2542985021714083,0.26121155720996186,0.10919081804484623,0.0
EMP05560,Nikita Kapoor,60,31,Finance,130000,9500,7800,2395,1655,108650,19990,14442,0,4624,4116,43172,32837,5857,High,0.3973492867004142,0.30222733548090197,0.05390704095720202,0.0
EMP05561,Payal Lakhotia,51,31,Customer Support,60000,1333,3600,1902,1872,51293,0,9250,10660,2485,2839,25234,2574,664,Low,0.49195796697405103,0.05018228608192151,0.012945236192072992,0.20782562922815978
EMP05562,Tanvi Maheshwari,25,0,IT,80000,3000,4800,1898,1346,68956,19884,8217,0,4471,4231,36803,1545,1247,Medium,0.5337171529671094,0.022405591971692094,0.01808399559139161,0.0
EMP05563,Aakash Sahu,54,38,Cyber Security,180000,20000,10800,3952,2220,143028,32957,23480,4997,10747,9355,81536,27877,5848,Medium,0.5700701960455296,0.1949058925525072,0.04088709902956065,0.03493721509075146
EMP05564,Namrata Mishra,26,4,Customer Support,38046,236,2283,801,1140,33586,8370,3770,2653,3671,1855,20319,6112,1144,Medium,0.6049842196153159,0.18198058714940749,0.03406181146906449,0.07899124635264694
EMP05565,Hemant Trivedi,38,15,Sales,70943,2094,4257,1239,1496,61857,0,6966,15269,4506,5076,31817,1680,258,Low,0.5143637745121813,0.02715941607255444,0.004170910325428003,0.2468435261975201
EMP05566,Ishita Sandhu,37,15,Sales,70834,2083,4250,1921,1241,61339,0,8168,0,5362,3389,16919,21505,4081,Medium,0.275827776781493,0.35059260829162525,0.06653189650956162,0.0
EMP05567,Sneha Pallavi Jadhav,49,15,IT,117486,7623,7049,3635,1217,97962,18957,8649,2592,5619,4233,40050,33095,5269,Medium,0.40883199608011267,0.33783507890814807,0.053786161981176375,0.026459239296870215
EMP05568,Riya Shetty,50,27,IT,144769,12287,8686,2396,2361,119039,0,16672,24958,4747,3697,50074,44595,4545,Medium,0.4206520552087971,0.374625122858895,0.038180764287334405,0.20966237955627987
EMP05569,Mayank Iyer,37,16,Marketing,79975,2998,4798,2045,1713,68421,0,10222,19712,1632,5390,36956,1239,351,Low,0.5401265693281303,0.018108475468058053,0.005130003946156881,0.2880986831528332
EMP05570,Preeti Saloni Bose,54,32,IT,150000,13333,9000,2967,1763,122937,0,19635,0,4672,10153,34460,885,2333,Medium,0.2803061730805209,0.007198809146148027,0.018977199703913386,0.0
EMP05571,Bhavna Rawat,59,28,Operations,95000,4500,5700,1655,2126,81019,0,11216,28223,5016,2463,46918,10775,10120,Medium,0.5790987299275479,0.13299349535294192,0.12490897196953801,0.34835038694627185
EMP05572,Prachi Lodha,24,2,Data Science,95909,4591,5755,2173,2085,81305,20023,9649,0,7156,5788,42616,15912,3723,Medium,0.5241498062849763,0.19570752106266529,0.04579054178709797,0.0
EMP05573,Sneha Mittal,22,1,IT,85865,3586,5152,1268,826,75033,0,8241,16608,14582,5439,44870,4091,3915,Low,0.5980035451068196,0.05452267668892354,0.05217704210147535,0.22134260925192914
EMP05574,Prateek Banerjee,46,23,Cyber Security,158319,14997,9499,2208,1626,129989,0,21618,32855,9540,7396,71409,16327,24084,Medium,0.5493464831639601,0.1256029356330151,0.18527721576441084,0.25275215595165745
EMP05575,Rohit Solanki,59,33,Sales,85000,3500,5100,1618,1268,73514,0,12435,15040,8158,7346,42979,4858,3277,Low,0.5846369399026036,0.06608265092363359,0.04457654324346383,0.20458688141034362
EMP05576,Akash Saini,49,25,IT,139011,11136,8341,3944,1353,114237,30592,16454,0,7224,7730,62000,20999,6924,Medium,0.5427313392333483,0.18381960310582385,0.06061083536857585,0.0
EMP05577,Bhavna Gill,23,3,IT,84782,3478,5087,1468,947,73802,16040,8374,0,4016,1854,30284,26078,2985,High,0.41034118316576784,0.3533508577003333,0.04044605837240183,0.0
EMP05578,Aman Palak More,53,25,Operations,95000,4500,5700,2051,1205,81544,0,8878,20404,6354,2378,38014,10836,15749,Medium,0.4661777690571961,0.13288531345040713,0.1931349946041401,0.2502207397233395
EMP05579,Abhishek Malhotra,27,7,Sales,57433,1205,3446,928,1486,50368,15125,7767,3023,2363,3578,31856,1147,775,Low,0.6324650571791613,0.022772395171537483,0.015386753494282084,0.06001826556543837
EMP05580,Shreya Tayal,25,2,HR,40147,341,2409,734,1212,35451,7081,3285,5232,1950,998,18546,10312,1314,Medium,0.5231446221545232,0.2908803700882909,0.03706524498603707,0.14758398916814758
EMP05581,Dhruv Khanna,36,10,Marketing,66995,1700,4020,1312,2001,57962,14280,8881,0,3513,3490,30164,11267,2919,Medium,0.5204099237431421,0.19438597701942653,0.05036058107035644,0.0
EMP05582,Lokesh Manish Jain,51,36,Marketing,90000,4000,5400,1748,1236,77616,18346,10594,0,5360,3699,37999,18288,3880,Medium,0.4895768913626056,0.23562152133580705,0.0499896928468357,0.0
EMP05583,Arjun Behera,54,31,Sales,85000,3500,5100,1296,2004,73100,0,11426,0,3775,3976,19177,734,314,Medium,0.26233926128590973,0.010041039671682626,0.004295485636114911,0.0
EMP05584,Deepak Jadhav,45,28,HR,70000,2000,4200,1930,2335,59535,0,9644,0,7906,5034,22584,8617,3367,Medium,0.37933988410178887,0.14473838918283363,0.05655496766607878,0.0
EMP05585,Shubham Maheshwari,41,22,Cyber Security,176019,19005,10561,2857,1759,141837,30997,15077,24940,10716,5477,87207,13849,23683,Medium,0.6148395693648343,0.09764024901823924,0.1669733567404838,0.1758356423218201
EMP05586,Deepak Jadhav,47,24,Finance,126496,8974,7590,2591,1454,105887,0,15996,25191,6734,6637,54558,22032,6067,Medium,0.5152473863647096,0.2080708680007933,0.057296929745861154,0.23790455863326
EMP05587,Yash Khandelwal,33,9,Operations,66977,1698,4019,1702,2319,57239,11465,6260,0,3294,2784,23803,23373,1530,Medium,0.4158528276175335,0.4083404671639966,0.02673002673002673,0.0
EMP05588,Avantika Rashmi Narang,49,15,Marketing,77172,2717,4630,1668,2091,66066,0,10956,22227,12009,5639,50831,2218,2465,Low,0.7693972693972694,0.03357248811794266,0.03731117367481004,0.33643629098174554
EMP05589,Ishaan Mishra,48,28,Operations,95000,4500,5700,1412,1514,81874,0,13038,26060,9799,5932,54829,3530,3527,Low,0.6696753548134939,0.043115030412585194,0.043078388743679315,0.3182939638957422
EMP05590,Shreya Soni,52,35,IT,150000,13333,9000,2936,1424,123307,22603,15054,18582,5024,4989,66252,31874,4779,Medium,0.5372930977154582,0.25849302959280496,0.03875692377561696,0.150697040719505
EMP05591,Aman Chaudhary,32,6,Cyber Security,109027,6354,6542,2223,1944,91964,21928,14798,0,4825,6126,47677,16129,5158,Medium,0.5184311252229133,0.17538384585272498,0.056087164542647124,0.0
EMP05592,Sakshi Bajaj,59,37,Finance,130000,9500,7800,2279,2056,108365,21765,11716,13287,7637,2613,57018,32040,3971,Medium,0.5261661975730171,0.2956674202925299,0.03664467309555668,0.12261338993217367
EMP05593,Lokesh Trivedi,45,17,Finance,110374,6556,6622,3393,1365,92438,24310,14295,0,6981,5990,51576,17859,3591,Medium,0.557952357255674,0.19319976632986435,0.03884766005322486,0.0
EMP05594,Khushi Bose,35,11,IT,109064,6360,6544,2701,1602,91857,29166,14748,0,2132,4086,50132,20,166,Medium,0.5457613464406632,0.00021772973208356467,0.0018071567762935868,0.0
EMP05595,Divya Maheshwari,48,19,Sales,78058,2806,4683,1374,1200,67995,0,8763,0,9547,6126,24436,6257,7191,Medium,0.3593793661298625,0.09202147216707111,0.1057577763070814,0.0
EMP05596,Charu Pillai,58,23,Operations,88861,3886,5332,2160,2509,74974,14815,8863,3119,1798,3436,32031,23895,4206,Medium,0.42722810574332437,0.318710486301918,0.05609944780857364,0.041601088377304134
EMP05597,Deepak Ghosh,22,3,Finance,78545,2854,4713,1661,1933,67384,0,7184,0,6008,2864,16056,22948,5532,High,0.23827614864062685,0.3405556215125252,0.08209664015196486,0.0
EMP05598,Vivek Roy,31,5,Marketing,60668,1367,3640,1626,1323,52712,11118,5246,8770,4016,2397,31547,10760,2540,Medium,0.598478524814084,0.20412809227500378,0.04818637122476856,0.16637577781150403
EMP05599,Riya Ravi Mittal,58,32,Customer Support,60000,1333,3600,1869,1246,51952,0,6630,10178,1343,1115,19266,16735,3760,Medium,0.3708423159839852,0.3221242685555898,0.07237449953803511,0.19591161071758548
EMP05600,Rashmi Neha Goel,39,18,Operations,82382,3238,4943,1327,2087,70787,17699,13057,4184,3480,4301,42721,973,882,Medium,0.603514769661096,0.01374546173732465,0.012459914956136013,0.059106898159266535
EMP05601,Pooja Nitin Swain,31,10,IT,99061,4906,5944,1416,993,85802,19809,11485,0,7204,3886,42384,17674,5265,Medium,0.49397449942891775,0.2059858744551409,0.061362206009183934,0.0
EMP05602,Khushi Tiwari,46,24,Sales,82097,3210,4926,1663,1138,71160,0,11980,0,8946,4978,25904,10921,3718,Medium,0.3640247329960652,0.15347105115233278,0.05224845418774592,0.0
EMP05603,Monika Soni,52,31,Sales,85000,3500,5100,1840,1734,72826,16259,8047,7344,5798,4070,41518,12434,2968,Medium,0.570098591162497,0.17073572625161343,0.04075467552797078,0.10084310548430506
EMP05604,Sonali Shinde,51,26,Sales,85000,3500,5100,1872,1981,72547,3682,9767,0,2611,2590,18650,32728,5175,High,0.2570747239720457,0.4511282341103009,0.07133306683942824,0.0
EMP05605,Siddharth Sharma,54,29,Sales,85000,3500,5100,1267,2015,73118,0,13244,17135,4098,3670,38147,16661,3726,Medium,0.5217183183347466,0.22786454771738834,0.050958724253945674,0.23434721956289833
EMP05606,Jyoti Riya Reddy,48,19,Operations,83064,3306,4984,1507,1468,71799,0,10272,14458,3126,1361,29217,27071,3184,Medium,0.4069276730873689,0.37703867741890557,0.04434602153233332,0.20136770707112914
EMP05607,Amit More,32,9,IT,107769,6165,6466,3133,1717,90288,24569,12805,0,10624,7183,55181,7289,4012,Medium,0.6111664894559632,0.08073055112528797,0.04443558390926812,0.0
EMP05608,Shreya Pradhan,55,36,Operations,95000,4500,5700,1299,1945,81556,0,9028,21239,11239,6229,47735,6389,3317,Low,0.5853033498455049,0.07833881014272402,0.040671440482613175,0.2604222865270489
EMP05609,Kartik Soni,26,4,Data Science,102567,5385,6154,2805,1684,86539,22612,10434,0,7236,4611,44893,19839,5162,Medium,0.5187603277135164,0.2292492402269497,0.05964940662591433,0.0
EMP05610,Pankaj Saini,28,3,Cyber Security,98287,4829,5897,1235,1255,85071,18637,14344,4050,4774,4702,46507,13208,10827,Medium,0.54668453409505,0.15525854874163933,0.12727016257008852,0.04760729273195331
EMP05611,Rohan Tomar,28,2,Sales,51624,915,3097,1066,1606,44940,11302,4601,1792,3931,2416,24042,8895,2765,Medium,0.5349799732977303,0.19793057409879838,0.061526479750778816,0.03987538940809969
EMP05612,Amit Dubey,43,27,Sales,85000,3500,5100,1732,2433,72235,0,10259,15031,1579,3322,30191,23845,4040,Medium,0.4179552848342216,0.33010313559908633,0.05592856648439122,0.2080847234720011
EMP05613,Trisha Ahuja,57,23,IT,136851,10704,8211,2381,878,114677,0,17650,0,16789,9374,43813,15534,9085,Medium,0.3820556868421741,0.13545872319645613,0.07922251192479747,0.0
EMP05614,Vikram Jadhav,40,18,HR,58009,1234,3481,952,1230,51112,0,7647,14350,3539,2760,28296,9319,2204,Low,0.5536077633432462,0.1823250899984348,0.04312098920018782,0.28075598685240255
EMP05615,Nitin Rawat,35,11,HR,49688,818,2981,1007,954,43928,7922,5316,0,1087,1588,15913,19541,1277,High,0.36225186669094883,0.4448415589145875,0.02907029684938991,0.0
EMP05616,Rashmi Porwal,24,1,Sales,48852,776,2931,1166,2190,41789,9972,5375,4043,3007,2843,25240,822,330,Low,0.6039866950632942,0.01967024815142741,0.007896814951302974,0.09674794802459978
EMP05617,Abhishek Nagpal,30,7,Sales,57326,1200,3440,914,1513,50259,0,7889,3504,1495,3180,16068,2907,147,Medium,0.3197039336238286,0.05784038679639467,0.0029248492807258403,0.06971885632424044
EMP05618,Rahul Mukherjee,44,28,Operations,95000,4500,5700,1221,1719,81860,6366,12268,6286,4470,4772,34162,21331,5740,Medium,0.41732225751282676,0.2605790373808942,0.0701197165892988,0.0767896408502321
EMP05619,Monika Menon,23,3,Finance,75874,2587,4552,1209,1594,65932,0,6420,2902,4010,2164,15496,32422,3766,Medium,0.23503003094096947,0.4917490748043439,0.057119456409634166,0.044015045804768546
EMP05620,Vivaan Jain,31,11,IT,107009,6051,6421,2229,1584,90724,21439,13192,6117,5350,5010,51108,14467,4749,Medium,0.5633349499581147,0.1594616639477977,0.05234557559190512,0.06742427582558089
EMP05621,Vivaan Maheshwari,50,21,Sales,78545,2854,4713,1251,1843,67884,16756,10871,0,3320,3125,34072,12149,3352,Medium,0.5019150315243651,0.1789670614577809,0.04937835130516764,0.0
EMP05622,Priya Aarav Banerjee,58,34,Sales,85000,3500,5100,1690,1750,72960,0,8575,18077,5045,3950,35647,1306,841,Low,0.4885827850877193,0.017900219298245614,0.011526864035087719,0.24776589912280703
EMP05623,Dhruv Bhatia,60,28,IT,148091,12952,8885,2864,2223,121167,0,19743,29944,19116,10477,79280,7809,4026,Low,0.6543035645018859,0.06444824085765927,0.033226868701874274,0.24712999414031872
EMP05624,Khushi Srivastava,38,15,IT,114010,7102,6841,3828,1766,94473,19500,12827,16577,4976,4507,58387,24187,2242,Medium,0.6180284314036815,0.25602023858668616,0.023731648195780806,0.17546812316746585
EMP05625,Priya Sharma,24,1,Product Management,130892,9634,7854,3254,2156,107994,8329,16066,4829,9981,7209,46414,25384,7820,Medium,0.42978313610015373,0.235050095375669,0.07241143026464433,0.044715447154471545
EMP05626,Rakesh Bohra,49,15,Operations,75006,2501,4500,2173,1517,64315,20067,11390,0,10696,5223,47376,3812,2153,Low,0.7366244266500817,0.05927077664619451,0.03347586099665708,0.0
EMP05627,Rahul Bajaj,34,7,Customer Support,39576,312,2375,1094,1256,34539,8094,4548,1833,1728,2004,18207,1170,532,Medium,0.5271432293928603,0.03387475028228958,0.015402877906135093,0.053070442108920354
EMP05628,Kartik Tayal,52,27,IT,141211,11576,8473,2821,1201,117140,0,19386,39658,7191,7904,74139,17395,5286,Low,0.6329093392521769,0.1484975243298617,0.04512549086563087,0.33855215980877584
EMP05629,Sonali Bajaj,58,30,Finance,130000,9500,7800,3147,2110,107443,21467,8811,18737,6132,3421,58568,27587,4175,Medium,0.5451076384687695,0.25675939800638475,0.03885781297990563,0.17439014174957884
EMP05630,Kavya Somani,22,1,HR,40000,333,2400,1116,1111,35040,0,4067,0,3786,1858,9711,10966,2529,High,0.2771404109589041,0.3129566210045662,0.07217465753424658,0.0
EMP05631,Mayank Rawat,51,22,IT,128435,9265,7706,2959,1630,106875,0,13275,36528,3295,3645,56743,26772,3820,Medium,0.5309286549707602,0.2504982456140351,0.035742690058479534,0.34178245614035085
EMP05632,Harsh Vidhi Pawar,48,16,IT,118221,7733,7093,3982,1484,97929,0,13563,18004,5632,5535,42734,18799,19482,Medium,0.4363773754454758,0.19196560773621704,0.198940048402414,0.18384748133852077
EMP05633,Sumit Sabharwal,41,19,Data Science,147042,12742,8823,3112,1402,120963,34857,18355,0,9799,8632,71643,21546,6188,Medium,0.5922720170630689,0.1781205823268272,0.05115613865396857,0.0
EMP05634,Arjun Trivedi,29,2,IT,81895,3190,4914,1909,1788,70094,0,10045,13678,4980,4267,32970,13343,3693,Medium,0.47036836248466346,0.19035866122635317,0.052686392558564214,0.19513795759979455
EMP05635,Mayank Rakesh Rawat,29,5,Finance,78712,2871,4723,1384,2014,67720,17102,11203,0,4580,3520,36405,13557,3263,Medium,0.5375812167749557,0.20019196692262256,0.048183697578263435,0.0
EMP05636,Rahul Ravi Ahuja,58,27,HR,70000,2000,4200,1464,959,61377,0,7488,12882,6692,3696,30758,13758,3217,Medium,0.5011323459927987,0.22415562832983038,0.05241377063069228,0.20988318099613862
EMP05637,Ravi Akash Jindal,29,2,Sales,46974,682,2818,816,1623,41035,3606,4586,10016,8632,3684,30524,2345,1189,Low,0.7438528085780431,0.05714633849153162,0.028975265017667843,0.24408431826489582
EMP05638,Megha Tiwari,23,3,IT,88104,3810,5286,2001,2242,74765,22109,9991,0,11510,6863,50473,5383,3538,Low,0.675088610981074,0.0719989299806059,0.04732160770413964,0.0
EMP05639,Avantika Tiwari,54,28,Finance,130000,9500,7800,2447,1654,108599,25475,19352,8178,7824,6252,67081,17936,3544,Medium,0.6176944539084154,0.1651580585456588,0.03263381799095756,0.07530456081547712
EMP05640,Mohit Bhatia,52,36,Sales,85000,3500,5100,1760,1228,73412,17427,10591,11008,3889,3658,46573,11969,3099,Medium,0.6344058192121179,0.16303874026044787,0.04221380700702882,0.14994823734539311
EMP05641,Mansi Rawat,29,5,Finance,85420,3542,5125,1222,1001,74530,16722,11266,4576,1841,1778,36183,24271,2490,High,0.4854823560982155,0.32565409902052866,0.03340936535623239,0.061398094726955586
EMP05642,Ritika Sahu,56,29,HR,70000,2000,4200,1588,968,61244,6880,9074,3157,2895,4717,26723,1009,616,Medium,0.43633662073019397,0.016475083273463524,0.010058128143165045,0.05154790673372085
EMP05643,Ashish Aarav Pawar,51,23,IT,141608,11655,8496,2847,1412,117198,0,18264,0,5679,5709,29652,30912,10278,High,0.25300773050734654,0.26375876721445757,0.0876977422822915,0.0
EMP05644,Nandini Menon,54,28,Finance,125884,8883,7553,3393,1716,104339,0,18356,21379,8077,6689,54501,18465,7283,Medium,0.5223454317177662,0.1769712188155915,0.06980132069504212,0.20489941440880208
EMP05645,Charu Mittal,35,7,Sales,55145,1091,3309,943,1822,47980,12638,5277,6548,8782,3001,36246,1955,1529,Low,0.7554397665694039,0.04074614422676115,0.03186744476865361,0.13647353063776574
EMP05646,Sanya Khurana,42,28,IT,150000,13333,9000,3497,1167,123003,0,18283,25944,9454,8781,62462,25515,8526,Medium,0.5078087526320496,0.20743396502524328,0.06931538255164509,0.2109216848369552
EMP05647,Sai Arora,36,16,Finance,103492,5524,6210,3256,1134,87368,0,14886,16373,6499,6040,43798,17140,5140,Medium,0.5013048255654244,0.1961816683453896,0.05883160882703049,0.18740271037450784
EMP05648,Mohit Seth,41,25,Data Science,159638,15261,9578,3990,2024,128785,27142,17202,0,2985,5076,52405,50285,4546,High,0.4069185075901697,0.390456963155647,0.03529914198082075,0.0
EMP05649,Karan Fernandes,27,7,IT,92570,4257,5554,1309,1821,79629,17249,13285,13553,2935,3742,50764,15336,2460,Medium,0.6375064360974017,0.1925931507365407,0.03089326752816185,0.17020181089803965
EMP05650,Varun Shinde,43,26,Sales,80623,3062,4837,2156,2032,68536,19534,10447,2627,9681,6653,48942,4453,2952,Low,0.7141064550017509,0.06497315279561107,0.043072253997898914,0.03833022061398389
EMP05651,Nisha Anjali Lakhotia,22,2,IT,91359,4136,5482,1548,1035,79158,14268,7121,0,5438,3477,30304,27016,4441,High,0.38282927815255563,0.34129209934561255,0.05610298390560651,0.0
EMP05652,Megha Suri,58,34,Customer Support,60000,1333,3600,1550,1479,52038,4728,6191,2894,2184,1447,17444,21044,2976,Medium,0.3352165725047081,0.40439678696337295,0.057188977285829584,0.05561320573427111
EMP05653,Nitin Goel,35,9,Marketing,65242,1595,3915,1652,1026,57054,0,5956,6795,4554,3377,20682,15658,4131,Medium,0.3624986854558839,0.2744417569320293,0.07240508991481755,0.1190976969187086
EMP05654,Shreya Lakhotia,26,4,Customer Support,42340,450,2540,1015,1177,37158,8052,4507,4378,2122,2537,21596,1539,561,Low,0.5811938209806771,0.041417729694816725,0.015097690941385435,0.11782119597394908
EMP05655,Pooja Mohanty,44,20,Marketing,82996,3300,4980,2086,1426,71204,0,11731,0,3391,4590,19712,21272,4901,High,0.27683837986629967,0.29874726138980956,0.06883040278636032,0.0
EMP05656,Vivek Narang,30,3,IT,85733,3573,5144,1509,1260,74247,17887,8500,0,6753,3009,36149,16497,3389,Medium,0.48687489056796907,0.22219079558770052,0.04564494188317373,0.0
EMP05657,Reema Menon,53,31,Data Science,170000,17500,10200,2731,745,138824,0,17443,0,3087,5582,26112,65874,8033,Medium,0.18809427764651646,0.4745144931712096,0.05786463435717167,0.0
EMP05658,Sneha Jadhav,33,8,Finance,87323,3732,5239,2159,1965,74228,22261,10971,17838,11248,4647,66965,1752,730,Low,0.9021528264266854,0.023602953063533976,0.00983456377647249,0.24031362828043326
EMP05659,Shreya Shukla,59,30,Finance,130000,9500,7800,3493,1143,108064,0,17157,37610,3916,5298,63981,1549,771,Low,0.5920658128516435,0.014334098312111342,0.007134660941664199,0.3480344980752147
EMP05660,Rupal Megha Daga,23,3,Finance,72912,2291,4375,1419,1322,63505,0,6045,0,5326,3266,14637,34068,2329,High,0.23048578852058893,0.5364616959294544,0.03667427761593575,0.0
EMP05661,Megha Sai Bose,46,15,Finance,109810,6472,6589,3564,804,92381,0,16374,27408,6186,5720,55688,14071,4177,Medium,0.6028079366969399,0.1523148699407887,0.0452149251469458,0.2966843831523798
EMP05662,Payal Goel,22,1,HR,41412,404,2485,1136,1266,36121,0,5101,3524,3073,2382,14080,9570,2700,High,0.3898009468176407,0.2649428310401152,0.07474876110849644,0.0975609756097561
EMP05663,Pankaj Bansal,31,12,Operations,71505,2150,4290,2165,1113,61787,21690,10327,0,7341,5242,44600,2803,1546,Low,0.7218346901451762,0.04536552996585042,0.02502144464045835,0.0
EMP05664,Ayaan Bose,23,0,Cyber Security,95000,4500,5700,1844,1687,81269,0,8229,4647,6812,3008,22696,17237,22534,High,0.2792700783816707,0.212098093984176,0.27727669837207297,0.05718047471975784
EMP05665,Aarav Nagpal,34,5,HR,46557,661,2793,940,1396,40767,0,5101,0,1304,2077,8482,21566,2343,Medium,0.20806044104300048,0.5290063041185272,0.05747295606740746,0.0
EMP05666,Sonali Sabharwal,40,11,IT,111084,6663,6665,3335,1415,93006,0,11276,24706,4160,3411,43553,26940,3688,Medium,0.46828161623981246,0.2896587316947294,0.039653355697481886,0.2656387759929467
EMP05667,Sumit Pawar,56,24,Finance,128929,9339,7736,2942,2367,106545,0,14478,34394,6994,5152,61018,15425,16508,Medium,0.5726969824956591,0.14477450842367076,0.15493922755643155,0.32281195738889673
EMP05668,Shruti Somani,28,2,Marketing,52908,979,3174,866,1348,46541,12735,8556,1897,1895,2351,27434,1267,373,Medium,0.5894587567950839,0.02722330848069444,0.008014438881846114,0.040759760211426486
EMP05669,Gaurav Saini,55,31,Operations,95000,4500,5700,1623,1549,81628,20988,11673,0,4003,5435,42099,16559,5584,Medium,0.5157421473023962,0.2028593129808399,0.06840789925025727,0.0
EMP05670,Ravi Bhatia,25,1,Data Science,94753,4475,5685,1329,1604,81660,17291,10218,2866,4548,3418,38341,30257,3200,Medium,0.4695199608131276,0.3705241244183199,0.03918687239774676,0.03509674259123194
EMP05671,Sonali Purohit,48,27,Finance,124222,8633,7453,2774,1466,103896,0,14083,29996,17051,6324,67454,5738,3306,Low,0.6492453992453993,0.05522830522830523,0.03182028182028182,0.2887117887117887
EMP05672,Rupal Verma,53,24,IT,140255,11384,8415,3477,1749,115230,26247,13318,3620,10466,5973,59624,23049,6991,Medium,0.5174346958257399,0.20002603488674825,0.06066996441898811,0.03141543000954612
EMP05673,Parth Purohit,53,24,IT,140655,11464,8439,3664,1620,115468,0,18507,0,2397,3937,24841,46843,6946,High,0.21513319707624623,0.4056794956178335,0.06015519451276544,0.0
EMP05674,Shreya Mishra,33,8,Marketing,65745,1621,3945,1970,1288,56921,4793,9939,0,3435,2849,21016,13179,5110,Medium,0.3692134713023313,0.23153142074102703,0.08977354579153564,0.0
EMP05675,Nikita Nair,50,27,Data Science,167319,16830,10039,3789,1672,134989,0,24793,25627,2953,6193,59566,7298,2565,Low,0.4412655846031899,0.0540636644467327,0.019001548274303833,0.18984509848950656
EMP05676,Sakshi More,35,10,HR,52718,969,3163,743,1411,46432,11220,8060,0,3116,3179,25575,9630,2102,Medium,0.5508054789800138,0.2074000689179876,0.045270503101309444,0.0
EMP05677,Varun Rajat Khanna,35,8,Marketing,59908,1329,3594,915,1350,52720,0,6711,11074,9187,4079,31051,4537,1900,Low,0.5889795144157814,0.08605842185128983,0.036039453717754175,0.21005311077389985
EMP05678,Vivaan Bagri,30,2,IT,83414,3341,5005,2056,1621,71391,18206,10863,8566,4968,4143,46746,11826,2264,Medium,0.6547884187082406,0.16565113249569274,0.03171268087013769,0.11998711322155453
EMP05679,Divya D'Souza,23,2,Cyber Security,101544,5232,6093,3437,1494,85288,14926,8224,3676,4641,1874,33341,26368,5992,Medium,0.3909225213394616,0.30916424350436167,0.07025607353906763,0.04310102241815965
EMP05680,Aarav Sahu,43,25,Sales,83574,3357,5014,1864,1205,72134,0,11223,24179,4489,4384,44275,13319,2398,Medium,0.6137882274655502,0.18464247095683034,0.03324368536335154,0.3351956081736768
EMP05681,Ritika Shinde,50,25,Marketing,90000,4000,5400,1863,2269,76468,0,10689,15136,5588,4342,35755,16352,5722,Medium,0.4675812104409688,0.21384108385206885,0.07482868650938955,0.1979390071663964
EMP05682,Aakash Somani,56,29,Operations,95000,4500,5700,1786,2024,80990,8532,12026,13310,3705,3096,40669,26046,2742,Medium,0.5021484133843684,0.32159525867391037,0.0338560316088406,0.16434127670082727
EMP05683,Ishaan Khandelwal,58,36,IT,150000,13333,9000,2987,1252,123428,0,18660,0,12320,8355,39335,11205,12546,Medium,0.3186878179991574,0.09078167028551058,0.1016463039180737,0.0
EMP05684,Palak Mittal,28,5,IT,92593,4259,5556,1345,2332,79101,21663,10401,0,8156,4812,45032,14488,4543,Medium,0.569297480436404,0.18315824073020567,0.05743290223890975,0.0
EMP05685,Komal Bhardwaj,31,7,IT,105157,5774,6309,2506,1399,89169,0,10901,15759,7682,4790,39132,23750,4211,Medium,0.43885206742253474,0.2663481703282531,0.047224932431674686,0.17673182384012381
EMP05686,Payal Mukherjee,41,21,Finance,116771,7516,7006,3167,1997,97085,0,13959,33723,5597,5064,58343,10733,16679,Medium,0.6009476232167688,0.1105526085389092,0.1717979090487717,0.34735541020755006
EMP05687,Charu Diya Iyer,41,15,Cyber Security,148337,13001,8900,3489,1674,121273,0,9878,24417,10622,3637,48554,18355,25914,Medium,0.4003694144615867,0.15135273308980565,0.21368317762403832,0.20133912742325166
EMP05688,Abhishek Aakash Pillai,42,21,Sales,81825,3182,4910,1999,1468,70266,0,12128,21638,1922,4534,40222,2039,249,Low,0.5724247858139071,0.029018301881422025,0.0035436768849799335,0.3079440981413486
EMP05689,Kavya Arjun Maheshwari,44,21,Sales,78713,2871,4723,2147,1843,67129,0,10431,0,4763,3717,18911,17640,6296,High,0.2817113319131821,0.262777637086803,0.09378956933665034,0.0
EMP05690,Ayush Sumit Chaudhary,23,1,Sales,45000,583,2700,806,1549,39362,13310,4647,0,7702,3590,29249,1776,1102,Low,0.7430770794166963,0.045119658553935266,0.027996544891011634,0.0
EMP05691,Vivaan Mathew,26,2,Finance,71858,2186,4311,1937,2129,61295,0,7670,19545,5361,3249,35825,9097,3423,Low,0.5844685537156374,0.14841341055551024,0.05584468553715637,0.3188677706175055
EMP05692,Bhavna Bedi,30,5,Customer Support,39897,328,2394,986,1048,35141,7993,4400,4729,3264,1785,22171,5472,1835,Medium,0.630915454881762,0.15571554594348483,0.05221820665319712,0.1345721521869042
EMP05693,Sanya Roy,43,22,IT,128092,9214,7686,2440,2088,106664,0,14019,25994,3629,5041,48683,38405,3271,Medium,0.4564145353633841,0.36005587639690995,0.030666391659791493,0.2436998424960624
EMP05694,Namrata Thomas,57,34,Product Management,220000,31000,13200,3823,994,170983,55308,25608,11718,25166,17283,135083,3962,4248,Low,0.7900376060777972,0.02317189428188767,0.024844575191685724,0.06853312902452291
EMP05695,Sanya Rajput,34,6,Operations,57750,1221,3465,847,1968,50249,11754,5864,0,2926,2063,22607,2157,524,Medium,0.4498995004875719,0.042926227387609706,0.01042806822026309,0.0
EMP05696,Prateek Bagri,53,32,IT,150000,13333,9000,3815,1392,122460,0,12809,33144,12410,5397,63760,23812,7359,Medium,0.5206598072840111,0.19444716642168872,0.060093091621754045,0.2706516413522783
EMP05697,Sonia Swain,44,17,IT,126855,9028,7611,2563,1691,105962,27767,12821,18840,9489,4652,73569,9544,11915,Medium,0.69429606840188,0.09007002510333893,0.11244597119722165,0.1777995885317378
EMP05698,Sonali Suri,33,7,Operations,65886,1628,3953,1977,2248,56080,0,6008,12734,2853,2370,23965,19714,2155,Medium,0.42733594864479313,0.35153352353780315,0.038427246790299574,0.22706847360912982
EMP05699,Tushar Saxena,40,11,Operations,68027,1803,4082,1939,1160,59043,13600,7830,0,3532,2572,27534,6830,13520,High,0.4663380925765967,0.11567840387514185,0.22898565452297479,0.0
EMP05700,Ritika Nikita Gill,34,9,IT,99403,4940,5964,1391,2393,84715,0,13991,23493,5690,5619,48793,16957,3687,Low,0.5759664758307266,0.20016525998937615,0.043522398630702945,0.2773180664581243
EMP05701,Atharv Bhardwaj,43,26,Data Science,170000,17500,10200,2985,1595,137720,0,24984,28632,9262,8399,71277,26876,9705,Medium,0.517550101655533,0.19514957885564915,0.07046906767354051,0.20790008713331398
EMP05702,Mansi Lodha,28,2,Operations,51718,919,3103,769,1717,45210,8575,6819,0,2119,1692,19205,16148,1895,High,0.424795399247954,0.35717761557177613,0.04191550541915506,0.0
EMP05703,Manish Tayal,49,22,IT,139695,11272,8382,2909,1236,115896,25644,14702,12723,7583,5716,66368,12217,18920,Medium,0.5726513425830054,0.10541347414923724,0.16324981017463933,0.1097794574446055
EMP05704,Aman Sahu,36,17,Operations,74732,2473,4484,1208,2036,64531,0,10614,18032,4004,2481,35131,13645,2480,Medium,0.5444050146441245,0.21144876106057553,0.03843114162185616,0.2794315910182703
EMP05705,Rupal Preeti Ahuja,34,6,Marketing,62861,1476,3772,2177,1264,54172,11105,5005,5069,3285,2186,26650,1809,70,Medium,0.4919515616923872,0.033393635088237464,0.0012921804622314111,0.09357232518644318
EMP05706,Sumit Khandelwal,52,38,Finance,130000,9500,7800,2866,1654,108180,0,12087,37277,9435,6725,65524,17793,4764,Medium,0.6056942133481235,0.16447587354409318,0.04403771491957848,0.3445831022370124
EMP05707,Pankaj Tayal,47,28,Customer Support,60000,1333,3600,2000,1298,51769,16739,7392,0,8105,3136,35372,2836,2459,Low,0.6832660472483533,0.05478181923544979,0.04749946879406595,0.0
EMP05708,Ishita Chatterjee,41,28,Finance,130000,9500,7800,2931,1240,108529,27483,17469,9667,9256,5534,69409,17929,4180,Medium,0.6395433478609404,0.1652000847699693,0.03851505127661731,0.08907296667250228
EMP05709,Lakshay Jindal,26,4,IT,84451,3445,5067,1642,864,73433,13181,6072,5464,4703,2934,32354,24641,2969,High,0.44059210436724633,0.33555758310296463,0.04043141366960359,0.07440796372203233
EMP05710,Prachi Nagpal,27,6,IT,89793,3979,5388,1587,2231,76608,21050,10486,14386,11416,5511,62849,2461,2094,Low,0.8203973475355054,0.03212458228905597,0.027333959899749374,0.1877871762740184
EMP05711,Shruti Menon,30,2,Operations,53194,993,3192,909,2079,46021,11368,4977,0,3732,1837,21914,9253,3502,Medium,0.4761739206014646,0.20106038547619565,0.07609569544338454,0.0
EMP05712,Deepak Shukla,49,22,IT,136733,10680,8204,2233,1995,113621,0,20179,28580,2808,6532,58099,2665,219,Low,0.5113403332130504,0.02345517113913801,0.0019274605926721292,0.2515380079386733
EMP05713,Neha Goel,47,20,Sales,72402,2240,4344,1247,1324,63247,0,11537,17024,9793,6601,44955,2023,1851,Low,0.7107847012506522,0.0319857068319446,0.029266210255031858,0.26916691700792134
EMP05714,Parth Malhotra,56,34,Sales,85000,3500,5100,1292,2116,72992,16241,10120,0,2812,2853,32026,1430,1596,Medium,0.43876041209995614,0.019591188075405525,0.021865409907935115,0.0
EMP05715,Nitin Joshi,24,2,Operations,57079,1187,3425,1174,1783,49510,12733,6377,0,3704,2230,25044,1817,678,Medium,0.5058372046051303,0.036699656635023226,0.01369420319127449,0.0
EMP05716,Nikhil Gupta,32,5,IT,95434,4543,5726,1448,1521,82196,22502,14983,0,4683,5751,47919,13842,4521,Medium,0.5829845734585625,0.16840235534575893,0.055002676529271495,0.0
EMP05717,Sneha Sakshi Sandhu,31,8,HR,52425,955,3146,1071,1257,45996,10990,4790,0,3948,2043,21771,11422,2328,Medium,0.4733237672841117,0.2483259413862075,0.050613096791025304,0.0
EMP05718,Anurag Swain,34,8,Product Management,153296,13993,9198,3842,1263,125000,29289,19846,0,6441,6520,62096,27073,5446,Medium,0.496768,0.216584,0.043568,0.0
EMP05719,Nikita Priya Lodha,23,3,Product Management,135217,10377,8113,3381,2098,111248,0,15324,0,10957,7992,34273,34264,10093,High,0.3080774485833453,0.30799654825255285,0.09072522652092622,0.0
EMP05720,Nitin Neha Ahuja,46,17,Customer Support,51718,919,3103,726,1401,45569,0,8872,9802,3892,3025,25591,7936,2911,Low,0.5615879216133776,0.17415348153349866,0.0638811472711712,0.2151023722267331
EMP05721,Ayaan Aditya Narang,53,38,Marketing,90000,4000,5400,1798,1317,77485,0,14398,26656,6485,5573,53112,10720,2119,Low,0.685448796541266,0.1383493579402465,0.027347228495837903,0.3440149706394786
EMP05722,Akash Tiwari,33,6,Operations,64285,1548,3857,1348,1573,55959,10230,5924,0,3143,2351,21648,17336,3406,Medium,0.38685466144856057,0.30979824514376597,0.06086599117210815,0.0
EMP05723,Divya Mathew,58,27,Finance,127839,9176,7670,2747,1347,106899,23286,13793,5393,4442,4242,51156,14329,18249,High,0.47854516880419834,0.1340424138672953,0.17071254174501166,0.05044948970523579
EMP05724,Avantika Lakhotia,46,16,IT,120757,8114,7245,2333,1915,101150,0,13945,19334,4994,4120,42393,21002,6349,Medium,0.4191102323282254,0.20763222936233316,0.0627681660899654,0.19114186851211074
EMP05725,Pooja Shetty,33,5,Finance,84427,3443,5066,1963,2168,71787,0,8261,0,5879,4242,18382,19475,6530,High,0.2560630754872052,0.27128867343669466,0.09096354493153357,0.0
EMP05726,Kavya Verma,48,28,Operations,94837,4484,5690,1544,1721,81398,18256,12857,28135,2788,3670,65706,847,537,Low,0.8072188505860095,0.01040566107275363,0.006597213690754072,0.3456473132017986
EMP05727,Aditya Khurana,33,12,IT,115683,7352,6941,2544,1979,96867,25209,13009,0,11028,6157,55403,17626,5069,Medium,0.5719491674151156,0.18196083289458742,0.05232948269276431,0.0
EMP05728,Nikhil Mathew,57,25,Operations,95000,4500,5700,1247,1556,81997,4957,13866,7065,6580,5361,37829,20131,5125,Medium,0.46134614681024916,0.24550898203592814,0.06250228666902448,0.08616168884227472
EMP05729,Rishabh Kumawat,58,31,Data Science,170000,17500,10200,2880,1393,138027,11148,17845,19233,12020,7194,67440,29662,6622,Medium,0.48860005651068267,0.21489998333659358,0.047976120614082754,0.13934230259297095
EMP05730,Sonia More,26,7,Marketing,65084,1588,3905,1920,1416,56255,0,8331,14150,1279,3481,27241,1404,704,Low,0.4842414007643765,0.02495778153053062,0.012514443160607945,0.25153319704915117
EMP05731,Namrata Trivedi,58,36,Finance,130000,9500,7800,3471,2338,106891,23020,13058,3965,5453,5218,50714,18410,21299,High,0.4744459309015726,0.17223152557277974,0.19925905829302748,0.0370938619715411
EMP05732,Ishita Aakash Suri,37,8,Sales,61035,1385,3662,1591,1359,53038,16310,6435,3275,8722,4243,38985,3112,1353,Low,0.7350390286209887,0.058674912327010824,0.02551001168973189,0.06174818054979449
EMP05733,Riya Tiwari,44,23,HR,66616,1664,3997,2047,1817,57091,21537,10161,0,6522,4497,42717,2878,1941,Low,0.7482265155628733,0.05041074775358638,0.03399835350580652,0.0
EMP05734,Rohan Khurana,40,14,Sales,70232,2023,4214,2038,1578,60379,0,8619,15061,10666,5208,39554,5007,2822,Low,0.6550953145961345,0.0829261829444012,0.04673810430778913,0.24944103082197452
EMP05735,Harsh Arora,35,7,HR,49613,814,2977,943,1164,43715,13223,4827,5703,6334,3261,33348,2536,1021,Low,0.7628502802241793,0.05801212398490221,0.023355827519158184,0.13045865263639483
EMP05736,Prachi Somani,47,25,Marketing,88844,3884,5331,2052,1861,75716,0,11356,18589,3334,2691,35970,25823,2950,Medium,0.4750647155158751,0.34105076866184164,0.03896138200644514,0.24550953563315547
EMP05737,Vihaan Pawar,40,11,Finance,95333,4533,5720,1881,1567,81632,0,11851,25017,2576,2706,42150,24716,2610,Medium,0.5163416307330458,0.3027734221873775,0.03197275578204626,0.3064607016856135
EMP05738,Kartik Bhatia,45,25,Customer Support,59901,1328,3594,766,1520,52693,0,9469,14939,3248,3191,30847,9610,2836,Low,0.5854098267322035,0.18237716584745603,0.05382119067048754,0.28351014366234606
EMP05739,Shivam Soni,26,2,IT,81673,3167,4900,1412,2029,70165,0,9298,23462,8257,4081,45098,11023,3256,Low,0.6427421078885485,0.15710111879142022,0.04640490272928098,0.33438323950687665
EMP05740,Riya Parmar,36,8,Marketing,58781,1272,3527,988,1552,51442,0,6696,16173,7231,4333,34433,3191,1426,Low,0.6693557793242876,0.06203102523230045,0.027720539636872595,0.31439290851833135
EMP05741,Ashish Mittal,52,24,Finance,123394,8509,7404,3325,1954,102202,0,19008,0,12188,7966,39162,12080,7184,Medium,0.3831823251991155,0.11819729555194615,0.07029216649380639,0.0
EMP05742,Mansi Somani,46,26,Marketing,90000,4000,5400,2154,870,77576,24815,13041,0,11606,5915,55377,3463,2755,Low,0.7138419098690316,0.044640094874703516,0.035513560895122205,0.0
EMP05743,Ravi Patel,41,18,HR,61219,1394,3673,1551,1416,53185,0,7902,10854,1190,2389,22335,2162,609,Low,0.4199492338065244,0.040650559368242925,0.011450596972830686,0.20408009777192818
EMP05744,Dhruv Agarwal,56,29,Sales,85000,3500,5100,2125,2046,72229,0,10961,0,4637,2168,17766,15165,18246,High,0.2459676861094574,0.2099572193994102,0.2526132162981628,0.0
EMP05745,Karan Lakhotia,50,26,Marketing,90000,4000,5400,1428,1463,77709,21386,13092,8481,6077,5430,54466,11240,2266,Low,0.7008969360048386,0.14464219073723764,0.02916007154898403,0.10913793769061499
EMP05746,Trisha Sandhu,22,0,Marketing,50000,833,3000,1067,2098,43002,0,4633,3060,3025,1593,12311,20297,2217,Medium,0.28628900981349703,0.4720013022650109,0.05155574159341426,0.07115948095437422
EMP05747,Nisha Aditi Ahuja,53,26,Sales,85000,3500,5100,1946,1742,72712,0,9131,14986,3540,1998,29655,22042,3529,Medium,0.40784189679832766,0.3031411596435251,0.04853394212784685,0.20610078116404446
EMP05748,Vikram Bohra,37,18,IT,131993,9799,7920,3988,1346,108940,0,17040,0,3032,8938,29010,5416,1797,Medium,0.2662933724986231,0.04971543969157334,0.016495318523958143,0.0
EMP05749,Aman Arora,25,1,Data Science,95957,4596,5757,1648,2445,81511,0,10094,3737,5645,5791,25267,1241,2236,Medium,0.3099827017212401,0.015224938965293028,0.027431880359706052,0.04584657285519746
EMP05750,Dhruv Joshi,34,9,Sales,58818,1274,3529,730,1313,51972,11760,6857,0,2409,1494,22520,18312,2179,High,0.4333102439775264,0.35234356961440777,0.04192642191949511,0.0
EMP05751,Saurabh Shruti Goel,47,23,IT,143550,12043,8613,3431,1439,118024,24862,11374,0,9543,6875,52654,25725,9020,Medium,0.44612960075916763,0.21796414288619265,0.07642513387107706,0.0
EMP05752,Vivek Mehta,29,4,HR,47843,725,2871,836,1070,42341,13879,4787,0,7679,2738,29083,2007,1896,Low,0.6868756052053565,0.047400864410382375,0.044779291939255096,0.0
EMP05753,Vikram Dubey,60,27,Operations,95000,4500,5700,1612,1182,82006,0,11520,17094,5643,5044,39301,21054,3964,Medium,0.4792454210667512,0.256737311904007,0.04833792649318343,0.20844816232958563
EMP05754,Rashmi Swain,41,25,Finance,120686,8103,7241,3635,2072,99635,0,14380,24779,4648,5034,48841,14169,17075,Medium,0.4901992271792041,0.1422090630802429,0.17137552065037387,0.24869774677573142
EMP05755,Saloni Bedi,27,4,Finance,81341,3134,4880,1365,1018,70944,24133,12949,0,10795,5863,53740,2987,2451,Low,0.7574988723500226,0.04210363103292738,0.034548376184032475,0.0
EMP05756,Deepak Chatterjee,24,0,Sales,48381,752,2903,845,1959,41922,2613,8048,1772,5248,2853,20534,4063,3328,Medium,0.4898144172510854,0.09691808596918086,0.07938552549973761,0.042268975716807405
EMP05757,Sai Menon,34,12,Marketing,67272,1727,4036,1571,2202,57736,19108,9536,0,10276,5262,44182,2336,1955,Low,0.7652417902175419,0.04046002494111126,0.03386102258556187,0.0
EMP05758,Aditi Jindal,28,2,Finance,70616,2062,4237,2141,958,61218,7312,8544,0,1627,1728,19211,28461,2766,Medium,0.3138129308373354,0.4649122807017544,0.04518278937567382,0.0
EMP05759,Monika Nair,50,28,Data Science,170000,17500,10200,3963,1081,137256,36170,24009,11398,10900,8768,91245,21487,4858,Medium,0.6647796817625459,0.156546890482019,0.0353937168502652,0.08304190709331469
EMP05760,Akash Porwal,29,2,Finance,73153,2315,4389,1495,1452,63502,14364,9642,0,4451,2330,30787,11972,4998,Medium,0.48481937576769235,0.18852949513401152,0.0787061824824415,0.0
EMP05761,Tanvi Rawat,43,19,Operations,81048,3105,4863,1553,2068,69459,18736,12083,12441,1842,3992,49094,1784,647,Low,0.7068054535769303,0.025684216588203114,0.009314847607941375,0.17911285794497472
EMP05762,Sonia Menon,45,20,Operations,83808,3381,5028,1457,1470,72472,0,9907,0,8835,4314,23056,6324,6311,Medium,0.31813665967546084,0.08726128711778341,0.08708190749530853,0.0
EMP05763,Mayank Ahuja,42,22,Sales,80062,3006,4804,1248,1295,69709,0,11007,17753,1721,3912,34393,1432,359,Low,0.4933796209958542,0.020542541135290995,0.005149980633777561,0.25467299774778007
EMP05764,Anurag Pawar,57,37,Operations,95000,4500,5700,1243,1436,82121,0,11708,15770,6168,5269,38915,21311,4216,Medium,0.47387391775550713,0.25950731238051167,0.05133887799710184,0.19203370636012712
EMP05765,Lakshay Bohra,43,15,HR,56787,1173,3407,703,2078,49426,0,7374,11855,1673,2967,23869,639,46,Low,0.48292396714279934,0.012928418241411404,0.0009306842552502732,0.23985351839113017
EMP05766,Diya Arora,24,0,Cyber Security,95000,4500,5700,1935,953,81912,0,8101,0,4252,3793,16146,38542,5746,High,0.19711397597421623,0.4705293485691962,0.07014845199726535,0.0
EMP05767,Ritika Ghosh,46,27,Marketing,90000,4000,5400,1321,1057,78222,0,13193,16125,4420,5421,39159,15866,5442,Medium,0.5006136381069265,0.20283296259364372,0.06957122037278515,0.20614405154560098
EMP05768,Nandini Saxena,60,22,HR,67390,1739,4043,2005,1111,58492,4812,9230,4304,4066,3134,25546,12985,3758,Medium,0.4367434862887232,0.22199617041646721,0.06424810230458866,0.07358271216576626
EMP05769,Lokesh Iyer,22,2,IT,88093,3809,5286,2085,1981,74932,0,8188,0,7028,4959,20175,22426,5058,Medium,0.269244114663962,0.299284684780868,0.06750120108898734,0.0
EMP05770,Yash Sahu,49,21,Sales,77421,2742,4645,1531,1033,67470,15624,10750,2684,3192,3550,35800,1945,1064,Medium,0.5306061953460798,0.02882762709352305,0.015769971839336,0.03978064324885134
EMP05771,Manish Dubey,52,35,Operations,95000,4500,5700,1541,1187,82072,7670,10548,0,4137,3258,25613,4389,1538,Medium,0.31207963739155864,0.05347743444780193,0.018739643240081878,0.0
EMP05772,Manish Bedi,29,4,IT,93303,4330,5598,1679,1021,80675,18157,11039,6343,1759,2096,39394,23120,4045,Medium,0.4883049271769445,0.28658196467307095,0.050139448404090486,0.07862410907964053
EMP05773,Shruti Kumawat,23,1,Customer Support,35000,83,2100,1166,1283,30368,0,4576,0,3182,1743,9501,7503,3313,Medium,0.3128622233930453,0.24706928345626974,0.10909510010537408,0.0
EMP05774,Nisha Behera,23,0,Finance,70000,2000,4200,2054,909,60837,13468,5526,3277,5871,2578,30720,9215,9193,High,0.5049558656738498,0.15147032233673588,0.1511087002975163,0.05386524647829446
EMP05775,Neha Shetty,24,0,Customer Support,35000,83,2100,860,1243,30714,0,3500,2453,2400,1514,9867,8188,2550,High,0.32125415120140655,0.2665885264048968,0.08302402813049424,0.07986585921729504
EMP05776,Pooja Naidu,50,17,Cyber Security,153111,13956,9187,3049,927,125992,0,22007,38576,9886,7472,77941,19407,4407,Medium,0.6186186424534891,0.1540335894342498,0.034978411327703345,0.3061781700425424
EMP05777,Prateek Nikita Mundra,58,37,Finance,130000,9500,7800,2912,1710,108078,5761,12317,4506,8876,3744,35204,48120,4877,Medium,0.3257277151686745,0.44523399766835065,0.04512481726160736,0.04169211125298396
EMP05778,Rajat Bansal,46,19,Sales,73790,2379,4427,1320,2261,63403,0,9710,3494,3291,3095,19590,16247,6590,High,0.30897591596612145,0.25624970427266847,0.10393829944955287,0.055107802469914674
EMP05779,Mohit Menon,32,5,Customer Support,42606,464,2556,756,1575,37255,11903,5918,6436,3471,2688,30416,1155,1098,Low,0.8164273251912495,0.03100254999328949,0.029472554019594685,0.17275533485438196
EMP05780,Deepak Rashmi Yadav,23,3,Sales,48651,766,2919,787,1729,42450,9672,4698,1878,4425,1968,22641,8091,2477,Medium,0.533356890459364,0.19060070671378093,0.0583510011778563,0.04424028268551237
EMP05781,Sonali Charu Malhotra,56,24,Sales,84814,3481,5089,1769,1263,73212,16324,9728,0,2172,2842,31066,25707,4089,Medium,0.42432934491613394,0.3511309621373545,0.05585149975413867,0.0
EMP05782,Rohan Verma,49,24,Customer Support,58370,1252,3502,877,1797,50942,0,8399,14040,1039,3671,27149,195,934,Low,0.5329394213026579,0.0038278826901181734,0.01833457657728397,0.2756075536885085
EMP05783,Mayank Gaurav Nair,41,21,Marketing,87365,3736,5242,1461,1089,75837,0,11199,19961,12098,7187,50445,3052,4017,Low,0.6651766288223426,0.04024420797236178,0.05296886743937656,0.2632092514208104
EMP05784,Kavya Parmar,57,35,Finance,130000,9500,7800,3091,2100,107509,22018,15509,17161,6592,5201,66481,15859,5342,Medium,0.6183761359514087,0.1475132314503902,0.0496888632579598,0.1596238454454976
EMP05785,Pankaj Chaudhary,33,7,IT,96015,4602,5761,1919,2474,81259,20747,11221,0,5620,5025,42613,18618,4928,Medium,0.5244096038592648,0.22911923602308668,0.06064559002695086,0.0
EMP05786,Ritika Monika Agarwal,37,9,Customer Support,43210,494,2593,946,2358,36819,0,6442,8853,5135,2400,22830,2831,1958,Low,0.6200602949564084,0.07688964936581656,0.05317906515657677,0.24044650859610528
EMP05787,Shruti Ayush Bedi,49,18,Customer Support,49614,814,2977,839,1958,43026,4196,7033,0,2828,1954,16011,10423,3949,High,0.37212383210152,0.24224887277460141,0.09178171338260586,0.0
EMP05788,Anurag Bedi,31,8,Sales,55673,1117,3340,738,1636,48842,11991,6571,0,1052,2687,22301,867,939,Medium,0.4565947340403751,0.017751115842922074,0.019225256950984808,0.0
EMP05789,Varun Tayal,22,3,Sales,50711,869,3043,706,1650,44443,0,4726,0,3214,1300,9240,11368,13557,High,0.2079067569696015,0.2557883131201764,0.30504241387845105,0.0
EMP05790,Rohan Pawar,32,5,IT,93900,4390,5634,1631,1658,80587,0,12735,0,6650,4673,24058,26695,6942,High,0.2985345030836239,0.33125690247806716,0.08614292627843201,0.0
EMP05791,Mansi Chopra,32,12,Marketing,74868,2487,4492,1350,1752,64787,14870,11467,6012,4358,3013,39720,9349,3823,Medium,0.6130859586028061,0.1443036411625789,0.05900875175575347,0.09279639433837035
EMP05792,Nikita Tomar,34,8,HR,49032,785,2942,888,1741,42676,5017,6411,0,7063,3659,22150,3351,3366,Medium,0.5190270878245384,0.07852188583747305,0.07887337144999532,0.0
EMP05793,Yuvraj Mundra,33,5,Cyber Security,113881,7082,6833,2871,1594,95501,11421,13902,4111,7701,6660,43795,1908,770,Medium,0.45858158553313577,0.019978848389022103,0.008062742798504727,0.04304666966838044
EMP05794,Krishna Malhotra,24,3,Marketing,54790,1073,3287,786,1131,48513,0,5673,0,3087,2342,11102,3695,1588,Medium,0.22884587636303672,0.07616515160884711,0.03273349411497949,0.0
EMP05795,Sai Pandey,37,11,Sales,64036,1535,3842,1755,1731,55173,0,8426,15379,12429,5482,41716,1401,2383,Low,0.7560944664962935,0.02539285520091349,0.043191416091204034,0.2787414133724829
EMP05796,Ashish Thomas,44,24,Marketing,90000,4000,5400,1982,1253,77365,0,9503,25477,4651,3872,43503,17235,3722,Low,0.5623085374523363,0.22277515672461706,0.048109610288890325,0.329309119110709
EMP05797,Khushi Shetty,25,3,HR,40942,380,2457,1060,820,36225,0,3797,1564,3433,1668,10462,12870,3092,High,0.2888060731538992,0.3552795031055901,0.08535541752933057,0.04317460317460318
EMP05798,Ashish Malhotra,26,2,Data Science,91622,4162,5497,1667,1737,78559,21480,11547,8792,3580,4080,49479,251,944,Low,0.6298323552998384,0.003195050853498644,0.012016446237859444,0.11191588487633498
EMP05799,Prachi Das,53,32,Finance,130000,9500,7800,2671,2211,107818,27152,17779,3529,5407,5384,59251,3380,272,Medium,0.5495464579198278,0.03134912537795173,0.002522769852900258,0.03273108386354783
EMP05800,Aman Ayush Jindal,47,16,Product Management,172073,18018,10324,3034,1612,139085,0,21415,28436,10299,6433,66583,28171,7737,Medium,0.4787216450372075,0.20254520616888952,0.05562785347089909,0.20445051587158933
EMP05801,Sakshi Khanna,36,10,Data Science,122347,8352,7341,3974,1736,100944,0,14550,35236,5207,6506,61499,17096,5115,Low,0.6092387858614677,0.16936122998890474,0.05067165953399905,0.34906482802345856
EMP05802,Abhishek Sumit Bhatia,43,18,IT,125732,8860,7544,3106,1906,104316,0,15297,0,7067,6847,29211,37432,9302,High,0.28002415736799724,0.35883277733041913,0.08917136393266613,0.0
EMP05803,Charu Sabharwal,44,25,IT,137832,10900,8270,2950,1332,114380,0,18813,29834,6076,5848,60571,23796,5982,Medium,0.5295593635250918,0.20804336422451478,0.05229935303374716,0.26083231334149326
EMP05804,Rahul Gupta,55,22,Finance,113808,7071,6828,2937,1270,95702,0,12787,0,3752,4536,21075,15253,33340,High,0.2202148335457984,0.15938015924432092,0.3483730747528787,0.0
EMP05805,Sonia Kavya Bose,44,17,Sales,76171,2617,4570,1383,952,66649,21249,9553,0,9853,4751,45406,3705,2900,Medium,0.6812705366922235,0.05558973127878888,0.043511530555597235,0.0
EMP05806,Khushi Menon,58,29,Sales,85000,3500,5100,1509,1675,73216,0,8661,21341,7553,4663,42218,13607,3774,Medium,0.5766225961538461,0.18584735576923078,0.051546110139860137,0.2914800043706294
EMP05807,Amit Pawar,46,24,HR,66682,1668,4001,2089,2093,56831,0,9450,15909,3593,2766,31718,9765,3159,Medium,0.5581108901831747,0.17182523622670726,0.055585859830022344,0.27993524660836516
EMP05808,Payal Sahu,37,14,HR,62143,1440,3729,1736,1331,53907,6096,8237,0,2133,1717,18183,10854,10552,High,0.33730313317379934,0.20134676387111136,0.1957445229747528,0.0
EMP05809,Shreya Solanki,24,3,Operations,52409,954,3145,1084,1670,45556,0,5897,2623,3533,2552,14605,2631,749,Medium,0.3205944332250417,0.057753095091755205,0.016441303011677934,0.05757748704890684
EMP05810,Trisha Fernandes,22,3,Cyber Security,109349,6402,6561,2570,2290,91526,0,8683,5097,7841,3574,25195,20871,24085,High,0.27527697047833405,0.22803356423311408,0.2631492690601578,0.05568909380940935
EMP05811,Shubham Prateek Jain,38,9,Data Science,114970,7246,6898,3402,1621,95803,22169,13652,0,7130,5200,48151,18909,4342,Medium,0.5026043025792511,0.19737377743911985,0.04532217153951338,0.0
EMP05812,Sonia Mundra,46,22,Finance,119412,7912,7165,3203,1879,99253,0,18783,22631,5145,7136,53695,2627,1433,Low,0.5409912042960918,0.026467713822252225,0.01443785074506564,0.22801325904506664
EMP05813,Rohan Chauhan,37,9,Cyber Security,125386,8808,7523,2484,1733,104838,0,10531,28913,7574,2332,49350,33707,3469,Medium,0.47072626337778284,0.32151509948682727,0.033089147064995515,0.2757874053301284
EMP05814,Karan Jain,35,12,Finance,96239,4624,5774,1240,1527,83074,0,11440,0,7672,3944,23056,25364,8241,High,0.27753569107061177,0.30531815008305846,0.09920071261766618,0.0
EMP05815,Nandini Mukherjee,22,2,Sales,50131,840,3008,806,1537,43940,4101,6401,2065,3242,2472,18281,9677,3803,High,0.4160446062812927,0.22023213472917616,0.08654984069185252,0.046995903504779245
EMP05816,Pankaj Chaudhary,47,20,IT,131573,9736,7894,2268,1785,109890,25342,18530,0,8140,4931,56943,26085,4957,Medium,0.5181818181818182,0.23737373737373738,0.04510874510874511,0.0
EMP05817,Manish Kohli,24,1,Finance,71538,2154,4292,1912,1833,61347,0,6991,8323,5598,4195,25107,17439,4284,Medium,0.409262066604724,0.28426817937307447,0.06983226563646144,0.13567085595057624
EMP05818,Lokesh Shinde,39,16,IT,121771,8266,7306,3983,1716,100500,24026,15525,8029,7275,4999,59854,8484,17539,Medium,0.5955621890547264,0.08441791044776119,0.17451741293532338,0.0798905472636816
EMP05819,Muskan Swain,60,24,IT,139569,11247,8374,3013,2118,114817,0,14014,17850,21851,7822,61537,10604,5112,Medium,0.5359572188787375,0.09235566161805307,0.04452302359406708,0.15546478308961217
EMP05820,Aditya Swain,50,26,Data Science,164579,16249,9875,3605,1363,133487,0,18482,38239,8616,6452,71789,15215,22990,Medium,0.5377976881643906,0.11398113673990726,0.1722265089484369,0.2864623521391596
EMP05821,Mohit Aditi Srivastava,53,31,Sales,85000,3500,5100,1567,1205,73628,18549,13558,0,2954,3574,38635,435,806,Medium,0.5247324387461292,0.005908078448416364,0.010946922366491009,0.0
EMP05822,Ritika Gill,34,6,Sales,56465,1157,3388,999,1952,48969,15346,7120,2073,7415,3379,35333,3112,1349,Low,0.7215381159509077,0.06355040944270865,0.02754804059711246,0.04233290449059609
EMP05823,Neha Sonia Roy,58,34,Finance,130000,9500,7800,2314,1670,108716,25981,13570,0,6750,5964,52265,16955,20952,High,0.48074800397365614,0.15595680488612532,0.19272232238125023,0.0
EMP05824,Vidhi Kapoor,22,3,Finance,75116,2512,4507,1841,1559,64697,16432,9881,4001,4665,2253,37232,8136,8148,Medium,0.5754826344343633,0.12575544461103297,0.1259409246178339,0.061842125600877935
EMP05825,Dhruv Chauhan,36,14,Sales,64796,1573,3888,1656,2015,55664,14694,7808,0,5857,2673,31032,11409,2468,Medium,0.5574877838459328,0.20496191434320207,0.044337453291175624,0.0
EMP05826,Harsh Chaudhary,47,28,Data Science,169490,17372,10169,3811,2047,136091,0,18905,38510,9935,9008,76358,27916,7817,Medium,0.5610804535200711,0.20512745148466835,0.057439507388438615,0.282972422864113
EMP05827,Ritika Naidu,53,34,Data Science,170000,17500,10200,3866,1527,136907,0,19329,25139,5251,4833,54552,21455,29283,Medium,0.3984602686495212,0.15671222070456586,0.2138897207593476,0.1836209981958556
EMP05828,Garima Deshmukh,43,18,Sales,73869,2387,4432,1654,1228,64168,0,10753,15256,3192,3890,33091,12168,2936,Medium,0.5156931804014462,0.18962722852512157,0.04575489340481237,0.23775090387732203
EMP05829,Rakesh Rajat Soni,34,8,IT,96331,4633,5780,2108,1292,82518,0,9487,0,6903,3074,19464,30967,6648,High,0.23587580891441867,0.3752756974235924,0.08056424052933905,0.0
EMP05830,Varun Sahu,51,25,Operations,93868,4387,5632,2030,1347,80472,0,6988,26942,3897,1566,39393,27015,2880,Medium,0.48952430659111246,0.335706829704742,0.035788845809722636,0.33479968187692616
EMP05831,Vihaan Sai Bohra,24,0,IT,80000,3000,4800,2019,2364,67817,14406,11325,11776,1580,4889,43976,379,116,Low,0.6484509783682557,0.005588569237801731,0.001710485571464382,0.17364377663417727
EMP05832,Pankaj Tayal,45,25,HR,70000,2000,4200,1225,1619,60956,10402,8142,0,1598,2366,22508,20473,4317,Medium,0.36924995078417217,0.3358652142529037,0.070821576218912,0.0
EMP05833,Akash Dubey,35,8,Sales,59056,1286,3543,809,2073,51345,0,7570,0,1260,2831,11661,2837,1524,Medium,0.2271107215892492,0.05525367611257182,0.029681565877884897,0.0
EMP05834,Aakash Deshmukh,22,2,IT,80000,3000,4800,1348,1301,69551,14555,8526,5367,3233,2832,34513,10263,10465,High,0.49622579114606546,0.14756078273497145,0.15046512631018966,0.07716639588215841
EMP05835,Trisha Rawat,42,26,IT,148962,13126,8938,3784,2110,121004,0,15738,31443,3820,6409,57410,37678,4140,Medium,0.4744471257148524,0.31137813625995836,0.03421374500016528,0.25985091401937127
EMP05836,Ankit D'Souza,51,33,Product Management,220000,31000,13200,3076,1400,171324,51249,28793,19908,25026,14691,139667,3808,3907,Low,0.8152214517522355,0.022226891737293083,0.022804744227311994,0.1162008825383484
EMP05837,Divya Fernandes,41,16,Sales,70180,2018,4211,2190,1273,60488,0,9529,13021,1283,4807,28640,999,1239,Low,0.4734823436053432,0.016515672530088614,0.020483401666446237,0.21526583785213596
EMP05838,Aditi Kapoor,43,23,Operations,95000,4500,5700,1307,1333,82160,0,12573,16021,3549,3532,35675,28044,4472,Medium,0.43421372930866603,0.341333982473223,0.05443037974683544,0.19499756572541382
EMP05839,Garima Shukla,44,22,Data Science,151263,13586,9076,2994,1520,124087,0,18243,33424,8089,5682,65438,14951,25786,Medium,0.5273558068129619,0.12048804467833052,0.2078058136629945,0.26935940106538153
EMP05840,Akash Deshmukh,52,35,HR,70000,2000,4200,1927,1685,60188,0,6414,16527,4266,1676,28883,19561,2777,Medium,0.4798797102412441,0.3249983385392437,0.04613876520236592,0.27458961919319463
EMP05841,Sakshi Porwal,58,34,Marketing,90000,4000,5400,1227,1237,78136,0,13994,16409,9601,7351,47355,4225,3755,Low,0.6060586669396949,0.0540723866079656,0.04805723354151736,0.21000563120712604
EMP05842,Kunal Fernandes,39,17,IT,116173,7426,6970,3742,1614,96421,8655,11598,0,7523,5558,33334,24336,8429,High,0.3457130708040779,0.25239315086962383,0.0874187158399104,0.0
EMP05843,Pooja Singh,56,25,Operations,95000,4500,5700,1897,1608,81295,0,11932,17822,5326,5037,40117,15664,4539,Medium,0.49347438341841443,0.19268097668983333,0.05583369210898579,0.21922627467863953
EMP05844,Ankit Rohan Mittal,58,35,HR,70000,2000,4200,1520,1344,60936,16639,9700,0,4807,4442,35588,9847,3813,Medium,0.5840225810686622,0.16159577261389,0.06257384797164238,0.0
EMP05845,Charu Roy,40,17,Marketing,80901,3090,4854,1827,1277,69853,14376,10911,0,2069,3234,30590,132,1662,Medium,0.4379196312255737,0.0018896826192146365,0.02379282206920247,0.0
EMP05846,Sneha Rajat Sandhu,60,31,Cyber Security,180000,20000,10800,3523,1974,143703,0,24226,48944,8885,5875,87930,27526,5491,Low,0.6118870169725058,0.19154784520852036,0.0382107541248269,0.34059135856593115
EMP05847,Parth George,46,26,Cyber Security,174392,18598,10464,3208,1309,140813,37686,21747,0,10755,7406,77594,26245,6366,Medium,0.5510428724620596,0.18638193916754844,0.04520889406517864,0.0
EMP05848,Ravi Wadhwa,30,7,Operations,63051,1486,3783,1833,1990,53959,0,6489,0,4487,4292,15268,3550,1611,Medium,0.2829555773828277,0.0657906929335236,0.0298560017791286,0.0
EMP05849,Ayaan Nair,34,9,Finance,86805,3680,5208,1837,1058,75022,0,9200,8333,6389,4427,28349,21824,3971,Medium,0.37787582309189305,0.29090133560822157,0.052931140198874994,0.1110740849350857
EMP05850,Aditi Khanna,36,8,Operations,67559,1756,4054,1476,2224,58049,11505,9351,0,1502,1353,23711,21980,2143,Medium,0.4084652621061517,0.37864562697031817,0.03691708728832538,0.0
EMP05851,Siddharth Kulkarni,55,38,Customer Support,60000,1333,3600,1976,1587,51504,0,8620,12000,3822,2940,27382,9869,3457,Medium,0.5316480273376825,0.19161618515066792,0.06712100031065549,0.23299161230195714
EMP05852,Aditi Ayaan Jain,23,1,Data Science,91899,4190,5514,1851,1638,78706,0,8364,12237,6164,4168,30933,1445,799,Medium,0.3930195918989658,0.018359464335628795,0.010151703809112393,0.15547734607272634
EMP05853,Diya Bagri,57,32,HR,70000,2000,4200,1205,1515,61080,0,9863,16446,2147,2907,31363,2917,1022,Low,0.5134741322855272,0.04775703994760969,0.016732154551407988,0.2692534381139489
EMP05854,Saurabh Menon,43,27,Marketing,90000,4000,5400,1215,2332,77053,19834,14663,2792,3105,5549,45943,226,366,Medium,0.5962519304894034,0.002933046085162161,0.00474997728835996,0.036234799423773244
EMP05855,Shreya Purohit,54,34,Operations,95000,4500,5700,2082,1475,81243,0,13013,22822,2484,3532,41851,25794,2595,Medium,0.5151336115111456,0.31749196853882794,0.031941213396846496,0.280910355353692
EMP05856,Vaishnavi Sabharwal,55,23,Marketing,90000,4000,5400,1887,1339,77374,0,10152,22699,2109,2093,37053,23947,3587,Medium,0.47888179491818955,0.3094967301677566,0.04635924212267687,0.2933672809987851
EMP05857,Vikram Arora,51,34,IT,150000,13333,9000,3639,2119,121909,26104,16275,14564,7356,7765,72064,19421,4971,Medium,0.5911294490152491,0.15930735220533349,0.04077631676086261,0.11946615918430961
EMP05858,Nikita Daga,55,25,Cyber Security,176009,19002,10561,2730,1504,142212,0,21804,25750,8040,9208,64802,27542,11513,Medium,0.4556718139116249,0.1936686074311591,0.0809566000056254,0.18106770174106263
EMP05859,Rishabh Suri,49,27,HR,70000,2000,4200,1364,1431,61005,0,8731,17725,3737,3913,34106,13340,3012,Low,0.5590689287763299,0.21867060077042866,0.049373002212933365,0.29054995492172775
EMP05860,Hemant Khanna,41,24,Sales,80531,3053,4832,1295,1855,69496,22270,9730,5288,11087,6504,54879,2411,1541,Low,0.7896713479912513,0.034692644180960054,0.022173938068378037,0.07609071025670543
EMP05861,Parth Bhatia,59,37,Sales,85000,3500,5100,1528,1877,72995,0,10859,17086,11561,4336,43842,5498,3398,Low,0.6006164805808617,0.07532022741283649,0.046551133639290365,0.23407082676895677
EMP05862,Rohit Deshmukh,46,26,Sales,85000,3500,5100,2048,1301,73051,22014,10819,9788,9384,4134,56139,2129,1850,Low,0.7684905066323527,0.029144022669094195,0.025324773103722057,0.13398858331850352
EMP05863,Komal Gill,49,23,Sales,80918,3092,4855,2172,2116,68683,17142,11166,2597,5827,4510,41242,12896,2525,Medium,0.6004688205232735,0.1877611636067149,0.03676310003931104,0.03781139437706565
EMP05864,Muskan Gaurav Mehta,25,0,Customer Support,39154,291,2349,773,2237,33504,8223,4601,0,1913,1581,16318,1389,746,Medium,0.4870463228271251,0.041457736389684814,0.022265998089780324,0.0
EMP05865,Preeti Mundra,49,24,IT,145557,12445,8733,3667,1714,118998,0,17266,30264,5425,3310,56265,35375,5265,Medium,0.47282307265668333,0.29727390376308843,0.044244441083043415,0.25432360207734583
EMP05866,Trisha Preeti Mukherjee,49,27,Sales,85000,3500,5100,1929,1197,73274,0,12540,10117,8516,5061,36234,8903,4183,Medium,0.4945000955318394,0.12150285230777629,0.05708709774271911,0.13807080274039904
EMP05867,Kunal Varun Seth,36,18,Operations,84685,3468,5081,1239,2116,72781,0,11296,23976,3758,3506,42536,2636,990,Low,0.584438246245586,0.03621824377241313,0.013602451189183991,0.32942663607260136
EMP05868,Shruti Rajput,23,0,Sales,45000,583,2700,1123,1682,38912,0,4532,12696,3797,2304,23329,6018,1479,Medium,0.5995322779605263,0.15465666118421054,0.038008840460526314,0.3262746710526316
EMP05869,Rajat Naidu,30,2,Operations,50652,866,3039,1018,1288,44441,13853,4631,5602,9230,2851,36167,1079,970,Low,0.8138205710942598,0.024279381652078037,0.021826691568596568,0.12605476924461645
EMP05870,Aarav Mohanty,35,10,Sales,59385,1303,3563,714,2083,51722,0,7865,11775,9010,5318,33968,3106,2872,Low,0.6567418119948958,0.060051815475039634,0.055527628475310314,0.2276594099222768
EMP05871,Mansi Gupta,45,18,Marketing,82862,3286,4972,1522,1816,71266,0,12984,18794,5615,5382,42775,12691,2764,Medium,0.6002160918249937,0.17807930850616002,0.0387842730053602,0.26371621811242385
EMP05872,Pooja Mishra,39,15,Cyber Security,140763,11486,8446,2327,1275,117229,0,17809,0,7852,6761,32422,30994,9760,High,0.27656979075143523,0.2643885045509217,0.08325584966177312,0.0
EMP05873,Ishaan Pradhan,51,29,HR,70000,2000,4200,1276,1735,60789,0,9483,17867,1317,1914,30581,20177,2008,Medium,0.5030679892743753,0.3319186036947474,0.03303229202651795,0.293918307588544
EMP05874,Kunal Agarwal,48,27,Data Science,165496,16433,9930,3130,1530,134473,0,18776,40764,4456,4396,68392,43459,4479,Medium,0.5085928030162189,0.32318011794189166,0.03330780156611365,0.303138920080611
EMP05875,Vihaan Solanki,57,34,Operations,95000,4500,5700,1924,1350,81526,17079,10276,10677,3475,3509,45016,19778,3051,Medium,0.5521674067168756,0.24259745357309326,0.03742364399087408,0.13096435492971567
EMP05876,Sanya Rathore,32,9,Sales,54822,1074,3289,864,1602,47993,11628,5936,0,4325,3046,24935,11436,1821,Medium,0.5195549350947013,0.2382847498593545,0.03794303335903153,0.0
EMP05877,Vivaan Joshi,39,9,Data Science,117736,7660,7064,3939,1767,97306,35235,16105,5017,14713,7630,78700,4478,2575,Low,0.8087887694489548,0.046019772675888436,0.02646291081742133,0.05155899944504964
EMP05878,Pankaj Malhotra,25,2,Data Science,91033,4103,5462,2064,1285,78119,15425,6775,6122,4396,1924,34642,23552,3463,High,0.4434516570872643,0.30148875433633304,0.044329804528987826,0.07836761863311102
EMP05879,Amit Rawat,59,22,Operations,90496,4050,5430,1788,1852,77376,12853,11279,0,2171,2832,29135,24124,4529,High,0.37653794458229944,0.31177626137303555,0.058532361455748555,0.0
EMP05880,Ishita Rajput,40,18,Operations,83089,3309,4985,1998,1217,71580,14341,8599,0,3075,3157,29172,21857,3167,High,0.4075440067057837,0.30535065660799104,0.04424420229114278,0.0
EMP05881,Nikhil Swati Malhotra,57,35,Finance,130000,9500,7800,2302,2044,108354,0,14775,24961,7774,5514,53024,23147,7690,Medium,0.48935895306126215,0.2136238625246876,0.07097107628698525,0.2303652841611754
EMP05882,Nikhil Chauhan,53,22,Sales,78295,2830,4698,2052,1420,67295,22414,12022,0,10183,5715,50334,1781,1804,Low,0.7479604725462515,0.026465562077420315,0.026807340812838993,0.0
EMP05883,Shubham Yash Menon,56,35,Marketing,90000,4000,5400,1497,1813,77290,21144,13914,3862,5224,4275,48419,12036,3345,Medium,0.6264587915642386,0.15572519083969466,0.04327856126277656,0.04996765428904127
EMP05884,Tushar Bagri,43,20,Marketing,85267,3527,5116,1738,978,73908,0,10596,22510,3287,3819,40212,10338,11078,Medium,0.5440818314661471,0.1398766033446988,0.14988905125290902,0.3045678410997456
EMP05885,Sumit Daga,44,15,IT,123122,8468,7387,3702,1705,101860,22342,12579,10113,3829,3737,52600,11271,22110,Medium,0.516395052032201,0.11065187512271746,0.21706263498920086,0.09928333006086786
EMP05886,Rohan Patel,48,16,Sales,72631,2263,4358,1977,1567,62466,20884,9478,0,7266,5854,43482,2676,2995,Low,0.6960906733262895,0.04283930458169244,0.04794608266897192,0.0
EMP05887,Hemant Mukherjee,34,8,Operations,65609,1614,3937,1434,1712,56912,11051,7355,0,1395,2602,22403,19567,3545,Medium,0.3936428169806016,0.34381149845375314,0.062289148158560584,0.0
EMP05888,Shreya Shetty,55,38,Cyber Security,180000,20000,10800,3966,2371,142863,0,22979,4837,20204,12361,60381,9293,13816,Medium,0.4226496713634741,0.06504833301834624,0.09670803497056621,0.03385761183791464
EMP05889,Yash Sahu,40,14,Data Science,135189,10371,8111,3262,1820,111625,26646,16016,0,4700,4437,51799,32349,6700,High,0.4640447928331467,0.2898006718924972,0.06002239641657335,0.0
EMP05890,Dev Rawat,45,24,HR,66011,1634,3961,1975,1393,57048,0,5604,14839,2715,1216,24374,20022,2006,Medium,0.42725424204178936,0.3509676062263357,0.03516337119618567,0.26011428972093675
EMP05891,Rakesh Banerjee,56,27,Customer Support,59656,1316,3579,781,1209,52771,2899,7693,0,1501,2588,14681,25083,2617,Medium,0.27820204278865285,0.4753178829281234,0.04959163176744803,0.0
EMP05892,Vikram Gupta,31,6,IT,94909,4491,5695,1372,1746,81605,0,10016,0,4258,3214,17488,13145,25213,High,0.21430059432632803,0.16108081612646283,0.3089639115250291,0.0
EMP05893,Anjali Arora,55,33,Sales,85000,3500,5100,1900,2269,72231,0,12227,19457,11682,6846,50212,5481,3302,Low,0.6951585884177154,0.07588154670432364,0.045714443936813835,0.26937187634118315
EMP05894,Vikram Pillai,60,36,Data Science,170000,17500,10200,3796,1293,137211,30226,20515,0,10133,6257,67131,33175,6200,Medium,0.48925377702953843,0.24178090677861105,0.04518588159841412,0.0
EMP05895,Muskan Saini,25,1,IT,84221,3422,5053,1556,1007,73183,15157,7297,0,6936,4106,33496,9852,15892,High,0.45770192531052295,0.13462142847382588,0.21715425713622016,0.0
EMP05896,Nisha Rathore,27,3,Finance,75563,2556,4534,1619,1589,65265,0,6786,6421,4908,3147,21262,19445,3873,Medium,0.32577951428790314,0.29793917107178425,0.05934267984371409,0.09838351336857427
EMP05897,Tanvi Jain,27,3,Finance,82343,3234,4941,1358,1843,70967,24171,11060,0,7876,6436,49543,4521,2042,Low,0.6981132075471698,0.06370566601378105,0.02877393718207054,0.0
EMP05898,Prachi Khanna,57,31,IT,150000,13333,9000,2782,1921,122964,6339,21765,0,7973,7047,43124,29276,8135,Medium,0.3507042711687974,0.23808594385348558,0.06615757457467226,0.0
EMP05899,Nisha Gupta,22,1,IT,85957,3596,5157,1845,1537,73822,21394,8319,0,5174,4539,39426,1172,991,Medium,0.53406843488391,0.01587602611687573,0.01342418249302376,0.0
EMP05900,Riya Nair,36,11,Marketing,69515,1952,4171,1678,1266,60448,0,7465,14192,10320,4453,36430,4839,3796,Low,0.6026667548967708,0.08005227633668607,0.06279777660137639,0.2347803070407623
EMP05901,Abhishek Gupta,54,34,Cyber Security,180000,20000,10800,2736,1154,145310,30761,21489,0,8807,7603,68660,26658,25151,High,0.472507053884798,0.18345605945908747,0.17308512834629414,0.0
EMP05902,Kavya Yadav,47,15,IT,122292,8344,7338,2711,1054,102845,0,15239,0,6650,4455,26344,23844,24294,High,0.2561524624434829,0.23184403714327387,0.23621955369731149,0.0
EMP05903,Vivek Dubey,40,17,Operations,76755,2676,4605,2104,1210,66160,16504,11161,0,4661,4172,36498,12734,3186,Medium,0.5516626360338573,0.1924727932285369,0.048155985489721886,0.0
EMP05904,Swati Kumawat,52,27,Finance,129548,9432,7773,3679,1304,107360,22455,12609,15322,10751,5820,66957,16811,4737,Medium,0.6236680327868852,0.15658532041728762,0.0441225782414307,0.1427160953800298
EMP05905,Ritika Rahul Tiwari,33,5,Data Science,107424,6114,6445,2699,1478,90688,22343,14064,10644,6086,6085,59222,12965,2786,Low,0.6530301693719125,0.1429626852505293,0.030720712773465067,0.11736944248412139
EMP05906,Sneha Rathore,51,38,Customer Support,60000,1333,3600,1280,1036,52751,0,6095,10654,2709,1033,20491,19728,1913,Medium,0.38844761236753805,0.3739834315937139,0.03626471536084624,0.2019677352088112
EMP05907,Jyoti Saini,50,17,HR,59160,1291,3550,825,1773,51721,5343,5862,6478,3752,2270,23705,18065,1903,Medium,0.45832447168461554,0.34927785618994217,0.036793565476305565,0.12524893176852728
EMP05908,Tarun Mayank Srivastava,33,6,Operations,59387,1303,3563,1016,1865,51640,5755,6533,0,2873,3247,18408,2223,1512,Medium,0.35646785437645234,0.043048024786986834,0.02927962819519752,0.0
EMP05909,Priya Sakshi Fernandes,42,15,Marketing,72995,2300,4380,1780,1689,62846,16029,8686,0,4167,2514,31396,13631,3582,Medium,0.4995703783852592,0.2168952677974732,0.05699646755561213,0.0
EMP05910,Pooja Bansal,38,9,IT,103834,5575,6230,2868,1463,87698,24319,13665,0,6711,5732,50427,14616,3450,Medium,0.5750074117995849,0.1666628657438026,0.03933955164313895,0.0
EMP05911,Shreya Narang,57,31,IT,150000,13333,9000,2759,1073,123835,27198,13940,7295,13284,4837,66554,17489,18227,Medium,0.537440949650745,0.1412282472645052,0.14718779020470787,0.058909032179916825
EMP05912,Charu Tomar,35,11,IT,105661,5849,6340,3753,1831,87888,0,12436,19329,10508,5596,47869,4460,4320,Low,0.5446591115965774,0.050746404514837064,0.049153468050245765,0.21992763517203714
EMP05913,Rakesh Bansal,35,10,Sales,64663,1566,3880,1736,1160,56321,11528,7783,8978,1392,1789,31470,14662,2272,Medium,0.5587613856288063,0.26032918449601394,0.040340192823280836,0.15940768097157365
EMP05914,Aisha Porwal,32,6,Finance,88735,3874,5324,1752,1489,76296,0,10236,21206,3042,3052,37536,21100,3991,Medium,0.4919786096256685,0.27655447205620215,0.05230942644437454,0.2779437978399916
EMP05915,Sneha Pawar,36,18,Data Science,145279,12389,8717,3706,2189,118278,26089,10363,20993,9441,4537,71423,10907,17739,Medium,0.6038570148294695,0.09221495121662523,0.14997717242428854,0.17748862848543262
EMP05916,Ananya Soni,58,29,Sales,85000,3500,5100,1493,1389,73518,0,10189,21112,3888,4329,39518,15375,3491,Medium,0.5375282243804238,0.20913245735738187,0.04748496966729236,0.2871677684376615
EMP05917,Vidhi Banerjee,37,8,Operations,63515,1509,3811,2024,953,55218,0,8604,14747,3496,1921,28768,7676,10458,Medium,0.5209895323988555,0.13901264080553444,0.1893947625774204,0.26706870947879313
EMP05918,Vikram Iyer,40,13,Finance,99157,4916,5949,2136,1630,84526,6820,11735,14146,3194,1902,37797,30380,3761,Medium,0.44716418616756975,0.35941603766888297,0.044495184913517734,0.16735678962686037
EMP05919,Nitin Pillai,39,11,HR,55768,1122,3346,944,2129,48227,0,8050,12697,2904,2036,25687,8003,2292,Medium,0.5326269517075497,0.16594438799842412,0.04752524519460054,0.26327575839260164
EMP05920,Ishaan Bhatia,51,28,Customer Support,60000,1333,3600,1517,1306,52244,0,9834,15938,2038,4258,32068,797,740,Low,0.6138121123956818,0.015255340326161855,0.014164305949008499,0.30506852461526685
EMP05921,Rakesh Kapoor,59,27,IT,150000,13333,9000,2613,1173,123881,0,21294,42753,8029,6237,78313,17669,6293,Low,0.6321631242886319,0.1426288131351862,0.05079875041370347,0.34511345565502377
EMP05922,Ishaan Tiwari,46,26,Operations,95000,4500,5700,1817,2224,80759,7136,11264,8741,4846,2686,34673,9436,20706,Medium,0.42933914486311126,0.11684146658576754,0.2563924763803415,0.10823561460642157
EMP05923,Muskan Sahu,24,1,Marketing,53222,994,3193,976,1479,46580,0,6108,13123,5303,2771,27305,6983,2406,Low,0.5861957921854873,0.14991412623443537,0.05165306998711894,0.2817303563761271
EMP05924,Tarun Ahuja,39,15,IT,122375,8356,7342,3004,1490,102183,0,8771,19611,6050,2754,37186,37722,6336,Medium,0.36391571983598053,0.3691612107689146,0.06200640028184727,0.19192037814509263
EMP05925,Kartik Patel,34,10,Cyber Security,130016,9502,7801,3917,1865,106931,0,17460,33601,5843,4250,61154,17539,5279,Medium,0.5719015065790088,0.16402165882672004,0.049368284220665665,0.31423067211566336
EMP05926,Monika Das,53,32,HR,70000,2000,4200,1462,964,61374,0,8630,19481,7381,3613,39105,2610,2669,Low,0.6371590575813862,0.042526151138918764,0.04348747026428129,0.3174145403591097
EMP05927,Tanvi Daga,45,22,Operations,92442,4244,5547,1232,1440,79979,0,10641,19776,4993,5886,41296,2270,1216,Low,0.5163355380787457,0.02838245039322822,0.015203991047650009,0.2472649070380975
EMP05928,Siddharth Amit Chaudhary,53,37,Sales,85000,3500,5100,1703,1063,73634,0,11413,22355,3517,1602,38887,23644,2407,Medium,0.5281120134720374,0.3211016649917158,0.032688703588016406,0.3035961648151669
EMP05929,Aisha Saxena,51,36,HR,70000,2000,4200,1947,1530,60323,0,9116,15189,2604,2647,29556,16555,2674,Medium,0.4899623692455614,0.2744392686040151,0.044328034083185516,0.2517945062414005
EMP05930,Garima Shubham Bhardwaj,48,21,IT,134645,10262,8079,3639,892,111773,0,17811,20346,16456,7294,61907,9978,5914,Low,0.5538636343302944,0.08927021731545186,0.05291081030302488,0.18202964937865138
EMP05931,Tarun Sandhu,26,7,Marketing,60816,1374,3649,2150,1962,51681,0,9411,10575,4090,2927,27003,10463,2375,Medium,0.5224937597956696,0.20245351289642227,0.04595499313093787,0.20462065362512336
EMP05932,Shivam Ghosh,49,17,Sales,69312,1931,4159,1991,2315,58916,17329,9397,0,7747,3709,38182,3326,2825,Low,0.6480752257451287,0.0564532554823817,0.04794962319234164,0.0
EMP05933,Pallavi Fernandes,59,26,Data Science,170000,17500,10200,3816,2254,136230,0,20946,27536,9176,6233,63891,31833,7600,Medium,0.46899361374146664,0.23367099757762608,0.05578800557880056,0.20212875284445422
EMP05934,Harsh Karan Khurana,53,36,IT,150000,13333,9000,2611,1182,123874,0,22143,0,6211,7848,36202,685,1524,Medium,0.2922485751650871,0.005529812551463584,0.01230282383712482,0.0
EMP05935,Manish Banerjee,48,28,Product Management,212857,28857,12771,3646,1853,165730,0,26797,20639,16127,12523,76086,18883,13704,Medium,0.4590961201954987,0.1139383334338985,0.0826887105533096,0.12453388040789236
EMP05936,Ananya Wadhwa,26,7,Product Management,137840,10901,8270,3731,2033,112905,0,9274,25933,7592,4706,47505,22021,17540,Medium,0.42075195961206324,0.19504007794163233,0.15535184447101547,0.22968867632080067
EMP05937,Trisha Shruti Bagri,59,35,IT,150000,13333,9000,2853,1799,123015,26760,13034,0,7258,4085,51137,40897,5843,High,0.4156972726903223,0.33245539161890825,0.04749827256838597,0.0
EMP05938,Yash Pawar,50,15,HR,57448,1206,3447,1101,879,50815,12134,8797,2653,2908,2084,28576,7785,2820,Medium,0.5623536357374791,0.15320279445045754,0.05549542457935649,0.05220899340745843
EMP05939,Rishabh Ananya Bhatia,40,15,Data Science,128531,9280,7712,2493,1357,107689,25215,17059,0,6561,7033,55868,20085,6720,Medium,0.5187902199853281,0.1865092999284978,0.062401916630296504,0.0
EMP05940,Rajat Mukherjee,34,7,IT,91531,4153,5492,1347,2012,78527,17952,11450,0,4169,3396,36967,18025,4488,Medium,0.4707552816228813,0.22953888471481146,0.057152317037452084,0.0
EMP05941,Muskan Jadhav,58,30,Finance,130000,9500,7800,3482,1487,107731,0,16684,37539,3159,4660,62042,30478,3253,Medium,0.5758973740149075,0.28290835506957146,0.03019557973099665,0.34845123502056047
EMP05942,Komal Mehta,37,11,IT,108632,6295,6518,3842,2186,89791,19799,15198,9284,6046,4594,54921,16842,4396,Medium,0.611653729215623,0.18756891002438997,0.048958136116091816,0.10339566326246506
EMP05943,Yuvraj Diya Das,33,6,Marketing,61214,1394,3673,1315,2016,52816,4869,8330,2037,4014,3698,22948,13701,3703,High,0.4344895486216298,0.2594100272644653,0.0701113299000303,0.03856785822478037
EMP05944,Saloni Yuvraj Roy,46,19,Sales,75372,2537,4522,1464,1921,64928,0,10575,11362,1837,3510,27284,183,1051,Low,0.420219319862001,0.0028185066535239035,0.01618716116313455,0.17499383932971907
EMP05945,Harsh Fernandes,27,2,Sales,47596,713,2856,1197,1343,41487,0,6498,2800,1886,2679,13863,6436,11967,High,0.33415286716320775,0.15513293320799287,0.2884518041796225,0.06749102128377564
EMP05946,Gaurav Rajput,43,18,Finance,107106,6066,6426,2647,1806,90161,0,13014,17131,5834,4021,40000,21340,6083,Medium,0.44365080245338895,0.23668770310888299,0.06746819578309912,0.19000454742072515
EMP05947,Sanya Roy,58,24,Product Management,198474,24618,11908,2225,1516,158207,0,23955,0,10057,7031,41043,43340,18397,High,0.25942594196211294,0.2739448949793625,0.11628436162748804,0.0
EMP05948,Namrata Bhatia,26,2,Sales,48114,739,2887,1024,1320,42144,9617,6869,1516,3213,2809,24024,8281,1990,Medium,0.5700455580865603,0.19649297646165528,0.047219058466211085,0.03597190584662111
EMP05949,Mansi Gupta,33,5,IT,87377,3738,5243,1687,1758,74951,15849,10482,0,1604,3379,31314,26998,2837,Medium,0.4177929580659364,0.3602086696641806,0.03785139624554709,0.0
EMP05950,Sakshi Rawat,51,33,Data Science,170000,17500,10200,3291,1979,137030,0,17538,40302,3256,3569,64665,46622,6081,Medium,0.47190396263591916,0.3402320659709553,0.04437714369116252,0.29411077866160695
EMP05951,Trisha Mishra,40,9,Customer Support,47036,685,2822,1036,1750,40743,0,6176,7960,3700,2630,20466,8299,2324,Medium,0.5023194168323393,0.20369143165697176,0.057040473210121984,0.19537098397270697
EMP05952,Vaishnavi Mansi Bajaj,34,5,Operations,54356,1051,3261,1042,1804,47198,11478,5053,0,3603,2561,22695,10778,3127,Medium,0.4808466460443239,0.22835713377685496,0.06625280732234416,0.0
EMP05953,Yuvraj Suri,46,26,Customer Support,59956,1331,3597,1143,1373,52512,13002,7347,0,2002,2810,25161,16169,1962,Medium,0.47914762340036565,0.30791057282145035,0.03736288848263254,0.0
EMP05954,Rohit Iyer,33,11,Marketing,70811,2081,4249,2178,2020,60283,0,9944,2465,10104,4932,27445,4086,3232,Medium,0.4552693130733374,0.06778030290463315,0.05361378829852529,0.04089046663238392
EMP05955,Rakesh Nikhil Mukherjee,23,2,HR,41913,429,2515,981,2027,35961,7664,5859,0,2044,1932,17499,9055,2147,Medium,0.4866104947025945,0.2518005617196407,0.059703567753955675,0.0
EMP05956,Vihaan Sabharwal,51,30,Marketing,90000,4000,5400,1993,801,77806,23287,11318,0,11356,7045,53006,4012,2719,Low,0.6812585147674987,0.05156414672390304,0.034945891062385936,0.0
EMP05957,Vihaan Sabharwal,34,6,IT,97118,4712,5827,1515,2146,82918,20867,14395,5546,5994,4707,51509,11662,4275,Medium,0.6212040811404038,0.140644974553173,0.051556959888082204,0.06688535661738103
EMP05958,Aman Sandhu,51,38,IT,150000,13333,9000,2966,1456,123245,29586,20132,0,9131,5241,64090,25196,6813,Medium,0.5200210961905148,0.2044383139275427,0.055280133068278635,0.0
EMP05959,Karan Rathore,35,9,Data Science,122134,8320,7328,3950,1621,100915,0,15694,5460,4660,2192,28006,37904,5500,Medium,0.27752068572561067,0.37560323044146066,0.054501312986176484,0.054104939800822476
EMP05960,Tanvi Saini,29,6,Marketing,64931,1580,3896,2026,1122,56307,0,7575,0,2580,3547,13702,3424,1713,Medium,0.243344521995489,0.06080949082707301,0.030422505194736,0.0
EMP05961,Vivek Chopra,57,24,Operations,95000,4500,5700,1451,1893,81456,19348,10635,0,6855,2826,39664,24600,3631,High,0.4869377332547633,0.30200353565114907,0.0445762129247692,0.0
EMP05962,Ankit D'Souza,33,9,Data Science,119170,7876,7150,3782,1940,98422,0,9620,0,13724,6990,30334,12884,8593,Medium,0.30820345044807057,0.1309056918168702,0.0873077157546077,0.0
EMP05963,Mohit Abhishek Gill,55,28,Operations,95000,4500,5700,1440,1386,81974,0,11962,15154,2791,1693,31600,31308,4317,Medium,0.3854880815868446,0.3819259765291434,0.05266303950032937,0.18486349330275453
EMP05964,Garima Thomas,33,8,Sales,62331,1450,3740,1340,1381,54420,13724,7663,20973,1092,2299,45751,700,213,Low,0.840701947813304,0.012862918044836457,0.003914002205071665,0.38539140022050716
EMP05965,Ashish Reddy,22,1,Finance,73176,2318,4391,1646,1300,63521,0,7486,10236,5038,1789,24549,20052,4082,Medium,0.38647061601675037,0.31567513105901984,0.06426221249665465,0.16114355882306639
EMP05966,Ananya Jyoti Naidu,54,27,Marketing,90000,4000,5400,2173,1469,76958,0,11555,20423,2843,4447,39268,3412,962,Low,0.5102523454351724,0.04433587151433249,0.012500324852516956,0.26537851815275865
EMP05967,Saloni Mishra,48,22,Sales,82003,3200,4920,1875,1273,70735,0,9875,23803,1403,3812,38893,2832,230,Low,0.5498409556796494,0.04003675690959214,0.003251572771612356,0.33650950731603874
EMP05968,Parth Solanki,28,4,IT,90906,4091,5454,1856,2182,77323,19292,8652,12981,8465,5556,54946,9340,2228,Low,0.7106035720290211,0.12079200237962831,0.02881419500019399,0.1678801908875755
EMP05969,Karan Verma,55,30,IT,150000,13333,9000,3839,1530,122298,12404,18955,9217,15819,11716,68111,7506,6467,Low,0.5569265237371012,0.06137467497424324,0.05287903318124581,0.07536509182488675
EMP05970,Arjun Bagri,39,13,HR,57531,1210,3452,1125,1118,50626,14014,8145,0,2026,3282,27467,1027,187,Medium,0.542547307707502,0.020286019041599178,0.0036937541974479517,0.0
EMP05971,Aditya Mittal,58,30,IT,150000,13333,9000,2372,1427,123868,0,17271,26326,4319,3528,51444,47779,3933,Medium,0.41531307520909355,0.38572512674782833,0.03175154196402622,0.21253269609584396
EMP05972,Atharv Harsh Das,38,12,IT,106412,5962,6385,2334,2198,89533,0,14043,30327,5472,5729,55571,16466,2837,Low,0.6206761752649861,0.18390984329800186,0.03168664067997275,0.33872426926384686
EMP05973,Swati Das,54,22,Data Science,150678,13469,9041,3768,1300,123100,0,19382,30041,3873,2609,55905,36894,6341,Medium,0.4541429731925264,0.2997075548334687,0.05151096669374492,0.24403736799350123
EMP05974,Ayush Goel,35,7,Data Science,110119,6518,6607,3390,1367,92237,26303,13441,14546,14086,6411,74787,2384,1852,Low,0.810813447965567,0.025846460747856067,0.0200787102789553,0.15770244045231308
EMP05975,Ritika Agarwal,49,19,Sales,79745,2974,4785,1790,1164,69032,7963,10748,0,4626,3273,26610,17393,6110,High,0.3854734036388921,0.251955614787345,0.08850967667168849,0.0
EMP05976,Mayank Sahu,42,23,HR,69014,1901,4141,1649,1934,59389,0,7794,16573,3495,1839,29701,9137,11514,Medium,0.5001094478775531,0.15385003956961726,0.19387428648402902,0.2790584114903433
EMP05977,Ishita Arora,33,7,Customer Support,42293,448,2538,1196,1204,36907,2186,6290,2545,2252,1974,15247,7914,2618,Medium,0.41311946243260084,0.21443086677324086,0.07093505297098111,0.06895710840761915
EMP05978,Mohit Kapoor,49,22,Marketing,88946,3895,5337,1446,1380,76888,0,12979,14200,4273,3652,35104,20855,4117,Medium,0.4565601914473,0.2712386848402872,0.05354541671001977,0.18468421600249713
EMP05979,Sneha Naidu,47,22,Cyber Security,169610,17402,10177,2262,1771,137998,9382,20621,21723,6521,7702,65949,18439,27568,Medium,0.47789823040913637,0.13361787851997856,0.19977101117407497,0.15741532485978058
EMP05980,Mohit Khandelwal,53,29,Finance,130000,9500,7800,3969,2053,106678,0,12323,0,3113,4785,20221,49897,6418,Medium,0.18955173512814263,0.4677346781904423,0.060162357749489116,0.0
EMP05981,Nikhil Suri,59,29,Sales,85000,3500,5100,1707,1526,73167,0,10738,0,10856,4694,26288,7404,4453,Medium,0.3592876570038405,0.10119316085120342,0.06086077056596553,0.0
EMP05982,Saloni Verma,53,36,HR,70000,2000,4200,1640,2271,59889,12752,6290,0,5302,3814,28158,12030,3068,Medium,0.47016981415618897,0.20087161248309374,0.051228105328190485,0.0
EMP05983,Ayaan Mundra,51,27,Operations,95000,4500,5700,1715,2109,80976,21542,12807,0,3968,3494,41811,12716,14090,High,0.516338174273859,0.15703418296779292,0.17400217348350128,0.0
EMP05984,Ishita Saxena,35,9,Marketing,63904,1529,3834,1466,787,56288,14566,6572,4837,6579,3738,36292,7412,2298,Medium,0.6447555429221148,0.1316799317794201,0.04082575326890279,0.08593305855599773
EMP05985,Bhavna Trivedi,25,2,Cyber Security,105724,5859,6343,3641,1963,87918,19370,10828,0,8772,5317,44287,20389,3754,Medium,0.5037307491071226,0.23190927910098047,0.042698878500420846,0.0
EMP05986,Ishita Khanna,37,10,Operations,70117,2012,4207,1266,1442,61190,0,8378,11713,3785,2779,26655,16658,3648,Medium,0.4356103938552051,0.27223402516751105,0.05961758457264259,0.19142016669390424
EMP05987,Kartik Tiwari,27,7,Finance,82559,3256,4954,1631,1473,71245,0,10740,17133,1776,1543,31192,26223,3450,Medium,0.43781317987227175,0.3680679345919012,0.04842445083865535,0.2404800336865745
EMP05988,Akash Swain,29,6,IT,92893,4289,5574,1663,1830,79537,21019,10917,5617,9668,6065,53286,3427,2559,Medium,0.6699523492211172,0.043086865232533286,0.03217370531953682,0.07062122031255894
EMP05989,Ayaan Verma,49,23,Finance,123216,8482,7393,2964,1252,103125,0,14564,24947,4297,4039,47847,37863,2712,Medium,0.4639709090909091,0.3671563636363636,0.026298181818181818,0.24191030303030303
EMP05990,Tarun Reddy,44,17,Sales,70607,2061,4236,1518,1718,61074,0,10293,0,1507,3209,15009,2475,1897,Medium,0.24575105609588369,0.040524609490126734,0.031060680485967843,0.0
EMP05991,Manish Bansal,33,8,Customer Support,40404,354,2424,744,1782,35100,9465,4678,1170,3194,2147,20654,5518,1383,Medium,0.5884330484330484,0.15720797720797722,0.0394017094017094,0.03333333333333333
EMP05992,Abhishek Shetty,52,24,Sales,85000,3500,5100,2058,1827,72515,0,8153,19366,13483,5477,46479,4055,2305,Low,0.6409570433703372,0.05591946493828863,0.031786526925463694,0.26706198717506724
EMP05993,Ananya Bhatia,42,15,IT,123477,8522,7409,3481,1873,102192,27472,17367,0,6284,6306,57429,12403,13375,Medium,0.5619715829027713,0.1213695788320025,0.13088108658211994,0.0
EMP05994,Manish Patel,34,10,Sales,62262,1446,3736,1320,2072,53688,19686,8715,0,6597,3816,38814,2774,2111,Low,0.722954850245865,0.05166890180300998,0.039319773506183875,0.0
EMP05995,Lokesh Patel,58,27,Marketing,88808,3881,5328,1596,1745,76258,0,12017,16031,4186,4946,37180,17035,3649,Medium,0.4875554040231845,0.22338639880405992,0.04785071730179129,0.21022056702247632
EMP05996,Manish D'Souza,43,20,Marketing,82312,3231,4939,1674,1784,70684,13598,9378,0,3181,2082,28239,25707,3023,Medium,0.39951049742515987,0.3636890951276102,0.04276781166883595,0.0
EMP05997,Sonali Yash Arora,51,37,Finance,130000,9500,7800,3025,2097,107578,0,12301,4910,2088,2640,21939,47755,5707,High,0.20393574894495156,0.4439104649649557,0.05304988008700664,0.045641302124969786
EMP05998,Mansi Dubey,46,16,HR,60955,1381,3657,1233,1877,52807,0,7951,16215,6556,4863,35585,3107,2145,Low,0.673868994640862,0.058836896623553694,0.040619614823792304,0.3070615638078285
EMP05999,Rishabh Saxena,49,19,Finance,115744,7362,6945,2404,1027,98006,19914,14715,6031,2674,4471,47805,32474,2842,High,0.48777625859641244,0.33134706038405815,0.02899822459849397,0.06153704875211722
EMP06000,Ishaan Khandelwal,56,29,Operations,95000,4500,5700,1860,1764,81176,6295,12070,0,6289,4300,28954,21961,5582,Medium,0.3566817778653789,0.27053562629348576,0.06876416674879275,0.0
EMP06001,Diya Saxena,56,31,Sales,85000,3500,5100,1662,1094,73644,23713,13763,0,10208,7591,55275,2206,3180,Low,0.7505703112269839,0.0299549182553908,0.04318070718592146,0.0
EMP06002,Lakshay Bagri,57,37,Sales,85000,3500,5100,2112,1854,72434,0,10983,19249,4220,4058,38510,13543,4604,Medium,0.5316564044509484,0.18697020736118397,0.06356131098655328,0.2657453681972554
EMP06003,Simran Rohit Wadhwa,52,31,Finance,130000,9500,7800,3393,1166,108141,0,15177,23132,11441,10151,59901,9350,5816,Low,0.5539157211418426,0.08646119418167023,0.05378163693696193,0.2139059191241065
EMP06004,Ritika Mishra,55,33,Sales,85000,3500,5100,1293,1527,73580,0,10469,0,8321,5077,23867,8562,4462,Medium,0.32436803479206305,0.11636314215819517,0.060641478662680076,0.0
EMP06005,Mansi Maheshwari,48,16,Sales,70038,2004,4202,2132,1218,60482,0,8459,16403,3451,3028,31341,11197,3476,Medium,0.5181872292582917,0.1851294600046295,0.05747164445620184,0.2712046559306901
EMP06006,Pooja Seth,39,14,Finance,102191,5329,6131,2844,1650,86237,6119,14286,0,2901,3572,26878,4275,1125,Medium,0.3116759627538064,0.04957268921692545,0.013045444530769855,0.0
EMP06007,Lakshay Shinde,40,9,Marketing,63170,1492,3790,1631,2187,54070,0,8949,10173,6977,5561,31660,4916,3017,Low,0.5855372665063806,0.09091917884224154,0.055798039578324396,0.18814499722581837
EMP06008,Aditya Khurana,49,20,Marketing,83741,3374,5024,1539,2103,71701,0,11603,21264,3997,2943,39807,13568,3134,Low,0.555180541415043,0.18923027572837198,0.04370929275742319,0.2965649014658094
EMP06009,Muskan Bohra,52,30,Finance,130000,9500,7800,2830,1251,108619,0,17095,0,5092,2501,24688,52408,5255,Medium,0.22728988482677984,0.4824938546663107,0.048380117658973106,0.0
EMP06010,Lakshay Jain,47,16,Sales,69090,1909,4145,1837,937,60262,3663,8202,10441,3614,2349,28269,15665,2498,Medium,0.4691015897248681,0.25994822607945306,0.041452324848163025,0.17326009757392719
EMP06011,Aisha Tayal,30,3,HR,44970,582,2698,723,1208,39759,9534,6156,14845,1152,2643,34330,463,68,Low,0.8634523001081517,0.011645162101662518,0.0017103045851253804,0.37337458185568045
EMP06012,Aditya Sabharwal,55,27,Customer Support,60000,1333,3600,2032,1456,51579,15188,5771,0,6347,4522,31828,4734,2406,Medium,0.6170728397215921,0.0917815389984296,0.046646891176641656,0.0
EMP06013,Vivek Sandhu,25,1,IT,80000,3000,4800,1721,2341,68138,0,7404,0,4855,3273,15532,2830,2179,Medium,0.2279491619947753,0.041533358771904075,0.03197921864451554,0.0
EMP06014,Rajat Jadhav,42,26,Sales,81290,3129,4877,1457,1992,69835,0,11264,0,10582,6310,28156,5272,4951,Medium,0.40317892174411113,0.07549223168898117,0.07089568268060428,0.0
EMP06015,Nitin Somani,27,2,IT,83534,3353,5012,2082,1639,71448,16570,9211,0,3286,3942,33009,13365,14495,High,0.4620003359086329,0.18705911991938193,0.20287481804949054,0.0
EMP06016,Vikram Lodha,56,28,IT,150000,13333,9000,2547,1207,123913,24997,15994,0,4261,5043,50295,40967,5418,High,0.40588961610161967,0.33061099319683973,0.043724225868149426,0.0
EMP06017,Saurabh Suri,51,26,Operations,95000,4500,5700,1409,1619,81772,0,10555,16375,8457,5048,40435,17714,5699,Medium,0.4944846646773957,0.21662671819204618,0.06969378271290906,0.20025191997260677
EMP06018,Deepak Goel,36,12,IT,106650,5998,6399,3162,1854,89237,0,12167,18028,4620,5093,39908,12427,17509,Medium,0.4472135997400182,0.13925837937178526,0.19620785100350752,0.2020238241984827
EMP06019,Aarav Singh,41,28,Sales,85000,3500,5100,2080,1611,72709,21938,11581,7670,9231,6045,56465,3064,1944,Low,0.7765888679530732,0.04214058782269045,0.026736717600297076,0.10548900411228321
EMP06020,Amit Tarun Sahu,38,14,Sales,63175,1492,3790,1636,1826,54431,12173,6693,0,5091,2053,26010,12829,3640,Medium,0.4778526942367401,0.2356928955925851,0.06687365655600669,0.0
EMP06021,Divya Shetty,52,28,Marketing,90000,4000,5400,1900,1545,77155,0,8663,17360,9747,4736,40506,8677,5343,Low,0.5249951396539434,0.112461927289223,0.06925021061499578,0.2250016201153522
EMP06022,Kavya Preeti Mathew,35,9,Marketing,66318,1649,3979,1701,1549,57440,14156,9151,4062,1198,2169,30736,1121,1028,Medium,0.5350974930362117,0.019516016713091923,0.01789693593314763,0.07071727019498607
EMP06023,Riya Chopra,30,2,Marketing,50000,833,3000,1125,1441,43601,0,5708,12262,1836,1970,21776,1478,991,Low,0.4994380862824247,0.03389830508474576,0.022728836494575813,0.2812320818329855
EMP06024,Rashmi Tomar,44,20,Operations,83970,3397,5038,2003,2322,71210,19037,9375,0,5743,3499,37654,12725,4051,Medium,0.5287740485886814,0.17869681224547115,0.05688807751720264,0.0
EMP06025,Sakshi Simran Reddy,51,24,Customer Support,55051,1086,3303,1172,1517,47973,0,7697,16220,2882,2598,29397,6745,2669,Low,0.6127821899818648,0.14059992078877703,0.05563546161382444,0.33810685177078775
EMP06026,Lakshay Jadhav,43,28,Finance,130000,9500,7800,3321,955,108424,0,16907,0,8122,5671,30700,37361,8159,Medium,0.28314764258835684,0.3445823802848078,0.07525086696672323,0.0
EMP06027,Saloni Khanna,52,35,Sales,85000,3500,5100,1357,2028,73015,5297,11781,0,1838,3329,22245,4414,2140,Medium,0.30466342532356366,0.060453331507224546,0.029309046086420598,0.0
EMP06028,Pallavi Pawar,50,25,Customer Support,57475,1207,3448,874,1141,50805,11293,5874,3511,5057,3066,28801,9745,2780,Medium,0.5668930223403208,0.19181182954433618,0.05471902371813798,0.0691073713217203
EMP06029,Prateek Swati Malhotra,48,17,Customer Support,56272,1147,3376,1083,1226,49440,0,6207,8916,1648,961,17732,19768,2966,Medium,0.3586569579288026,0.39983818770226537,0.05999190938511327,0.18033980582524273
EMP06030,Jyoti Gupta,54,24,Sales,84357,3436,5061,2158,2142,71560,0,7476,0,6341,4485,18302,20114,5069,Medium,0.255757406372275,0.281078814980436,0.07083566238121856,0.0
EMP06031,Monika Chopra,45,27,Marketing,90000,4000,5400,1211,1678,77711,0,11323,20665,7816,6324,46128,6771,2543,Low,0.5935839199083784,0.08713052206251368,0.03272381001402633,0.26592116946120886
EMP06032,Mansi Somani,23,2,Sales,48405,754,2904,709,1666,42372,11712,4194,9654,7547,3607,36714,1140,738,Low,0.8664684225431889,0.02690455961483999,0.017417162276975363,0.22783913905409234
EMP06033,Monika Nagpal,30,5,Customer Support,37557,211,2253,722,1781,32590,6926,3721,5527,1246,1341,18761,9596,1014,Medium,0.5756673826327094,0.2944461491254986,0.03111383860079779,0.16959189935563057
EMP06034,Vihaan Dhruv Srivastava,55,34,Marketing,90000,4000,5400,1898,1798,76904,0,13181,0,5076,3890,22147,21325,6669,High,0.28798241964007076,0.27729376885467594,0.086718506189535,0.0
EMP06035,Nandini Singh,32,7,Finance,80339,3034,4820,1767,1356,69362,3895,9399,2506,2147,2161,20108,30621,3867,Medium,0.28989936853031917,0.4414665090395317,0.05575098757244601,0.036129292696289034
EMP06036,Kavya Jain,57,27,IT,146064,12546,8764,3371,1521,119862,0,17792,0,7744,6690,32226,31339,10037,High,0.26885918806627623,0.26145901119620896,0.08373796532679248,0.0
EMP06037,Rupal Chauhan,53,34,Sales,85000,3500,5100,1978,2074,72348,18096,12103,7777,1895,2089,41960,20839,1941,Medium,0.5799745673688285,0.2880383701000719,0.026828661469563773,0.10749433294631504
EMP06038,Rohan Ananya Wadhwa,42,18,Cyber Security,161955,15724,9717,3342,1338,131834,45325,21703,0,24228,13729,104985,2779,4681,Low,0.7963423699500888,0.021079539420786747,0.03550677366991823,0.0
EMP06039,Vidhi Mohit Tomar,55,22,IT,134761,10286,8086,2736,1340,112313,0,16818,24759,8516,5914,56007,20793,5649,Medium,0.4986688985246588,0.18513440118240987,0.05029693802142227,0.22044643095634522
EMP06040,Vihaan Saini,60,23,Data Science,155978,14529,9359,3733,1050,127307,0,19286,41980,18975,9529,89770,4168,4503,Low,0.7051458285875875,0.03273975508023911,0.0353711893297305,0.3297540590855177
EMP06041,Bhavna Kulkarni,60,38,Operations,95000,4500,5700,1998,1739,81063,0,11463,18665,2181,2897,35206,24434,4367,Medium,0.4343041831661794,0.30141988330064273,0.05387168005131811,0.23025301308858542
EMP06042,Gaurav Kartik Behera,25,1,Customer Support,38016,234,2281,880,2312,32309,0,4407,0,3615,2134,10156,9560,2941,High,0.31433965768052247,0.2958927852920239,0.09102726794391655,0.0
EMP06043,Deepak Pillai,36,13,Sales,63977,1532,3839,1622,2253,54731,0,7905,18019,9015,4627,39566,3338,1733,Low,0.7229175421607499,0.060989201732107944,0.03166395644150481,0.3292284080320111
EMP06044,Mayank Tiwari,27,5,Finance,78238,2824,4694,2156,2006,66558,15689,9965,0,5065,3669,34388,15330,4119,Medium,0.5166621593196911,0.23032543045163617,0.061885873974578565,0.0
EMP06045,Sanya Jain,40,15,Operations,81932,3193,4916,1883,1573,70367,19219,10598,0,1789,2757,34363,1097,570,Medium,0.4883397046911194,0.015589694032714199,0.008100387965949947,0.0
EMP06046,Prachi Patel,58,26,Sales,85000,3500,5100,1316,1265,73819,0,10616,19947,3143,3380,37086,2867,1021,Low,0.5023909833511697,0.038838239477641257,0.013831127487503217,0.27021498530188703
EMP06047,Sai Mittal,53,31,HR,70000,2000,4200,1855,1666,60279,0,9087,0,4215,4193,17495,18372,5754,High,0.29023374641251515,0.30478276016523165,0.09545612900014931,0.0
EMP06048,Riya Sanya Rathore,40,9,Product Management,151466,13627,9088,2551,1499,124701,41428,14686,0,18809,9217,84140,7980,5769,Medium,0.6747339636410293,0.06399307142685304,0.046262660283397886,0.0
EMP06049,Mohit Jyoti Khanna,58,33,Data Science,170000,17500,10200,3285,1209,137806,0,18014,0,3003,3902,24919,72969,6563,Medium,0.18082666937578915,0.5295052465059576,0.04762492199178555,0.0
EMP06050,Deepak Rathore,50,17,Operations,78080,2808,4685,1411,1800,67376,20863,10556,3239,10800,5227,50685,4121,1683,Low,0.7522708382806934,0.061164212776062696,0.02497922108762764,0.04807349798147709
EMP06051,Sonali George,52,38,IT,150000,13333,9000,3016,1851,122800,0,13595,26141,6032,6352,52120,15736,31695,Medium,0.4244299674267101,0.12814332247557003,0.25810260586319217,0.21287459283387622
EMP06052,Lokesh Siddharth Das,25,1,Sales,45000,583,2700,758,2025,38934,8422,3598,0,3699,1235,16954,5597,7677,High,0.4354548723480762,0.1437561000667797,0.19717984281091078,0.0
EMP06053,Ashish Somani,39,18,Marketing,78603,2860,4716,1638,1828,67561,20782,10423,0,11276,5290,47771,4075,2630,Low,0.7070795281301342,0.06031586270185462,0.03892778378058347,0.0
EMP06054,Rakesh Mohanty,32,5,IT,97339,4734,5840,1718,1711,83336,0,10307,0,7859,5740,23906,25508,7894,High,0.28686282038974753,0.30608620524143226,0.09472496880099837,0.0
EMP06055,Kunal Somani,24,1,Finance,70733,2073,4244,1948,1646,60822,5492,6018,0,4593,1980,18083,9243,19956,High,0.2973101838150669,0.1519680378810299,0.3281049620203216,0.0
EMP06056,Payal D'Souza,51,23,Marketing,90000,4000,5400,1995,2225,76380,0,11072,20037,10972,7512,49593,3852,4100,Low,0.6492930086410055,0.05043205027494108,0.0536789735532862,0.2623330714846819
EMP06057,Akash More,49,21,Product Management,197638,24410,11858,3308,1639,156423,0,29890,48836,25259,10403,114388,5424,6372,Low,0.731273533943218,0.03467520761013406,0.040735697435799086,0.31220472692634715
EMP06058,Lokesh Jindal,23,3,Customer Support,39260,296,2356,1027,1859,33722,0,3737,10583,2335,1962,18617,1423,276,Low,0.5520728307929541,0.042197971650554535,0.008184567937844731,0.31383073364569125
EMP06059,Vihaan Arora,57,29,IT,148557,13045,8913,2698,2051,121850,0,16031,39405,21145,9089,85670,8272,5017,Low,0.7030775543701272,0.06788674599917932,0.04117357406647518,0.32338941321296677
EMP06060,Harsh Gill,36,9,IT,107916,6187,6475,2724,1898,90632,0,13003,30737,13236,7212,64188,4711,2387,Low,0.7082266749051108,0.051979433312737224,0.026337276017300734,0.33914070085620973
EMP06061,Komal Trisha Solanki,26,4,Sales,55047,1086,3303,985,2005,47668,13184,5428,0,6266,3498,28376,2086,2590,Low,0.5952840479986574,0.04376101367793908,0.05433414449945456,0.0
EMP06062,Sanya Vikram Bedi,49,18,Data Science,144684,12270,8681,2718,1797,119218,29512,16326,0,7892,4681,58411,28793,6561,Medium,0.4899511818685098,0.24151554295492292,0.05503363586035666,0.0
EMP06063,Jyoti Mohanty,35,7,Marketing,61488,1408,3689,1767,1577,53047,0,9312,0,8067,4102,21481,7716,4459,Medium,0.4049427865854808,0.1454559164514487,0.08405753388504533,0.0
EMP06064,Prachi More,49,26,Customer Support,57022,1184,3421,1148,1232,50037,0,8868,0,1044,3825,13737,503,399,Medium,0.2745368427363751,0.01005256110478246,0.007974099166616703,0.0
EMP06065,Megha More,34,8,Operations,67447,1745,4047,1904,2036,57715,0,7072,12373,5428,3111,27984,13546,3846,Medium,0.48486528632071385,0.23470501602702937,0.06663778913627307,0.21438101013601316
EMP06066,Jyoti Atharv Mishra,56,36,Operations,95000,4500,5700,1980,1000,81820,0,13456,20683,2273,6067,42479,1481,341,Low,0.5191762405279883,0.018100708873136154,0.004167685162551943,0.25278660474211684
EMP06067,Lakshay Chatterjee,38,16,Sales,71654,2165,4299,1790,1774,61626,4112,9009,0,8640,5747,27508,7911,3783,Medium,0.44637003862006297,0.12837114205043326,0.061386427806445334,0.0
EMP06068,Shivam Khurana,47,21,Cyber Security,167547,16887,10053,2269,1152,137186,0,25789,0,11163,7265,44217,43853,9130,Medium,0.32231423031504675,0.31966089834239647,0.06655198052279387,0.0
EMP06069,Rajat Rathore,34,11,IT,101877,5282,6113,2788,1624,86070,21237,12646,0,7632,4489,46004,14864,5910,Medium,0.534495178343209,0.17269664226792145,0.06866504008365285,0.0
EMP06070,Muskan Shetty,44,24,IT,142494,11832,8550,2790,1949,117373,0,17739,31782,8095,7834,65450,24203,5658,Low,0.5576239850732281,0.20620585654281648,0.04820529423291558,0.27077777683112814
EMP06071,Mayank Behera,28,7,Finance,88412,3841,5305,1937,1289,76040,28514,11727,0,14043,6946,61230,3057,1782,Low,0.8052340873224618,0.04020252498684903,0.023435034192530246,0.0
EMP06072,Sanya D'Souza,30,3,Customer Support,39354,301,2361,869,2044,33779,1921,4803,0,1793,1650,10167,1249,980,Medium,0.3009858195920542,0.036975635750022204,0.029012108114509015,0.0
EMP06073,Varun Trisha Bansal,24,3,Marketing,53791,1023,3227,949,1240,47352,0,5145,0,4865,2610,12620,16818,3739,Medium,0.26651461395506,0.35516979219462746,0.07896181787464099,0.0
EMP06074,Pankaj Reddy,52,33,Marketing,90000,4000,5400,2108,1890,76602,0,11694,0,8234,6587,26515,8121,6178,Medium,0.3461397874729119,0.10601550873345343,0.08065063575363568,0.0
EMP06075,Shreya Naidu,49,19,Finance,113049,6957,6783,3500,1466,94343,27867,15912,11283,7079,6367,68508,9463,2838,Low,0.7261588035148342,0.10030420910931388,0.030081723074313938,0.1195955184804384
EMP06076,Ayaan Shreya Chaudhary,39,11,Data Science,124657,8699,7479,2277,1878,104324,26514,15372,0,7245,6695,55826,19671,6354,Medium,0.5351213527088685,0.18855680380353515,0.0609064069629232,0.0
EMP06077,Ritika Tomar,60,34,Sales,85000,3500,5100,1548,1004,73848,5068,11774,3171,13006,4513,37532,5814,4475,Medium,0.5082331275051457,0.0787292817679558,0.0605974433972484,0.04293955151121222
EMP06078,Deepak Iyer,28,3,Data Science,92924,4292,5575,2143,1786,79128,17276,7236,10488,7377,3745,46122,9412,12004,Medium,0.5828783742796482,0.11894651703568901,0.15170356890102113,0.13254473764027905
EMP06079,Prateek Tayal,22,3,Data Science,101084,5163,6065,3923,2238,83695,19257,8026,7235,6806,2699,44023,13872,14053,High,0.5259931895573212,0.16574466814027122,0.16790728239440827,0.08644482944022941
EMP06080,Manish Shukla,23,2,Data Science,94213,4421,5653,2122,1732,80285,22417,11467,8189,9362,3901,55336,8889,2924,Low,0.6892445662327956,0.11071806688671608,0.036420252849224635,0.10199912810612194
EMP06081,Kunal Goel,56,34,Operations,95000,4500,5700,1902,1848,81050,18621,11476,4525,2881,3338,40841,22393,4075,High,0.5038988278840222,0.2762862430598396,0.05027760641579272,0.05582973473164713
EMP06082,Arjun Menon,38,9,Sales,61943,1430,3717,1432,2112,53252,0,6305,15686,2224,1835,26050,8362,11293,Medium,0.48918350484488843,0.15702696612333808,0.21206715240742133,0.2945617066025689
EMP06083,Charu Joshi,36,13,IT,112184,6828,6731,2563,1310,94752,24383,16915,16870,7624,6443,72235,9031,3309,Low,0.7623585781830463,0.09531197230665316,0.03492274569402229,0.17804373522458627
EMP06084,Ishita Kumawat,52,26,IT,146960,12725,8818,2544,2037,120836,0,18320,36517,6982,5897,67716,19313,6838,Medium,0.5603959085040882,0.15982819689496508,0.05658909596477871,0.30220298586513955
EMP06085,Lakshay Solanki,45,16,Operations,75641,2564,4538,1758,1614,65167,0,11920,19752,4000,4622,40294,9015,3607,Low,0.6183190878819034,0.13833688830236163,0.05535010051099483,0.30309819387113107
EMP06086,Hemant Solanki,40,10,IT,100495,5074,6030,2873,1307,85211,19883,13178,0,4614,4292,41967,13156,17255,High,0.49250683597188155,0.15439321214397203,0.20249733015690463,0.0
EMP06087,Nandini Lakhotia,55,38,Finance,130000,9500,7800,2975,942,108783,27666,17460,15915,7648,5085,73774,12038,11625,Medium,0.6781758179127253,0.11066067308311041,0.10686412398996167,0.14630043297206366
EMP06088,Abhishek Bohra,45,15,Operations,76206,2621,4572,1666,2170,65177,0,9789,15975,3919,3720,33403,11261,3506,Medium,0.5124967396474216,0.17277567239977293,0.053791981834082576,0.24510179971462326
EMP06089,Rohit Khanna,51,38,Customer Support,60000,1333,3600,2176,1915,50976,0,6754,15185,2180,2246,26365,15187,2239,Medium,0.5172041745134965,0.2979245134965474,0.04392263025737602,0.29788527934714376
EMP06090,Vikram Jyoti Suri,37,13,Customer Support,46309,649,2779,874,1539,40468,0,7279,8892,2234,1816,20221,7413,2625,Medium,0.4996787585252545,0.1831817732529406,0.06486606701591381,0.2197291687259069
EMP06091,Aisha Verma,51,38,IT,150000,13333,9000,3665,2082,121920,0,16425,29517,7130,4944,58016,21752,17997,Medium,0.4758530183727034,0.17841207349081364,0.14761318897637796,0.2421013779527559
EMP06092,Sai Rashmi Purohit,39,11,IT,105908,5886,6354,2884,1877,88907,16588,10897,5253,3090,3130,38958,25792,4767,Medium,0.4381882191503481,0.29010089194326655,0.053617825368081254,0.059084211591888154
EMP06093,Rohit Sabharwal,54,23,Sales,82631,3263,4958,1630,1811,70969,6548,11115,4065,7072,5230,34030,6425,3819,Medium,0.4795051360453156,0.09053248601502065,0.05381222787414223,0.05727853006242162
EMP06094,Amit Somani,42,27,HR,69238,1924,4154,2072,1825,59263,11564,8703,7883,2094,2351,32595,17446,1650,Medium,0.5500059058771914,0.2943826670941397,0.027841992474225065,0.13301722828746435
EMP06095,Shruti Priya Yadav,24,0,Finance,72320,2232,4339,2146,1396,62207,0,6821,21630,5019,3608,37078,9211,2947,Low,0.59604224604948,0.1480701528766859,0.04737408973266674,0.34771006478370603
EMP06096,Garima Ghosh,52,27,Cyber Security,180000,20000,10800,2783,1675,144742,0,20788,43359,4406,6399,74952,46055,4766,Medium,0.517831728178414,0.3181868427961476,0.03292755385444446,0.2995605974768899
EMP06097,Lakshay Trivedi,32,6,Operations,59938,1330,3596,940,1109,52963,0,7348,13857,2720,3422,27347,11730,2456,Medium,0.5163415969639182,0.22147536959764363,0.04637199554405906,0.2616354813737892
EMP06098,Lokesh Wadhwa,26,4,IT,90202,4020,5412,1866,1943,76961,0,10437,13487,14829,7697,46450,7292,2503,Medium,0.6035524486428191,0.09474928860071985,0.0325229661776744,0.17524460441002584
EMP06099,Vidhi Bhatia,57,32,IT,150000,13333,9000,3692,1088,122887,0,20353,0,6584,7479,34416,31000,11112,High,0.280062170937528,0.25226427530983747,0.09042453636267465,0.0
EMP06100,Vidhi Nagpal,36,14,Marketing,79082,2908,4745,2175,1575,67679,6133,10360,0,2737,3692,22922,3283,260,Medium,0.33868703733802213,0.04850839994680772,0.0038416643271915957,0.0
EMP06101,Aisha Naidu,52,34,Data Science,170000,17500,10200,2503,2358,137439,0,20262,30167,9071,6959,66459,27912,7012,Medium,0.4835527033811364,0.2030864601750595,0.051018997518899295,0.21949373904059255
EMP06102,Kunal Yash Nagpal,25,0,Sales,45000,583,2700,944,1956,38817,0,4692,782,2175,939,8588,17609,2349,Medium,0.22124326970141947,0.4536414457583018,0.060514722930674704,0.020145812401782724
EMP06103,Diya Arjun George,32,7,Finance,86922,3692,5215,1530,1566,74919,19752,9411,6912,6856,4296,47227,10896,2965,Medium,0.6303741374017272,0.14543707203780082,0.03957607549486779,0.09225964041164457
EMP06104,Shivam Mishra,22,0,Finance,71565,2156,4294,1470,2003,61642,19570,6739,0,12240,3935,42484,2393,2401,Medium,0.6892054118944875,0.038820933778916974,0.038950715421303655,0.0
EMP06105,Abhishek Fernandes,39,12,HR,51868,927,3112,939,1255,45635,10033,6939,0,3512,2974,23458,10297,2199,Medium,0.5140352799386436,0.225638216281363,0.04818669880574121,0.0
EMP06106,Avantika Khurana,36,14,Sales,66448,1656,3987,1934,1851,57020,0,9602,15857,3465,3265,32189,8781,3516,Medium,0.5645212206243423,0.15399859698351456,0.061662574535250786,0.27809540512101016
EMP06107,Khushi Tayal,23,1,Finance,74117,2412,4447,1367,1279,64612,11677,7537,0,4508,1769,25491,21927,3037,High,0.39452423698384204,0.33936420479167956,0.04700365257227759,0.0
EMP06108,Charu Namrata Das,60,28,Marketing,90000,4000,5400,1700,1266,77634,22252,11601,0,4246,3543,41642,16255,4678,Medium,0.5363886956745756,0.2093799108637968,0.06025710384625293,0.0
EMP06109,Rashmi Shubham Shetty,41,26,Marketing,90000,4000,5400,2174,1473,76953,17788,10958,0,5333,3297,37376,18334,3349,Medium,0.4856990630644679,0.2382493210141255,0.04352007069250062,0.0
EMP06110,Shubham Narang,58,33,Customer Support,60000,1333,3600,1397,1828,51842,0,5168,16876,7965,3026,33035,2794,2526,Low,0.6372246441109525,0.05389452567416381,0.04872497203040006,0.32552756452297366
EMP06111,Ankit Ahuja,39,17,Operations,77102,2710,4626,1725,1192,66849,0,9149,14987,2863,2964,29963,8731,12521,Medium,0.4482191207048722,0.13060778770063874,0.18730272704154138,0.22419183533037143
EMP06112,Jyoti Naidu,35,6,Sales,51555,911,3093,1087,1788,44676,15232,6149,0,8517,2969,32867,1426,1331,Low,0.735674635150864,0.031918703554481155,0.029792282209687528,0.0
EMP06113,Ayaan Patel,42,25,Finance,121728,8259,7304,3634,1477,101054,31119,18402,0,17272,10175,76968,4015,2646,Low,0.7616521859599817,0.039731232806222413,0.026184020424723415,0.0
EMP06114,Ananya Avantika Porwal,30,4,Operations,57659,1216,3460,920,1811,50252,9971,7877,0,1605,2151,21604,17082,2422,Medium,0.4299132372840882,0.3399267690838176,0.04819708668311709,0.0
EMP06115,Varun Rashmi Deshmukh,48,27,IT,139484,11230,8369,3909,1736,114240,0,19572,20791,7583,5814,53760,23693,7868,Medium,0.47058823529411764,0.2073967086834734,0.06887254901960785,0.1819940476190476
EMP06116,Priya Mohanty,28,3,HR,43948,531,2637,1021,1172,38587,0,4400,4916,4613,2800,16729,3440,2418,Medium,0.43353979319459923,0.08914919532485034,0.06266359136496748,0.12740041983051287
EMP06117,Lakshay Iyer,22,1,Operations,50320,849,3019,1027,2137,43288,0,7665,2538,2008,2716,14927,30,1028,Medium,0.34482997597486603,0.000693032711143966,0.02374792090186657,0.05863056736277952
EMP06118,Tushar Khandelwal,51,35,Finance,130000,9500,7800,2585,1333,108782,0,20073,0,3947,9163,33183,440,1135,Medium,0.3050412752109724,0.0040447868213491205,0.01043371145961648,0.0
EMP06119,Tanvi Mittal,30,5,Finance,78699,2870,4722,2096,2008,67003,18571,10529,9188,4382,3539,46209,9313,2161,Medium,0.6896556870587884,0.13899377639807173,0.0322522872110204,0.13712818829007656
EMP06120,Aisha Tomar,54,26,Sales,84339,3434,5060,2111,1541,72193,17489,9570,0,3504,2875,33438,19378,3116,High,0.463175100078955,0.26841937583976283,0.04316207942598313,0.0
EMP06121,Sumit Rathore,48,19,IT,124711,8707,7483,3169,1862,103490,0,15212,31354,5282,4834,56682,21410,4833,Medium,0.5477050922794473,0.2068798917769833,0.046700164267078945,0.30296647019035655
EMP06122,Khushi Ghosh,30,7,Cyber Security,109653,6448,6579,2686,1983,91957,21501,11190,10706,7851,5719,56967,14982,3272,Medium,0.6194960688147721,0.1629239753362985,0.03558184803766978,0.11642398077362245
EMP06123,Monika Tomar,48,15,HR,63180,1492,3791,1679,1165,55053,0,8557,17182,3065,2701,31505,10567,2890,Low,0.5722667247924728,0.19194231013750385,0.052494868581185405,0.31209924981381576
EMP06124,Siddharth Shukla,37,18,Sales,72303,2230,4338,1604,2010,62121,0,7893,16389,2639,2649,29570,10746,11389,Medium,0.476006503436841,0.1729849809243251,0.1833357479757248,0.26382382769111895
EMP06125,Charu Jindal,38,11,HR,50067,837,3004,819,1342,44065,0,7986,0,1562,2882,12430,1655,863,Medium,0.2820832860546919,0.03755815272892318,0.01958470441393396,0.0
EMP06126,Aarav Nair,22,0,IT,80000,3000,4800,2010,2046,68144,0,5888,0,5399,1403,12690,37375,3867,High,0.18622329185254755,0.5484708851843155,0.05674747593331768,0.0
EMP06127,Abhishek Trivedi,45,15,HR,59965,1332,3598,830,968,53237,0,7376,0,2012,1955,11343,24397,3655,High,0.21306610064428874,0.45827150290211693,0.0686552585607754,0.0
EMP06128,Preeti Soni,30,7,Finance,86701,3670,5202,1623,1960,74246,18669,8082,0,7148,3320,37219,15097,3318,Medium,0.5012929989494384,0.20333755353823774,0.044689276189963094,0.0
EMP06129,Divya Shinde,36,8,IT,98030,4803,5882,2104,1641,83600,4462,16042,0,6742,5634,32880,25138,3916,Medium,0.39330143540669854,0.30069377990430624,0.04684210526315789,0.0
EMP06130,Vidhi Malhotra,29,7,Data Science,113410,7012,6805,3220,833,95540,20553,12966,11383,4830,4337,54069,20122,4753,Medium,0.5659305003140046,0.2106133556625497,0.0497487963156793,0.1191438141092736
EMP06131,Mayank Deshmukh,41,27,IT,141320,11597,8479,2866,1281,117097,27460,14880,0,13222,7000,62562,26569,4701,Medium,0.5342750027754768,0.22689735860013494,0.04014620357481404,0.0
EMP06132,Ritika Bohra,40,16,Customer Support,49985,833,2999,1063,2392,42698,4393,4920,0,2585,995,12893,20161,2225,High,0.30195793713991287,0.47217668274860647,0.052110169094571175,0.0
EMP06133,Garima Solanki,34,7,Cyber Security,114313,7147,6859,2795,1321,96191,0,8388,27796,8083,3327,47594,14657,15919,Medium,0.49478641452942584,0.15237392271626243,0.16549365325238327,0.28896674325040805
EMP06134,Nikhil George,37,9,IT,104641,5696,6278,2281,1106,89280,0,16256,28257,6652,5030,56195,15064,4495,Low,0.6294242831541219,0.16872759856630826,0.050347222222222224,0.3164986559139785
EMP06135,Avantika Ahuja,32,11,Operations,69559,1956,4174,1399,1534,60496,12904,7876,0,6142,3238,30160,10818,3421,Medium,0.4985453583708014,0.1788217402803491,0.05654919333509654,0.0
EMP06136,Tushar Bagri,53,27,Data Science,170000,17500,10200,2242,2272,137786,0,22035,0,8649,8385,39069,45354,8874,Medium,0.2835484011438027,0.3291626144891353,0.0644042210384219,0.0
EMP06137,Deepak Arora,44,21,Operations,82430,3243,4946,1386,1965,70890,0,12364,12791,2545,1576,29276,25062,3723,Medium,0.4129778530117083,0.35353364367329665,0.05251798561151079,0.18043447594865283
EMP06138,Hemant Chatterjee,56,25,Sales,85000,3500,5100,2044,1311,73045,4458,13157,5108,3831,4374,30928,835,1327,Medium,0.4234102265726607,0.011431309466767061,0.01816688342802382,0.06992949551646245
EMP06139,Karan More,43,18,Marketing,75625,2562,4538,1836,1398,65291,21556,10733,0,10716,6653,49658,3848,1550,Low,0.7605642431575562,0.058936147401632694,0.023739872264171173,0.0
EMP06140,Avantika Tayal,31,11,Marketing,73326,2333,4400,1776,1059,63758,17202,8000,0,3166,3836,32204,335,925,Medium,0.5050973995420183,0.005254242604849587,0.014507983311898115,0.0
EMP06141,Ananya Roy,23,0,Finance,71266,2127,4276,1433,2106,61324,11651,5478,3205,4915,1470,26719,22944,2687,Medium,0.4357021720696628,0.3741438914617442,0.04381645032939795,0.05226338790685539
EMP06142,Mayank Verma,24,0,IT,80506,3051,4830,2084,1415,69126,3471,8029,7024,6177,4420,29121,18270,4836,Medium,0.42127419494835516,0.2642999739605937,0.0699592049301276,0.10161154992332841
EMP06143,Payal Naidu,25,1,Customer Support,38353,251,2301,997,1749,33055,8210,5523,1578,2543,2126,19980,5562,1603,Medium,0.60444713356527,0.16826501285735895,0.04849493268794434,0.04773861745575556
EMP06144,Varun Kulkarni,54,35,Finance,130000,9500,7800,2401,2043,108256,0,15861,37317,16509,9049,78736,6627,3373,Low,0.7273130357670706,0.061216006503103756,0.031157626367129765,0.34471068578185043
EMP06145,Yuvraj Das,39,8,IT,97255,4726,5835,1956,1537,83201,0,12282,24901,2202,3425,42810,24001,2476,Medium,0.5145370848908066,0.2884700905037199,0.02975925770122955,0.2992872681818728
EMP06146,Parth Jadhav,25,2,Finance,74902,2490,4494,1912,1382,64624,18248,7470,0,6003,3301,35022,13049,4063,Medium,0.5419348848724932,0.20192188660559546,0.06287137905422134,0.0
EMP06147,Tarun Shetty,52,33,IT,150000,13333,9000,3234,1416,123017,28253,16397,8685,5240,6673,65248,13694,21313,High,0.5303982376419519,0.11131794792589642,0.17325247729988538,0.07059999837420844
EMP06148,Yuvraj Rathore,40,14,Data Science,131157,9674,7869,3381,1045,109188,12846,14771,0,6052,3356,37025,17077,26075,High,0.33909403963805546,0.1563999706927501,0.2388082939517163,0.0
EMP06149,Parth Mehta,58,31,IT,150000,13333,9000,3699,2127,121841,24795,13991,0,2346,3069,44201,54287,3987,Medium,0.36277607701840925,0.44555609359739334,0.03272297502482744,0.0
EMP06150,Ritika Iyer,41,28,IT,142893,11912,8574,2386,1914,118107,34001,17880,4013,15285,6783,77962,5514,6251,Medium,0.6600963533067473,0.04668647920953034,0.05292658352172183,0.03397766432133574
EMP06151,Sneha Seth,49,28,Sales,85000,3500,5100,1955,2003,72442,0,12254,21626,12055,5923,51858,2849,1804,Low,0.7158554429750698,0.03932801413544629,0.024902680765301898,0.2985284779547776
EMP06152,Ravi Bagri,22,2,Marketing,50000,833,3000,1101,1170,43896,13167,6557,0,7195,4317,31236,1406,2237,Low,0.7115910333515583,0.032030253326043374,0.05096136322216147,0.0
EMP06153,Deepak Shukla,56,22,HR,65414,1604,3925,1562,1918,56405,0,9154,4017,4614,2802,20587,16611,4249,High,0.3649853736370889,0.29449516886800814,0.07533020122329581,0.07121709068345004
EMP06154,Shruti Mohanty,24,2,Data Science,101256,5188,6075,3067,2017,84909,20449,10316,0,7984,5333,44082,15638,4465,Medium,0.5191675794085433,0.1841736447255297,0.05258570940654112,0.0
EMP06155,Karan Menon,40,11,Customer Support,47975,732,2878,734,2060,41571,8697,5685,2340,2535,2487,21744,9494,1608,Medium,0.5230569387313271,0.22838036130956677,0.03868081114238291,0.056289240095258715
EMP06156,Komal Das,56,23,Sales,82412,3241,4945,1726,1624,70876,0,11865,24309,5123,4566,45863,10132,3400,Low,0.6470878717760596,0.14295389130312094,0.047971104464134544,0.3429792877701902
EMP06157,Preeti Lodha,27,2,Operations,50000,833,3000,819,1875,43473,12201,5814,3192,3186,1989,26382,1617,18,Low,0.6068594299910289,0.037195500655579326,0.00041405010006210753,0.07342488441101373
EMP06158,Komal Sahu,40,14,IT,112238,6836,6734,3127,1445,94096,10437,13273,0,3389,4522,31621,33725,5192,Medium,0.336050416595817,0.3584105594286686,0.05517769086889985,0.0
EMP06159,Sakshi Fernandes,51,37,Customer Support,60000,1333,3600,1478,1255,52334,0,9337,17680,3372,2738,33127,8964,1623,Medium,0.6329919364084534,0.17128444223640463,0.03101234379179883,0.3378300913364161
EMP06160,Sneha Agarwal,38,17,Customer Support,52181,942,3131,884,2101,45123,0,7287,15616,5461,3606,31970,2652,1609,Low,0.7085078563038805,0.058772687986171135,0.03565809010925692,0.3460762803891585
EMP06161,Deepak Bansal,23,2,Cyber Security,104313,5647,6259,3884,1977,86546,23609,11424,15196,7719,5160,63108,8893,2981,Low,0.7291844799297483,0.10275460448778684,0.03444411064636147,0.17558292699835926
EMP06162,Reema Kumawat,50,28,IT,146028,12539,8762,3130,858,120739,24363,16948,12047,5866,5390,64614,26288,6146,Medium,0.5351543411822195,0.21772583837865148,0.05090318786804595,0.09977720537688733
EMP06163,Yuvraj Thomas,27,5,Product Management,141712,11676,8503,3830,1804,115899,32165,16348,0,10256,5189,63958,18427,6125,Medium,0.5518425525673215,0.15899188086178484,0.0528477381168086,0.0
EMP06164,Aman Prateek Somani,56,33,Marketing,90000,4000,5400,1570,1248,77782,0,11102,21372,4504,4930,41908,14757,4031,Medium,0.5387878943714484,0.18972255791828443,0.051824329536396596,0.27476794116890796
EMP06165,Dev Mishra,51,22,Customer Support,56665,1167,3400,774,1944,49380,0,6680,9696,2647,2597,21620,13754,2841,Medium,0.437829080599433,0.2785338193600648,0.05753341433778858,0.19635479951397328
EMP06166,Yash Bohra,28,6,HR,47889,728,2873,976,1840,41472,0,6474,8674,1542,1058,17748,12495,2783,Medium,0.4279513888888889,0.30128761574074076,0.06710551697530864,0.2091531635802469
EMP06167,Amit Shruti Naidu,60,35,Operations,95000,4500,5700,2113,2025,80662,0,11461,0,3973,3426,18860,33019,6044,High,0.23381517939054325,0.4093501276933376,0.07492995462547421,0.0
EMP06168,Aditi Somani,44,20,Sales,81786,3179,4907,1225,1258,71217,0,10339,16806,2896,2304,32345,12032,13831,Medium,0.45417526714127243,0.1689484252355477,0.19420924779195978,0.23598298159147393
EMP06169,Rohit Roy,26,7,IT,91570,4157,5494,1530,1886,78503,21101,11789,6245,5832,3186,48153,14500,3955,Medium,0.6133905710609786,0.1847063169560399,0.05038024024559571,0.07955109995796339
EMP06170,Monika Shinde,46,21,IT,130217,9533,7813,3816,1610,107445,0,17613,0,8844,6092,32549,30643,10700,High,0.3029363860579832,0.285197077574573,0.09958583461305784,0.0
EMP06171,Parth Reddy,37,9,IT,105651,5848,6339,3995,2120,87349,0,15032,28876,5625,5717,55250,11407,3411,Low,0.6325201204364103,0.13059107717317886,0.03905024671146779,0.3305819185108015
EMP06172,Sumit Deshmukh,24,1,IT,81396,3140,4884,1992,1428,69952,15269,7274,8119,5421,3092,39175,16228,3066,Medium,0.5600268755718206,0.23198764867337604,0.043830054894784996,0.11606530192131748
EMP06173,Ayush Mittal,38,12,Marketing,73545,2354,4413,2158,674,63946,0,11884,19929,4857,4198,40868,10653,2487,Medium,0.6391017420948926,0.16659368842460825,0.038892190285553435,0.31165358271041194
EMP06174,Vaishnavi Tayal,56,26,Sales,85000,3500,5100,1242,1932,73226,0,10773,0,2320,3226,16319,832,2305,Medium,0.22285800125638436,0.01136208450550351,0.031477890366809605,0.0
EMP06175,Varun Dubey,25,2,Finance,77815,2782,4669,2063,1578,66723,16377,7848,0,4806,1778,30809,22463,2498,High,0.46174482562234914,0.3366605218590291,0.03743836458192827,0.0
EMP06176,Trisha Mohanty,48,23,Finance,116386,7458,6983,3224,1834,96887,10327,14615,4543,3806,4268,37559,34820,5091,Medium,0.38765778690639613,0.35938774035732346,0.052545749171715506,0.04688967560147388
EMP06177,Gaurav Bajaj,24,1,Marketing,50000,833,3000,996,1413,43758,14360,4934,9876,7903,4012,41085,438,399,Low,0.9389140271493213,0.010009598244892363,0.009118332647744412,0.2256958727546963
EMP06178,Shreya Mittal,37,10,IT,104073,5611,6244,2658,2036,87524,0,11870,0,8865,6257,26992,28231,5766,High,0.30839541154426214,0.3225515287235501,0.06587907316850235,0.0
EMP06179,Ayaan Gill,28,5,Data Science,106176,5926,6371,3668,2165,88046,21254,12217,5614,5920,5158,50163,17094,4808,Medium,0.5697362742202939,0.19414851327715058,0.05460781864025623,0.06376212434409285
EMP06180,Dhruv Mittal,33,6,Operations,56852,1176,3411,920,1702,49643,0,5945,0,4075,2134,12154,13301,4253,High,0.24482807243720162,0.26793304191930384,0.08567169590878876,0.0
EMP06181,Vidhi Khanna,38,10,Cyber Security,127649,9147,7659,2942,1176,106725,24453,11347,3515,8158,3700,51173,14919,16624,High,0.47948465682829705,0.13978917779339423,0.15576481611618645,0.03293511360974467
EMP06182,Akash Kulkarni,32,8,Sales,62814,1474,3769,1512,1926,54133,13014,7167,4628,5202,2950,32961,10197,2253,Medium,0.608889217298136,0.18836938651100069,0.04161971440710842,0.08549313727301276
EMP06183,Tushar Nair,58,25,Sales,85000,3500,5100,1441,2250,72709,0,11146,22773,5340,4342,43601,10395,3261,Low,0.5996644156844407,0.14296717050158853,0.044850018567165,0.3132074433701468
EMP06184,Megha Thomas,57,37,Data Science,170000,17500,10200,2805,2033,137462,0,22443,0,4502,6306,33251,7391,880,Medium,0.24189230478241258,0.05376758667850024,0.0064017692162197555,0.0
EMP06185,Harsh Rupal Deshmukh,23,2,Operations,52928,980,3176,1053,1570,46149,0,4923,8768,3743,2260,19694,11883,2437,Medium,0.4267481418882316,0.2574920366638497,0.05280721142386617,0.18999328262800927
EMP06186,Kunal Sai Kohli,22,0,Cyber Security,95427,4543,5726,1506,1871,81781,0,8588,0,6076,2932,17596,37108,4719,Medium,0.21516000048911116,0.4537484256734449,0.05770288942419388,0.0
EMP06187,Nitin Reddy,35,11,Sales,61546,1411,3693,1468,982,53992,0,6441,0,3342,2274,12057,340,919,Medium,0.22331086086827678,0.006297229219143577,0.017021040154096903,0.0
EMP06188,Kartik Rajat Shinde,56,22,Customer Support,59566,1312,3574,1101,1420,52159,0,7968,12275,2940,3438,26621,11042,3492,Medium,0.5103817174409019,0.21169884391955368,0.06694913629479093,0.23533810080714737
EMP06189,Tarun Roy,29,4,HR,45244,596,2715,1035,1585,39313,9963,6389,6015,2611,2255,27233,5024,1730,Medium,0.692722509093684,0.12779487701269301,0.04400579960827207,0.1530028234935009
EMP06190,Sonali Reddy,54,34,HR,70000,2000,4200,1214,1604,60982,0,7979,21211,5344,3964,38498,8530,3355,Low,0.6313010396510446,0.13987734085467843,0.0550162342986455,0.34782394805024436
EMP06191,Lakshay Bose,47,17,Sales,70860,2086,4252,1250,1697,61575,13663,9590,0,2602,2493,28348,21384,2076,High,0.4603816483962647,0.34728380024360533,0.033714981729598054,0.0
EMP06192,Shubham Preeti Deshmukh,48,18,IT,130920,9638,7855,3796,1607,108024,0,11927,19967,6896,3186,41976,33731,7292,Medium,0.3885803154854477,0.3122546841442642,0.06750351773679923,0.18483855439531957
EMP06193,Monika Anjali Bansal,44,20,Sales,74956,2496,4497,1282,1409,65272,0,10260,0,1436,4202,15898,2040,1576,Medium,0.24356538791518567,0.03125383012624096,0.024145115823017527,0.0
EMP06194,Tushar Khandelwal,58,33,Data Science,170000,17500,10200,3149,1809,137342,0,24768,31798,22105,11263,89934,5116,6904,Low,0.6548178998412721,0.03725007645148607,0.05026867236533617,0.2315242241994437
EMP06195,Sonali Lakhotia,29,4,IT,85646,3565,5139,1891,1679,73372,5397,5962,0,4314,3048,18721,31992,5423,High,0.2551518290355994,0.43602464155263587,0.07391102873030583,0.0
EMP06196,Rajat Jindal,47,24,Operations,94832,4483,5690,1986,1848,80825,16903,13217,0,3847,4291,38258,16737,6289,Medium,0.47334364367460563,0.20707701824930405,0.07781008351376431,0.0
EMP06197,Megha Purohit,23,3,Marketing,50822,874,3049,932,1830,44137,10278,4435,5958,3559,2338,26568,7406,2161,Medium,0.6019439472551374,0.16779572694111516,0.048961189025080995,0.1349887849196819
EMP06198,Rashmi D'Souza,32,9,Data Science,121510,8226,7291,2298,1085,102610,0,11767,22818,6176,2651,43412,34198,4976,Medium,0.4230776727414482,0.3332813565929247,0.048494298801286424,0.2223759867459312
EMP06199,Payal D'Souza,56,29,IT,150000,13333,9000,3505,2086,122076,32221,16864,0,8492,5343,62920,23406,7486,Medium,0.5154166257085749,0.19173301877518922,0.06132245486418297,0.0
EMP06200,Ishita Kohli,55,34,Data Science,170000,17500,10200,2964,2054,137282,39897,26700,19253,9236,9372,104458,15215,3855,Low,0.7609009192756516,0.11083026179688524,0.02808088460249705,0.14024416893693273
EMP06201,Sneha Khandelwal,41,23,Finance,118777,7817,7127,3637,1046,99150,0,9323,27029,8426,4595,49373,14038,21184,Medium,0.4979626828038326,0.14158345940494202,0.21365607665153807,0.2726071608673727
EMP06202,Pallavi Parmar,47,18,Cyber Security,146693,12672,8802,2468,2279,120472,0,18761,24098,6676,4123,53658,13755,25560,Medium,0.4453981008035062,0.11417590809482701,0.2121654824357527,0.2000298824623149
EMP06203,Pooja Tiwari,32,10,Sales,58900,1278,3534,836,982,52270,13149,8268,0,2398,3460,27275,751,235,Medium,0.5218098335565334,0.014367706141189976,0.00449588674191697,0.0
EMP06204,Abhishek Jindal,59,32,Operations,95000,4500,5700,2075,1690,81035,0,10856,0,4614,4474,19944,5982,2220,Medium,0.24611587585611155,0.07381995434071698,0.027395569815511816,0.0
EMP06205,Sonia Kohli,41,16,Data Science,134523,10238,8071,2689,1497,112028,0,17675,21215,9090,5021,53001,28968,4817,Medium,0.47310493805120146,0.2585782125897097,0.042998179026671905,0.1893722997821973
EMP06206,Tarun Bose,58,33,Operations,95000,4500,5700,1960,1872,80968,0,14736,21423,9454,8263,53876,3576,4363,Low,0.6653986760201561,0.04416559628495208,0.0538854856239502,0.2645860092876198
EMP06207,Tushar Daga,57,38,Operations,95000,4500,5700,1390,1777,81633,0,10985,0,3774,3817,18576,28247,7164,High,0.2275550328911102,0.3460242793968126,0.08775862702583515,0.0
EMP06208,Amit Chopra,24,3,Finance,76612,2661,4597,1310,1310,66734,16071,9931,0,6871,3104,35977,14617,2885,Medium,0.5391104983966194,0.21903377588635478,0.04323133635028621,0.0
EMP06209,Rahul Sabharwal,58,26,Sales,85000,3500,5100,1522,1334,73544,0,10524,13329,10279,6525,40657,7136,3541,Medium,0.5528255194169477,0.09703034917872294,0.04814804742739041,0.18123844229304906
EMP06210,Rupal Sandhu,29,5,Customer Support,42044,436,2523,1092,1965,36028,10526,6524,0,2140,2260,21450,5977,1343,Medium,0.595370267569668,0.1658987454202287,0.037276562673476184,0.0
EMP06211,Nikhil Seth,37,9,Sales,60293,1348,3618,1311,1198,52818,4540,5982,0,10461,4906,25889,5829,4193,Medium,0.4901548714453406,0.1103601045098262,0.07938581544170548,0.0
EMP06212,Rajat Srivastava,26,3,Cyber Security,99809,4981,5989,1338,2046,85455,24073,13194,0,4726,4032,46025,19374,3390,Medium,0.5385875607044643,0.22671581534140775,0.03967000175530981,0.0
EMP06213,Mayank Gill,27,6,Data Science,102815,5422,6169,3826,1882,85516,0,12237,0,5872,5652,23761,26355,6724,High,0.27785443659666026,0.3081879414378596,0.07862856073717199,0.0
EMP06214,Charu Gill,33,9,Sales,61207,1394,3672,2129,1189,52823,15394,7568,15425,10847,4320,53554,0,0,Low,1.0138386687617136,0.0,0.0,0.29201294890483315
EMP06215,Tarun Arora,59,24,Operations,91733,4173,5504,1279,2121,78656,0,7881,17621,4483,3213,33198,2178,1500,Low,0.42206570382424735,0.027690195280716028,0.019070382424735556,0.22402613913751018
EMP06216,Yash Joshi,47,26,IT,146245,12582,8775,2923,1124,120841,0,15608,0,22383,12248,50239,14867,5853,Medium,0.4157446562011238,0.1230294353737556,0.04843554753767347,0.0
EMP06217,Payal Behera,24,3,Sales,50728,870,3044,965,2203,43646,0,4775,0,3843,2362,10980,14373,2807,High,0.251569445080878,0.3293085277001329,0.0643128809054667,0.0
EMP06218,Mohit Jadhav,32,5,Sales,53039,985,3182,1122,1105,46645,0,5500,0,7876,3709,17085,3168,5220,Medium,0.36627720012863113,0.06791724729338622,0.11190910065387501,0.0
EMP06219,Lakshay D'Souza,30,6,HR,44316,549,2659,945,1143,39020,10897,7559,4291,2693,2057,27497,4045,1417,Low,0.7046899026140441,0.10366478728856997,0.036314710404920555,0.10996924654023578
EMP06220,Muskan Roy,31,8,Sales,56499,1158,3390,951,2049,48951,0,6865,0,3065,3020,12950,17056,3518,High,0.26455026455026454,0.348430062715777,0.07186778615350044,0.0
EMP06221,Vaishnavi Khanna,42,22,Customer Support,55449,1106,3327,731,1579,48706,0,4225,14838,2915,1069,23047,16989,1517,Medium,0.4731860551061471,0.3488071284851969,0.031146060033671416,0.3046441916806964
EMP06222,Yash Malhotra,57,38,Data Science,170000,17500,10200,3699,2297,136304,0,19412,0,4342,3767,27521,72944,6568,Medium,0.20190896818875456,0.5351567085338654,0.0481864068552647,0.0
EMP06223,Jyoti Divya Sabharwal,38,8,Sales,52678,967,3161,804,1697,46049,0,7543,15678,2782,2717,28720,7373,1750,Medium,0.6236834676105887,0.1601120545505874,0.03800299680774827,0.3404634194010728
EMP06224,Dhruv George,46,27,Customer Support,56494,1158,3390,862,1107,49977,13583,8675,0,2414,1995,26667,430,71,Medium,0.5335854493066811,0.008603957820597474,0.0014206535006102807,0.0
EMP06225,Namrata Iyer,47,19,Finance,115124,7269,6907,2352,1898,96698,0,16320,0,7166,4309,27795,28365,6224,Medium,0.2874413121264142,0.29333595317379885,0.0643653436472316,0.0
EMP06226,Ishita Kumawat,45,15,HR,54204,1044,3252,767,1633,47508,11607,7684,6286,2026,1651,29254,9497,1447,Medium,0.6157699755830597,0.19990317420223963,0.030458028121579522,0.1323145575482024
EMP06227,Aditi Malhotra,40,16,Finance,108526,6279,6512,2274,1251,92210,23118,13950,7151,6374,4822,55415,15372,4093,Medium,0.6009651881574667,0.1667064309727795,0.04438781043270795,0.07755124173083179
EMP06228,Amit Daga,34,12,Sales,66346,1651,3981,1431,1634,57649,0,6275,12857,5149,3189,27470,10085,9505,Medium,0.4765043626081979,0.17493798678207775,0.16487710107720863,0.22302208190948672
EMP06229,Nitin Verma,51,37,Sales,85000,3500,5100,1517,1642,73241,19041,10417,6194,3401,4264,43317,423,1173,Low,0.5914310290684179,0.005775453639355006,0.016015619666580196,0.08457011783017708
EMP06230,Riya Shivam Kulkarni,36,9,Marketing,70941,2094,4256,1212,1134,62245,16019,7889,0,6345,4146,34399,12431,3366,Medium,0.5526387661659571,0.19971082014619648,0.05407663266125793,0.0
EMP06231,Mayank Lakhotia,43,19,Data Science,144149,12163,8649,2751,1264,119322,21856,15492,0,5120,4824,47292,18136,28451,High,0.39633931714185144,0.1519920886341161,0.23843884614739946,0.0
EMP06232,Palak Bhatia,57,24,Data Science,158995,15132,9540,3664,1826,128833,0,16251,0,21848,9357,47456,13976,11693,Medium,0.3683528288559608,0.10848152259126155,0.09076090753145545,0.0
EMP06233,Priya Mehta,60,34,Marketing,90000,4000,5400,1794,1384,77422,25104,14758,4497,13431,7427,65217,2682,1074,Low,0.8423574694531271,0.034641316421688925,0.01387202603911033,0.058084265454263644
EMP06234,Aisha Maheshwari,29,2,Operations,55860,1126,3352,954,1567,48861,11796,7744,0,3352,2840,25732,9355,2874,Medium,0.5266367859847322,0.19146149280612348,0.05881991772579358,0.0
EMP06235,Diya Somani,58,25,IT,135018,10337,8101,2358,2015,112207,0,12336,33053,9858,5530,60777,25678,6157,Medium,0.5416506991542417,0.22884490272442895,0.05487179944210254,0.2945716399155133
EMP06236,Varun Pradhan,23,2,Sales,51664,917,3100,908,1237,45502,0,4778,0,3044,2868,10690,3130,1409,Medium,0.23493472814381786,0.06878818513471935,0.0309656718386005,0.0
EMP06237,Karan Daga,41,19,HR,63109,1489,3787,1708,963,55162,0,6067,15192,2023,1386,24668,19118,2197,Medium,0.44719190747253545,0.3465791668177369,0.03982814256190856,0.2754069830680541
EMP06238,Yuvraj Avantika Verma,36,17,Operations,82637,3264,4958,1379,1242,71794,0,12029,22178,1585,5591,41383,336,268,Low,0.5764130707301446,0.004680056829261498,0.003732902470958576,0.30891160821238545
EMP06239,Akash Chaudhary,36,14,Data Science,134146,10163,8049,2797,1749,111388,0,16617,0,15229,7480,39326,13779,10295,Medium,0.3530541889611089,0.1237027327898876,0.09242467770316372,0.0
EMP06240,Jyoti Bhardwaj,40,8,IT,98832,4883,5930,1718,1288,85013,0,13898,19841,10533,6680,50952,5711,3542,Low,0.5993436297977957,0.0671779610177267,0.04166421606107301,0.2333878348017362
EMP06241,Sakshi Mundra,32,10,Sales,61933,1430,3716,1532,2152,53103,11861,9169,7256,2099,3748,34133,1694,596,Low,0.6427697116923714,0.0319002692879875,0.011223471366966085,0.136640114494473
EMP06242,Sonali Suri,43,25,Sales,85000,3500,5100,2026,1267,73107,7642,10870,5238,5221,3899,32870,14869,4517,Medium,0.4496149479530004,0.20338681658391125,0.06178614906917258,0.07164840576141819
EMP06243,Sonia Naidu,22,2,Data Science,91739,4174,5504,1768,2266,78027,0,6280,0,6073,3716,16069,20637,24252,High,0.2059415330590693,0.26448537044869086,0.3108154869468261,0.0
EMP06244,Simran Suri,30,5,Finance,81183,3118,4871,1843,1070,70281,0,10771,4455,3351,2722,21299,15397,17209,High,0.30305487969721545,0.21907770236621563,0.24485991946614305,0.06338839800230503
EMP06245,Rohan Khandelwal,57,28,Sales,85000,3500,5100,2028,1284,73088,17336,9111,0,5570,3806,35823,1624,399,Medium,0.4901351795096322,0.022219789842381786,0.005459172504378284,0.0
EMP06246,Nitin Seth,57,37,Operations,95000,4500,5700,2115,1557,81128,0,12704,26388,2283,5354,46729,2950,1140,Low,0.5759910265259837,0.036362291687210335,0.014051868652006706,0.32526378069223943
EMP06247,Payal Behera,28,3,Operations,59549,1311,3573,904,1943,51818,3225,7752,4606,4255,3041,22879,10158,3141,Medium,0.441526110617932,0.19603226677988345,0.060616002161411095,0.08888803118607434
EMP06248,Rakesh Shukla,22,2,Marketing,53354,1001,3201,1134,1979,46039,8711,3752,0,3518,1195,17176,15950,3011,Medium,0.3730750016290536,0.346445404982732,0.06540107300332328,0.0
EMP06249,Riya Somani,30,2,HR,42593,463,2556,1048,1865,36661,11652,6754,1664,4864,3073,28007,1743,1123,Low,0.7639453370066283,0.0475437113008374,0.030632006764681814,0.04538883281961758
EMP06250,Yuvraj Sahu,46,22,Operations,87213,3721,5233,1405,1863,74991,0,11394,25506,5098,3508,45506,12455,2950,Medium,0.6068194850048673,0.16608659705831366,0.03933805389980131,0.34012081449773973
EMP06251,Prateek Ishaan Somani,59,38,IT,150000,13333,9000,2326,1816,123525,29343,14563,0,10346,5385,59637,13207,28350,Medium,0.48279295689131757,0.10691762801052418,0.22950819672131148,0.0
EMP06252,Jyoti Ghosh,41,20,Cyber Security,164264,16186,9856,3869,1041,133312,0,20346,27430,7294,5946,61016,26229,8824,Medium,0.4576932309169467,0.1967489798367739,0.06619059049447912,0.20575792126740278
EMP06253,Payal Gill,25,0,Marketing,50000,833,3000,1087,850,44230,11604,5261,0,3504,1735,22104,8900,3268,Medium,0.4997513000226091,0.20122089079810085,0.07388650237395433,0.0
EMP06254,Aman Menon,49,15,Sales,70175,2018,4210,1843,1688,60416,0,10537,19115,3422,2879,35953,10504,2667,Medium,0.5950907044491526,0.1738612288135593,0.044143935381355935,0.3163896980932203
EMP06255,Shubham Bedi,24,2,Sales,49533,810,2972,1197,1791,42763,12603,4620,1655,7656,3415,29949,1659,1934,Low,0.7003484320557491,0.03879522016696677,0.04522601314220237,0.03870168136005425
EMP06256,Nitin Vivek Bhatia,56,31,IT,150000,13333,9000,3796,1701,122170,0,15769,35354,5352,5604,62079,12257,25038,Medium,0.5081362036506507,0.10032741262175657,0.2049439305885242,0.2893836457395433
EMP06257,Palak Aditi Saini,58,29,Customer Support,60000,1333,3600,1694,1712,51661,0,7496,11960,1709,1055,22220,17560,2697,Medium,0.4301116896691895,0.3399082480013937,0.052205725789280115,0.23150926230618843
EMP06258,Komal Goel,40,10,Finance,91871,4187,5512,2123,1898,78151,4966,9567,6956,1593,1896,24978,33600,3879,Medium,0.3196120331153792,0.42993691699402437,0.04963468157797085,0.08900717841102482
EMP06259,Vikram Yadav,51,30,HR,70000,2000,4200,1427,1943,60430,0,9647,0,2045,3204,14896,4181,1077,Medium,0.24650008274036075,0.0691874896574549,0.017822273705113353,0.0
EMP06260,Mansi Jain,27,6,IT,95512,4551,5731,1757,1993,81480,0,11811,24351,5200,4156,45518,17518,3892,Low,0.5586401570937654,0.21499754540991656,0.04776632302405498,0.2988586156111929
EMP06261,Akash Patel,43,22,Sales,77467,2747,4648,1576,1324,67172,0,10633,13203,3963,4670,32469,15886,4104,Medium,0.4833710474602513,0.2364973500863455,0.061096885607098195,0.19655511224915143
EMP06262,Khushi Khurana,43,22,HR,64715,1569,3883,2194,2178,54891,15094,9068,7205,2490,3515,37372,1584,607,Low,0.6808402105991875,0.02885718970323004,0.011058279135013026,0.1312601337195533
EMP06263,Lakshay Aman Bajaj,47,18,HR,59875,1327,3592,904,1437,52615,0,8421,10487,3918,3152,25978,11975,3565,Medium,0.49373752732110615,0.22759669295828186,0.06775634324812316,0.1993157844721087
EMP06264,Dhruv Banerjee,33,5,Customer Support,37462,206,2248,897,973,33138,8197,4619,4796,1750,1309,20671,3473,3798,Medium,0.6237853823405154,0.10480415233266945,0.11461162411732755,0.144728106705293
EMP06265,Saloni More,26,7,Customer Support,44188,543,2651,1194,1229,38571,13313,3906,1320,7750,3157,29446,2094,1359,Low,0.7634232972958959,0.05428949210546784,0.03523372481916466,0.034222602473360814
EMP06266,Atharv Chatterjee,52,32,IT,150000,13333,9000,3332,1258,123077,28760,12531,18962,9770,6135,76158,11129,17071,Medium,0.618783363260398,0.0904230684855822,0.1387017883113823,0.15406615370865392
EMP06267,Saurabh Soni,36,10,Cyber Security,129587,9438,7775,2768,1487,108119,27405,17372,0,3628,5770,54175,2148,276,Medium,0.5010682673720622,0.01986699839991121,0.0025527428111617755,0.0
EMP06268,Akash Yadav,39,17,Operations,81819,3182,4909,2161,1439,70128,5514,11662,0,4529,3219,24924,21794,5113,High,0.3554072553045859,0.3107745836185261,0.07290953684690851,0.0
EMP06269,Hemant Simran Iyer,42,18,HR,63888,1528,3833,1546,1982,54999,3236,6304,0,4499,2582,16621,13845,5078,High,0.3022054946453572,0.251731849669994,0.09232895143548064,0.0
EMP06270,Ishaan Shukla,42,18,IT,129052,9358,7743,3811,1686,106454,7029,9788,0,5992,2204,25013,56153,6128,Medium,0.2349653371409247,0.5274860503128111,0.057564769759708416,0.0
EMP06271,Pooja Ravi Jadhav,40,10,Marketing,69292,1929,4158,1282,1342,60581,14583,10045,0,3663,3913,32204,13038,3751,Medium,0.531585810732738,0.21521599181261453,0.06191710272197554,0.0
EMP06272,Shruti Ahuja,46,18,IT,123057,8459,7383,2921,1932,102362,0,16511,0,13237,6144,35892,15830,7655,Medium,0.35063793204509486,0.15464723237138783,0.07478361110568375,0.0
EMP06273,Gaurav Tomar,58,31,Operations,95000,4500,5700,1445,1104,82251,0,11693,0,5482,3650,20825,30192,6526,High,0.25318841108314794,0.36707152496626183,0.07934250039513198,0.0
EMP06274,Mayank Pandey,52,27,Marketing,90000,4000,5400,2161,1966,76473,0,12868,0,9134,6474,28476,7840,4401,Medium,0.37236671766505824,0.10251984360493246,0.05754972343179946,0.0
EMP06275,Pankaj Sahu,44,26,Marketing,88879,3888,5333,1347,1716,76595,8468,13631,0,10553,5701,38353,9018,4979,Medium,0.500724590377962,0.11773614465696194,0.06500424309680788,0.0
EMP06276,Yash Saini,27,4,Data Science,98678,4868,5921,2100,1916,83873,15881,11905,7094,2891,2138,39909,26565,3998,High,0.47582654727981594,0.31672886387752913,0.04766730652295733,0.08458025824758862
EMP06277,Preeti Mohanty,58,25,IT,148167,12967,8890,2363,1934,122013,31110,21811,6969,9244,5715,74849,18948,4381,Medium,0.6134510257103751,0.15529492758968308,0.035906010015326235,0.057116864596395464
EMP06278,Sumit Somani,30,6,Finance,85518,3552,5131,1551,1520,73764,0,10545,3845,4771,3080,22241,23495,4253,Medium,0.30151564448782603,0.3185158071688086,0.05765685158071688,0.0521256981725503
EMP06279,Priya Soni,29,6,Operations,56535,1160,3392,1089,1732,49162,0,6057,0,6206,3102,15365,7273,3109,Medium,0.31253813921321344,0.1479394654407876,0.06323990073634107,0.0
EMP06280,Rajat Porwal,57,26,Customer Support,60000,1333,3600,1653,2056,51358,2640,8433,7461,3878,3070,25482,11044,3301,Medium,0.4961641808481639,0.2150395264613108,0.06427430974726431,0.14527434868959072
EMP06281,Abhishek Tomar,41,15,Marketing,75174,2517,4510,1954,1721,64472,18891,9107,3597,2805,3272,37672,427,299,Medium,0.584315671919593,0.006623030152624395,0.00463767216776275,0.05579166149646358
EMP06282,Swati Khanna,47,24,Sales,85000,3500,5100,1577,1947,72876,0,8806,20389,11277,5363,45835,3773,3644,Low,0.6289450573577035,0.051772874471705366,0.050002744387727095,0.27977660683901423
EMP06283,Prateek Chopra,51,38,Sales,85000,3500,5100,2163,2393,71844,0,10428,17021,3351,3415,34215,664,1597,Low,0.4762401870719893,0.009242247090919213,0.022228717777406603,0.2369160959857469
EMP06284,Khushi Amit Somani,59,38,Marketing,90000,4000,5400,1732,1926,76942,16379,12252,0,1749,2995,33375,24836,3926,High,0.43376829299992203,0.32278859400587456,0.051025447739856,0.0
EMP06285,Krishna Sahu,32,12,Customer Support,46682,667,2801,1135,2202,39877,9603,5310,5380,3946,2245,26484,5576,1744,Medium,0.6641422373799434,0.13982997717982798,0.043734483536875896,0.1349148632043534
EMP06286,Ashish Mohanty,56,25,Customer Support,57417,1204,3445,825,1735,50208,0,8618,14358,2399,2747,28122,220,736,Low,0.5601099426386233,0.004381771829190567,0.014659018483110261,0.28597036328871894
EMP06287,Aisha Fernandes,24,2,Cyber Security,105929,5889,6356,3904,947,88833,0,12631,8874,15911,7107,44523,4829,4430,Medium,0.5011988787950424,0.05436042911980908,0.04986885504260804,0.09989530917564418
EMP06288,Anjali Behera,22,1,Operations,55799,1123,3348,1007,1902,48419,9547,3867,0,2864,1330,17608,16679,2834,High,0.3636588942357339,0.3444722113220017,0.058530742064065756,0.0
EMP06289,Shruti Mathew,57,23,Marketing,83966,3397,5038,1612,1449,72470,0,8331,8444,2639,2886,22300,13076,18439,High,0.3077135366358493,0.18043328273768455,0.254436318476611,0.11651717952256106
EMP06290,Lakshay George,41,18,Data Science,145173,12368,8710,2523,1292,120280,30105,16737,0,6258,6531,59631,20959,21030,High,0.4957682075157965,0.17425174592617226,0.1748420352510808,0.0
EMP06291,Riya Mehta,24,3,Finance,77708,2771,4662,1897,1205,67173,0,7595,0,7584,4101,19280,21555,4014,Medium,0.28702008247361294,0.3208878567281497,0.05975615202536733,0.0
EMP06292,Vikram Rohan Shukla,47,27,Customer Support,57666,1217,3460,1198,1152,50639,0,8115,11411,2208,2730,24464,285,370,Low,0.4831059065147416,0.00562807322419479,0.007306621378779202,0.2253401528466202
EMP06293,Trisha Saini,46,17,Cyber Security,151555,13644,9093,2488,1021,125309,0,19760,0,2372,5834,27966,9017,167,Medium,0.22317630816621312,0.07195811952852549,0.0013327055518757632,0.0
EMP06294,Vihaan Chopra,43,23,IT,140674,11468,8440,3123,1829,115814,33121,17866,4392,9434,7554,72367,15927,5377,Medium,0.6248553715440275,0.13752223392681368,0.04642789300084618,0.03792287633619424
EMP06295,Ravi Singh,58,34,Marketing,90000,4000,5400,1656,1205,77739,21575,12122,11906,2322,5092,53017,1008,149,Low,0.6819871621708538,0.012966464708833404,0.0019166698825557314,0.15315350081683582
EMP06296,Ishita Sabharwal,28,4,HR,45864,627,2752,1173,1693,39619,8813,6275,0,1434,1599,18121,1392,376,Medium,0.45738155935283575,0.03513465761377117,0.009490396022110603,0.0
EMP06297,Payal Shetty,28,6,Sales,49585,813,2975,1096,1795,42906,0,6021,0,6320,3524,15865,4879,2330,Medium,0.3697618048757749,0.11371369971565748,0.054304759241131775,0.0
EMP06298,Bhavna Sabharwal,46,17,Sales,74695,2470,4482,1226,1403,65114,4104,10477,0,4992,3010,22583,18861,5181,Medium,0.3468224959302147,0.2896612095709064,0.07956814202782812,0.0
EMP06299,Dhruv Soni,50,16,Data Science,136415,10616,8185,3941,1548,112125,21844,15371,0,3737,3263,44215,35087,7584,High,0.3943366778149387,0.3129275362318841,0.06763879598662208,0.0
EMP06300,Rahul Tomar,29,3,Sales,51146,891,3069,1026,2524,43636,0,5113,0,7855,2865,15833,3836,2859,Medium,0.36284260702172516,0.08790906590888257,0.06551929599413328,0.0
EMP06301,Karan Tiwari,29,2,Customer Support,37359,201,2242,891,2165,31860,7958,4863,2725,1153,1614,18313,8175,1341,Medium,0.574795982423101,0.2565913370998117,0.04209039548022599,0.08553044569993723
EMP06302,Kunal Avantika Gupta,37,11,Marketing,66947,1695,4017,1296,1357,58582,0,9312,5650,6344,3724,25030,4881,5534,Medium,0.42726434741046737,0.08331910825850944,0.09446587689051245,0.09644600730599844
EMP06303,Rashmi Tanvi Mishra,36,8,Marketing,63487,1508,3809,1898,1466,54806,14785,7478,0,6692,4648,33603,4622,2521,Medium,0.6131263000401416,0.08433383206218298,0.04599861329051564,0.0
EMP06304,Ishita Ahuja,48,28,IT,144368,12207,8662,2933,1619,118947,22914,15782,3583,3506,3431,49216,40125,6339,Medium,0.4137641134286699,0.3373351156397387,0.05329264294181442,0.030122659671954734
EMP06305,Sanya Mehta,45,17,Operations,80709,3071,4843,1352,1564,69879,0,9929,15124,1346,2740,29139,20484,3908,Medium,0.4169922294251492,0.29313527669256856,0.05592524220438186,0.2164312597489947
EMP06306,Monika Arora,24,1,Finance,73681,2368,4421,1758,2088,63046,0,8165,10397,1524,2585,22671,24736,2814,Medium,0.359594581733972,0.39234844399327473,0.04463407670589728,0.16491133458109952
EMP06307,Ananya Thomas,49,18,Product Management,189973,22493,11398,3188,930,151964,44445,18198,0,19233,10666,92542,6657,6669,Low,0.6089731778579137,0.0438064278381722,0.043885393909083734,0.0
EMP06308,Charu Arora,40,10,Finance,92582,4258,5555,1809,2259,78701,21144,12829,4709,4146,5292,48120,11558,4079,Medium,0.6114280631758173,0.14685963329563792,0.05182907459879798,0.05983405547578811
EMP06309,Tanvi Nagpal,45,24,Product Management,210210,28063,12613,3938,1582,164014,8886,25671,0,25237,12126,71920,20701,9006,Medium,0.438499152511371,0.12621483531893618,0.05490994671186606,0.0
EMP06310,Deepak Kulkarni,28,2,IT,83734,3373,5024,2137,1702,71498,6092,12108,4281,9527,6594,38602,4016,2975,Medium,0.5399032140759182,0.056169403339953565,0.0416095555120423,0.059875800721698506
EMP06311,Divya Saurabh Tayal,35,6,Data Science,110631,6595,6638,2310,1085,94003,22210,16707,12986,5258,3882,61043,12333,4334,Medium,0.6493728923544994,0.1311979404912609,0.046104911545376215,0.13814452730232013
EMP06312,Rashmi Sabharwal,54,25,Sales,84825,3482,5090,1616,1342,73295,19661,10187,11302,6939,5953,54042,3401,3144,Low,0.7373217818405076,0.046401528071491914,0.04289514973736271,0.15419878572890375
EMP06313,Shruti Menon,38,11,HR,56453,1156,3387,887,1351,49672,17300,6619,0,7139,3120,34178,1983,1537,Low,0.6880737638911257,0.03992188758254147,0.030942985988081817,0.0
EMP06314,Komal Payal Srivastava,42,26,IT,150000,13333,9000,3643,1853,122171,31361,16360,20953,13845,8204,90723,15391,3570,Low,0.7425903037545735,0.12597916035720425,0.029221337305907293,0.17150551276489512
EMP06315,Yuvraj Pradhan,38,8,Customer Support,42507,459,2550,993,1767,36738,9481,5298,0,2990,2189,19958,6640,1810,Medium,0.5432522184114541,0.1807392890195438,0.0492677881212913,0.0
EMP06316,Aditya D'Souza,45,15,IT,118807,7821,7128,3843,2044,97971,0,14190,34204,12096,8285,68775,5149,4568,Low,0.7019934470404507,0.05255636872135632,0.04662604240030213,0.349123720284574
EMP06317,Prachi Bhavna Pillai,39,12,Cyber Security,135318,10397,8119,3452,2070,111280,0,14274,30673,3513,4717,53177,38672,3348,Medium,0.4778666427030913,0.3475197699496765,0.0300862688713156,0.275638030194105
EMP06318,Monika Tanvi Arora,44,18,Operations,77893,2789,4674,1267,1278,67885,0,10511,17205,2877,1979,32572,20135,3786,Medium,0.4798114458275024,0.29660455181557044,0.055770788834057596,0.25344332326729024
EMP06319,Anjali Bagri,37,16,IT,117637,7646,7058,2784,1955,98194,0,13158,26229,3185,2413,44985,34633,3312,Medium,0.4581237142798949,0.3526997576226653,0.033729148420473754,0.2671140802900381
EMP06320,Sanya George,49,24,Product Management,216161,29848,12970,3493,1636,168214,38941,30962,0,13365,8508,91776,32398,11000,Medium,0.5455907356105912,0.19259990250514225,0.06539289238707836,0.0
EMP06321,Pankaj Lodha,32,8,Operations,63289,1498,3797,1614,1783,54597,0,7832,9295,1601,3387,22115,1534,344,Low,0.40505888601937834,0.028096781874461966,0.006300712493360441,0.1702474494935619
EMP06322,Manish Khurana,26,4,Cyber Security,106788,6018,6407,2599,1615,90149,18123,8061,5732,8301,3076,43293,15045,12849,Medium,0.4802382721938125,0.16689037038680407,0.14253069917580893,0.06358362266913666
EMP06323,Ritika Agarwal,60,23,Marketing,85160,3516,5110,1604,1525,73405,0,8966,13422,15376,5509,43273,5705,3856,Low,0.5895102513452762,0.07771950139636265,0.0525304815748246,0.18284857979701655
EMP06324,Rashmi Mansi Solanki,33,7,Data Science,111489,6723,6689,2964,1374,93739,24181,16219,3994,5160,4351,53905,16466,4079,Medium,0.5750541396857232,0.17565794386541353,0.043514439027512564,0.042607665966140025
EMP06325,Dhruv Parmar,32,7,Operations,66323,1649,3979,1943,2002,56750,14253,6798,0,5955,3287,30293,9979,3111,Medium,0.5337973568281938,0.17584140969162995,0.0548193832599119,0.0
EMP06326,Sumit Mansi Sandhu,33,12,Sales,63548,1511,3813,1339,1301,55584,14770,7887,5767,3312,3483,35219,8335,1977,Medium,0.633617587795049,0.14995322394933794,0.035567789291882555,0.1037528785261946
EMP06327,Karan Kapoor,54,33,Customer Support,60000,1333,3600,1290,2156,51621,0,6417,0,2385,1537,10339,13283,13449,High,0.2002867050231495,0.25731775827667036,0.26053350380659035,0.0
EMP06328,Sakshi D'Souza,60,29,IT,150000,13333,9000,2479,791,124397,0,17422,0,7477,7851,32750,26889,26001,High,0.2632700145501901,0.2161547304195439,0.20901629460517537,0.0
EMP06329,Aditya Parth Seth,59,29,Data Science,170000,17500,10200,3975,2022,136303,33735,22232,5875,9176,7469,78487,17945,19961,Medium,0.5758273845770085,0.13165520934975752,0.14644578622627527,0.04310249957814575
EMP06330,Aman Aakash Lakhotia,31,8,Operations,68946,1895,4137,1520,2407,58987,13694,7537,3449,4601,3547,32828,11795,2595,Medium,0.556529404784105,0.1999593130689813,0.04399274416396833,0.058470510451455404
EMP06331,Mansi Jindal,52,26,Cyber Security,171172,17793,10270,2927,1421,138761,31659,23340,0,9788,8664,73451,32037,5118,Medium,0.5293346113100943,0.23087899337710163,0.03688356238424341,0.0
EMP06332,Ananya Swati Pillai,23,1,HR,42291,448,2537,858,1137,37311,12426,4044,0,5260,2561,24291,1400,1782,Low,0.6510412478893624,0.03752244646350942,0.04776071399855271,0.0
EMP06333,Simran Malhotra,58,38,Sales,85000,3500,5100,1410,2325,72665,7426,10248,0,15644,7181,40499,6540,3430,Medium,0.5573384710658501,0.09000206426752907,0.04720291749810775,0.0
EMP06334,Rakesh Suri,37,18,IT,123758,8564,7425,3187,2063,102519,0,13257,27598,5731,4745,51331,16825,14767,Medium,0.5006974316955881,0.16411591997580935,0.14404159229020963,0.26919888020757127
EMP06335,Sakshi Pawar,38,15,Sales,69222,1922,4153,2138,1363,59646,15190,8633,7643,4177,3046,38689,8620,2472,Medium,0.6486436642859538,0.1445193307179023,0.041444522683834625,0.12813935553096603
EMP06336,Khushi Khushi Reddy,46,22,IT,129699,9455,7782,2400,1971,108091,20507,13359,12969,4580,4717,56132,34399,4352,Medium,0.519303179728192,0.31824111165591956,0.040262371520293085,0.11998223718903517
EMP06337,Varun Pillai,56,27,Sales,85000,3500,5100,1783,1740,72877,0,10213,13516,3456,2766,29951,16346,6295,Medium,0.41098014462724863,0.2242957311634672,0.08637841843105507,0.18546317768294523
EMP06338,Shubham Lokesh Trivedi,60,23,Sales,75379,2538,4523,1683,1578,65057,0,11591,18640,5303,4613,40147,9201,3878,Low,0.617105000230567,0.14142982307822372,0.059609265720829425,0.28651797654364636
EMP06339,Vivek Abhishek Somani,52,23,IT,131548,9732,7893,3040,1705,109178,21909,14706,0,7132,4184,47931,12594,20140,High,0.4390170180805657,0.11535290992690835,0.1844693985967869,0.0
EMP06340,Simran Singh,35,11,Sales,59099,1288,3546,945,1028,52292,12265,9505,0,2983,3684,28437,8647,2536,Medium,0.5438116729136387,0.16535990208827353,0.04849690201178,0.0
EMP06341,Muskan Tomar,31,10,Sales,61673,1417,3700,1936,2058,52562,0,6345,10158,5962,2847,25312,11027,2589,Medium,0.4815646284387961,0.20979034283322553,0.04925611658612686,0.19325748639701687
EMP06342,Sai Khandelwal,45,25,Data Science,170000,17500,10200,3893,1485,136922,0,15022,36464,5966,4784,62236,24432,29989,Medium,0.4545361592731628,0.17843735849607806,0.21902250916580243,0.2663122069499423
EMP06343,Preeti Ahuja,33,5,Data Science,109922,6488,6595,2247,2366,92226,16726,13534,16430,3662,4259,54611,24389,2287,Medium,0.592143213410535,0.26444820332661073,0.02479777936807408,0.17814932882267473
EMP06344,Ananya Parmar,34,6,Marketing,60324,1350,3619,2189,1461,51705,14119,6115,2351,2759,3140,28484,172,880,Medium,0.55089449763079,0.0033265641620733003,0.017019630596654095,0.04546949037810657
EMP06345,Sonia Tayal,41,23,IT,135566,10447,8134,3668,1173,112144,0,18911,24145,5157,4619,52832,13878,22042,Medium,0.4711085746896847,0.12375160507918391,0.1965508631759167,0.21530353830788987
EMP06346,Kartik Solanki,49,18,Sales,78469,2847,4708,2177,1155,67582,0,12680,22953,4458,3300,43391,9022,2894,Low,0.64204965819301,0.13349708502263916,0.04282205320943446,0.3396318546358498
EMP06347,Saurabh Mittal,26,4,Sales,52640,965,3158,708,1180,46629,12563,5325,1644,4539,2659,26730,8731,1984,Medium,0.5732484076433121,0.1872439897917605,0.042548628535889685,0.03525702888760213
EMP06348,Rupal Tomar,42,16,Sales,68979,1898,4139,1452,1971,59519,0,7979,10947,4329,2311,25566,6843,13641,Medium,0.4295435071153749,0.11497168971252877,0.2291873183353215,0.1839244610964566
EMP06349,Saurabh Behera,32,11,Sales,67338,1734,4040,1586,1928,58050,18458,8870,13744,5846,4322,51240,864,724,Low,0.882687338501292,0.014883720930232559,0.012472006890611542,0.23676141257536606
EMP06350,Bhavna Kohli,38,10,IT,108441,6266,6506,2928,1685,91056,0,12340,0,3016,2343,17699,49314,4208,Medium,0.1943748901774732,0.5415788086452293,0.0462133192760499,0.0
EMP06351,Rupal Rishabh Ahuja,58,32,Sales,85000,3500,5100,1989,1601,72810,18489,10327,0,4728,2872,36416,15739,5059,Medium,0.5001510781486059,0.2161653619008378,0.06948221398159593,0.0
EMP06352,Amit Porwal,58,36,Customer Support,60000,1333,3600,2002,1393,51672,11128,8209,0,1239,2142,22718,2386,1108,Medium,0.439657841771172,0.046175878618981266,0.021442947824740672,0.0
EMP06353,Rohan Jadhav,37,9,Finance,86990,3699,5219,1228,2209,74635,18124,12517,2796,5963,5342,44742,12890,4001,Medium,0.5994774569571917,0.17270717491793394,0.053607556776311384,0.03746231660748978
EMP06354,Ashish Rupal Chatterjee,31,9,Finance,90737,4074,5444,1903,1070,78246,0,10801,21713,2247,3069,37830,24928,3786,Medium,0.48347519362012115,0.31858497558980653,0.04838585998006288,0.27749661324540553
EMP06355,Riya Naidu,31,9,Sales,57017,1184,3421,941,1800,49671,12971,8859,0,1531,3946,27307,1112,1061,Medium,0.5497574037164543,0.0223873084898633,0.021360552435022447,0.0
EMP06356,Ishita Reddy,29,6,Operations,63051,1486,3783,1668,1710,54404,6211,4628,0,5258,2578,18675,11632,13952,High,0.3432652010881553,0.21380780824939344,0.25645173149033157,0.0
EMP06357,Parth Parmar,54,26,Customer Support,60000,1333,3600,1605,1903,51559,0,8644,16895,2629,3319,31487,1989,818,Low,0.6106984231656937,0.03857716402567932,0.01586531934288873,0.3276828487751896
EMP06358,Muskan Dev Sahu,22,1,Product Management,129547,9432,7773,3957,1121,107264,0,14431,10365,18231,9612,52639,9829,4825,Medium,0.4907424671837709,0.09163372613365155,0.04498247315035799,0.09663074284009547
EMP06359,Aditya Mundra,22,2,IT,87222,3722,5233,1610,1926,74731,0,9880,0,14890,7358,32128,6731,7127,Medium,0.4299152961956885,0.09006971671729269,0.09536872248464492,0.0
EMP06360,Nandini Sahu,23,2,Finance,78204,2820,4692,1520,1534,67638,14998,8653,0,5339,3004,31994,23990,2347,High,0.47301812590555603,0.3546822791921701,0.034699429314882166,0.0
EMP06361,Nitin Bagri,24,3,Data Science,98445,4844,5907,2192,2054,83448,18533,9698,4919,8104,5238,46492,15001,5237,Medium,0.557137378966542,0.17976464385006233,0.06275764547981977,0.05894688908062506
EMP06362,Harsh Arora,39,12,Finance,91888,4189,5513,1696,1786,78704,4344,8886,6831,3330,2492,25883,34231,3272,Medium,0.32886511486074405,0.4349334214271193,0.04157349054685912,0.08679355560073186
EMP06363,Mohit Suri,25,3,Marketing,57585,1213,3455,815,1832,50270,13455,5580,8758,5679,3579,37051,5810,1798,Low,0.737039984085936,0.11557589019295803,0.03576685896160732,0.17421921623234535
EMP06364,Varun Kapoor,30,2,Operations,55073,1087,3304,946,2223,47513,0,6782,0,1425,1418,9625,24389,3042,Medium,0.20257613705722644,0.5133121461494748,0.06402458274577484,0.0
EMP06365,Payal Reddy,22,3,Sales,46305,649,2778,1030,2495,39353,0,4335,2433,6845,2479,16092,5795,2618,Medium,0.4089141869743095,0.147256880034559,0.06652605900439611,0.06182501969354306
EMP06366,Akash Shukla,53,33,Marketing,90000,4000,5400,1895,2101,76604,0,12083,15008,14562,5325,46978,5643,2598,Low,0.6132577933267193,0.07366456059735783,0.03391467808469532,0.1959166623152838
EMP06367,Divya Bhatia,30,3,Finance,79204,2920,4752,1287,1366,68879,0,12285,13618,4508,4614,35025,13501,5014,Medium,0.5085004137690733,0.1960103950405784,0.07279432047503594,0.19770902597308324
EMP06368,Simran More,29,3,Data Science,102159,5324,6130,3394,1325,85986,25020,15609,9252,5214,4732,59827,10522,3661,Medium,0.6957760565673482,0.12236875770474263,0.04257669853231921,0.10759891145070127
EMP06369,Anurag George,44,15,Marketing,74593,2459,4476,1254,2310,64094,21955,6643,0,10598,4549,43745,3311,3334,Low,0.6825131837613505,0.05165850157581053,0.05201734951789559,0.0
EMP06370,Rupal Maheshwari,50,27,IT,150000,13333,9000,3577,2044,122046,36453,17779,0,11659,11038,76929,6707,4061,Low,0.6303279091490094,0.05495468921554168,0.033274339183586514,0.0
EMP06371,Sonali Wadhwa,28,6,HR,47745,721,2865,1168,2047,40944,0,6037,0,5908,3040,14985,6116,2784,Medium,0.3659876905041032,0.1493747557639703,0.06799531066822978,0.0
EMP06372,Tarun Arora,45,24,IT,140068,11347,8404,2677,1909,115731,11610,20249,4220,7225,6562,49866,30325,5440,Medium,0.43087850273479017,0.2620300524492141,0.047005555987591915,0.03646386879919814
EMP06373,Sakshi Prachi Soni,57,30,Sales,85000,3500,5100,1494,1674,73232,0,10823,17554,3454,4206,36037,457,231,Low,0.49209362027528947,0.006240441337120385,0.003154358750273105,0.23970395455538562
EMP06374,Abhishek Yadav,23,0,Marketing,51435,905,3086,819,1280,45345,13335,6226,3571,2869,3582,29583,157,191,Low,0.6523982798544492,0.0034623442496416364,0.004212151284595876,0.07875179181828205
EMP06375,Dhruv Das,32,9,Operations,67193,1719,4032,1811,1410,58221,13745,8755,0,3979,3267,29746,11127,3244,Medium,0.5109153054739699,0.19111660740969752,0.05571872691983992,0.0
EMP06376,Priya George,41,24,IT,139916,11317,8395,3872,1321,115011,0,21183,0,8728,6335,36246,32624,7521,High,0.31515246367738736,0.28365982384293675,0.06539374494613559,0.0
EMP06377,Pankaj Nitin Naidu,51,37,Sales,85000,3500,5100,1226,1448,73726,0,10237,0,2912,1864,15013,40816,3567,Medium,0.20363236849957952,0.5536174483899845,0.0483818462957437,0.0
EMP06378,Khushi Purohit,31,9,Product Management,145998,12533,8760,2525,1001,121179,29364,15226,0,8443,6160,59193,20740,21763,High,0.48847572599212735,0.17115176722039296,0.1795938240124114,0.0
EMP06379,Sakshi Shivam Suri,59,30,Marketing,90000,4000,5400,1989,1313,77298,0,12188,21274,4940,3250,41652,9002,14661,Medium,0.5388496468213926,0.11645838184687832,0.18966855546068462,0.2752205749178504
EMP06380,Atharv Malhotra,42,26,HR,70000,2000,4200,1365,2033,60402,15990,7226,3177,3600,3355,33348,200,868,Low,0.5521009238104698,0.003311148637462336,0.014370385086586538,0.0525975961060892
EMP06381,Aakash Ravi Nair,24,1,IT,80000,3000,4800,1820,2182,68198,0,6408,0,5766,2813,14987,31574,5236,Medium,0.2197571776298425,0.4629754538256254,0.0767764450570398,0.0
EMP06382,Rohit Narang,38,17,Operations,84552,3455,5073,1360,1113,73551,0,11715,23143,2937,2425,40220,21151,2001,Medium,0.546831450286196,0.2875691696917785,0.02720561243218991,0.3146524180500605
EMP06383,Shruti Porwal,25,1,Operations,54019,1034,3241,781,1294,47669,0,5958,4983,4448,2978,18367,14601,3348,Medium,0.38530281734460553,0.30629969162348697,0.07023432419392057,0.10453334452159685
EMP06384,Yuvraj Saxena,43,22,Product Management,195152,23788,11709,3286,2101,154268,10581,23648,6264,8755,9277,58525,38176,12272,Medium,0.3793722612596261,0.24746544973682164,0.0795498742448207,0.04060466201675007
EMP06385,Tarun Gill,46,20,Cyber Security,156964,14726,9418,2774,1801,128245,0,21185,25570,7727,7177,61659,13795,24815,Medium,0.4807906741003548,0.10756754649304066,0.19349682248820615,0.19938399157861905
EMP06386,Ananya Tiwari,23,2,HR,44102,538,2646,1160,2055,37703,7626,4133,0,2687,1037,15483,11778,2369,High,0.41065697689839004,0.312388934567541,0.06283319629737687,0.0
EMP06387,Neha Arora,32,7,IT,98693,4869,5922,1979,2026,83897,0,13352,9583,3948,2669,29552,14593,16493,Medium,0.3522414389072315,0.1739394734019095,0.19658629033219305,0.11422339296995125
EMP06388,Shubham Kapoor,31,8,Sales,53633,1015,3218,1120,1657,46623,3889,6776,0,1460,1838,13963,18522,3281,Medium,0.299487377474637,0.39727173283572487,0.07037299187096498,0.0
EMP06389,Lakshay Gaurav Yadav,56,25,Sales,85000,3500,5100,1723,1285,73392,0,12975,16661,4894,4641,39171,16133,3752,Medium,0.5337230215827338,0.21981959886636146,0.051122738173097884,0.227013843470678
EMP06390,Aisha Somani,37,17,Marketing,73254,2325,4395,1996,1529,63009,0,10631,14801,11312,6033,42777,4059,3096,Low,0.6789030138551635,0.06441936866161976,0.049135837737466076,0.23490295037216904
EMP06391,Ashish Tomar,24,0,Sales,46800,673,2808,1046,1732,40541,0,4247,0,3814,2473,10534,10903,3227,Medium,0.2598357218618189,0.268937618706988,0.07959843121777953,0.0
EMP06392,Shubham Pillai,53,28,HR,70000,2000,4200,1904,1806,60090,0,7475,11296,2412,1231,22414,21159,2882,Medium,0.3730071559327675,0.35212181727408887,0.04796139124646364,0.18798468963221834
EMP06393,Hemant Saxena,40,11,Data Science,129225,9384,7754,3062,1340,107685,0,12399,29566,2364,2171,46500,34465,4459,Medium,0.4318150160189441,0.320053860797697,0.041407809815666066,0.27456005943260436
EMP06394,Kavya Pawar,27,4,Marketing,53352,1001,3201,859,1079,47212,8468,6071,0,1155,1393,17087,19187,1747,High,0.3619206981275947,0.4064009150216047,0.03700330424468355,0.0
EMP06395,Deepak Tayal,22,1,Sales,48227,745,2894,981,1400,42207,0,3905,0,3530,1934,9369,9911,11118,High,0.22197739711422276,0.23481886890800105,0.2634160210391641,0.0
EMP06396,Charu Sai Pawar,38,10,Finance,97815,4782,5869,1859,2109,83196,0,13679,18998,5470,4231,42378,15896,5337,Medium,0.5093754507428242,0.1910668782152988,0.06414971873647772,0.22835232463099187
EMP06397,Tanvi Pillai,56,38,Product Management,220000,31000,13200,3107,1837,170856,0,29681,37242,20514,10003,97440,18245,10513,Low,0.5703048180924287,0.10678583134335347,0.061531348035772815,0.2179730299199326
EMP06398,Pooja Deshmukh,29,7,Marketing,60534,1360,3632,2057,1502,51983,0,6612,16044,3950,3339,29945,8967,3196,Low,0.5760537098666871,0.17249870149856683,0.06148163822788219,0.30863936286863014
EMP06399,Aditi Jain,41,26,Sales,85000,3500,5100,2136,1420,72844,0,9886,0,7394,4159,21439,5847,7250,Medium,0.294313876228653,0.08026742078963264,0.09952775794849267,0.0
EMP06400,Shivam Khandelwal,37,17,Cyber Security,149366,13207,8962,3824,1778,121595,7642,20048,6405,15508,7689,57292,12023,8648,Medium,0.47117068958427566,0.09887742094658497,0.07112134545005963,0.05267486327562811
EMP06401,Priya Singh,24,2,Cyber Security,103046,5457,6183,3876,1184,86346,19708,7336,0,5371,1935,34350,35992,3404,High,0.39781808074491004,0.4168345956963843,0.03942278739026706,0.0
EMP06402,Rohit Lodha,22,1,Customer Support,35000,83,2100,881,1703,30233,0,3633,6957,6202,2604,19396,1330,966,Low,0.6415506234908874,0.043991664737207684,0.031951840703866634,0.23011279065921345
EMP06403,Prateek Shinde,32,10,Product Management,159525,15238,9572,3571,1169,129975,0,20424,0,9153,6210,35787,43188,11807,High,0.27533756491633005,0.3322792844777842,0.09084054625889594,0.0
EMP06404,Pankaj Shetty,28,6,Sales,54740,1070,3284,792,2113,47481,12061,6646,0,1010,2889,22606,1996,590,Medium,0.4761062319664708,0.042037867778690424,0.012426023040795266,0.0
EMP06405,Khushi Bhardwaj,37,10,Marketing,66063,1636,3964,1673,1555,57235,0,9140,16674,4730,4189,34733,9046,2742,Medium,0.6068489560583559,0.1580501441425701,0.04790774875513235,0.2913252380536385
EMP06406,Abhishek Kumawat,23,1,Marketing,52104,939,3126,1170,1897,44972,11128,7016,0,2343,2588,23075,2149,813,Medium,0.5130970381570755,0.04778528862403273,0.018077915147202705,0.0
EMP06407,Rashmi Soni,57,24,Customer Support,59698,1318,3582,1158,1774,51866,0,9581,0,2652,2524,14757,411,1643,Medium,0.28452165194925383,0.007924266378745229,0.03167778506150465,0.0
EMP06408,Lakshay Banerjee,43,23,Sales,77949,2795,4677,1799,1137,67541,23384,9671,0,12518,4404,49977,4304,1562,Low,0.7399505485556921,0.06372425637760767,0.023126693415851114,0.0
EMP06409,Rupal Reddy,27,7,Finance,87745,3774,5265,1414,1410,75882,16752,10717,6568,2711,2832,39580,24134,2462,Medium,0.5215993252681795,0.31804644052607994,0.03244511214780844,0.08655544134313803
EMP06410,Dhruv Chopra,40,18,Marketing,83865,3386,5032,1302,1341,72804,20187,9586,5549,5578,4876,45776,1629,100,Medium,0.6287566617218834,0.0223751442228449,0.0013735509037964948,0.0762183396516675
EMP06411,Kavya Banerjee,43,16,HR,63038,1485,3782,1863,1028,54880,12245,8719,3848,3902,3596,32310,11095,2305,Medium,0.5887390670553936,0.20216836734693877,0.04200072886297376,0.07011661807580175
EMP06412,Vikram Mansi Sharma,23,3,Customer Support,35453,106,2127,1090,1569,30561,7812,3746,10127,1775,2122,25582,28,21,Low,0.8370799384836883,0.0009162003861130199,0.0006871502895847649,0.3313700467916626
EMP06413,Deepak Behera,40,15,Sales,72395,2240,4344,1828,1390,62593,0,10482,20240,2808,4676,38206,1504,1046,Low,0.610387743038359,0.024028245969996646,0.01671113383285671,0.32335884204303994
EMP06414,Manish Komal Rathore,35,9,Finance,93117,4312,5587,1727,1471,80020,8220,8256,0,7698,3929,28103,21027,5458,Medium,0.35119970007498125,0.26277180704823794,0.06820794801299675,0.0
EMP06415,Rohan Fernandes,30,3,IT,82063,3206,4924,1238,2011,70684,0,11275,13746,3658,4718,33397,13094,4417,Medium,0.4724831645068191,0.18524701488314188,0.062489389395054044,0.19447116744949353
EMP06416,Mayank Tiwari,35,6,Sales,55190,1093,3311,1119,2050,47617,16430,8641,0,6127,4284,35482,1249,1720,Low,0.7451540416237898,0.026230127895499507,0.036121553226788755,0.0
EMP06417,Neha Nandini Iyer,58,37,IT,150000,13333,9000,3151,2171,122345,0,19003,26984,6675,7940,60602,25807,6795,Medium,0.4953369569659569,0.21093628673014836,0.05553966243001349,0.22055662266541337
EMP06418,Parth Maheshwari,37,17,Sales,76971,2697,4618,1575,1283,66798,0,10917,19308,2774,3381,36380,1406,735,Low,0.5446270846432528,0.021048534387257102,0.011003323452797987,0.28905057037635856
EMP06419,Kavya Yadav,51,23,Marketing,90000,4000,5400,1978,1926,76696,0,11441,0,2228,3146,16815,30596,5075,Medium,0.21924220298320643,0.39892562845519974,0.06617033482841347,0.0
EMP06420,Diya Pawar,25,0,Cyber Security,100629,5094,6038,3666,1902,83929,0,7595,7438,6211,2726,23970,17541,21785,High,0.2855985416244683,0.20899808171192316,0.2595646320103897,0.08862252618284502
EMP06421,Sumit Malhotra,55,24,Sales,80503,3050,4830,1490,1388,69745,4758,6861,0,4530,2092,18241,10443,19249,Medium,0.26153846153846155,0.14973116352426696,0.2759911104738691,0.0
EMP06422,Karan Jindal,53,28,IT,150000,13333,9000,2959,1952,122756,0,15805,0,5857,5483,27145,30126,34825,High,0.2211297207468474,0.24541366613444557,0.28369285411711037,0.0
EMP06423,Vikram Sharma,49,19,Operations,82423,3242,4945,1622,1599,71015,0,8242,0,6298,3819,18359,20274,6487,High,0.2585228472857847,0.2854889812011547,0.09134689854256144,0.0
EMP06424,Garima Purohit,42,20,Operations,90784,4078,5447,2159,2249,76851,0,12744,16651,5172,4471,39038,13854,3623,Medium,0.5079699678598847,0.18027091384627397,0.04714317315324459,0.21666601605704544
EMP06425,Ayush Malhotra,24,0,Sales,45000,583,2700,971,2125,38621,9740,4783,4734,5054,3248,27559,2602,1461,Low,0.7135755159110329,0.06737267289816422,0.037829160301390434,0.1225758007301727
EMP06426,Sonia Kulkarni,36,17,Marketing,77778,2778,4667,2084,2317,65932,0,10779,0,3782,4590,19151,17167,6843,High,0.2904659345992841,0.2603743250621853,0.10378875204756416,0.0
EMP06427,Saurabh Kumawat,49,19,Data Science,149590,13251,8975,2635,1875,122854,0,17001,31349,13991,7306,69647,9768,8600,Low,0.5669086883617953,0.07950901069562244,0.07000179074348413,0.2551728067462191
EMP06428,Ayaan Shukla,48,24,Sales,84357,3436,5061,1531,1652,72677,21782,12534,0,3430,5732,43478,1768,575,Low,0.5982360306561911,0.024326815911498822,0.007911718975741982,0.0
EMP06429,Sumit Saini,60,22,Marketing,84749,3475,5085,1643,1734,72812,0,12999,14062,4504,4281,35846,18431,2995,Medium,0.4923089600615283,0.2531313519749492,0.04113332967093336,0.19312750645497995
EMP06430,Bhavna Seth,39,9,IT,101654,5248,6099,2630,2074,85603,21504,10649,0,3548,3819,39520,14591,14256,High,0.461666063105265,0.17044963377451725,0.16653621952501665,0.0
EMP06431,Avantika Sabharwal,29,7,Data Science,112469,6870,6748,2299,1851,94701,0,13945,0,2187,2418,18550,51722,4926,Medium,0.19587966336152735,0.5461610753846317,0.052016346184306395,0.0
EMP06432,Mayank Chatterjee,44,16,Sales,69954,1995,4197,1342,1136,61284,0,9871,16422,1821,5015,33129,1812,715,Low,0.5405815547288036,0.02956726062267476,0.011666993016121664,0.26796553749755236
EMP06433,Rohan Bedi,44,22,HR,68852,1885,4131,1774,1973,59089,15434,6464,0,3201,4905,30004,1772,317,Medium,0.5077764050838566,0.029988661172130178,0.005364788708558277,0.0
EMP06434,Gaurav Sandhu,30,7,Data Science,109094,6364,6546,3731,1398,91055,6404,12037,10277,5944,4690,39352,16248,18918,Medium,0.4321783537422437,0.1784416012300258,0.2077645379166438,0.11286585031025205
EMP06435,Deepak Jadhav,22,0,Sales,47042,685,2823,933,1974,40627,10300,5375,1791,2481,3210,23157,1035,664,Medium,0.5699904004725921,0.025475668890146946,0.0163438107662392,0.04408398355773254
EMP06436,Harsh Banerjee,45,22,Finance,120866,8130,7252,3419,1759,100306,0,15138,21399,4020,5006,45563,28256,6196,Medium,0.45424002552190296,0.2816980041074313,0.06177098079875581,0.21333718820409547
EMP06437,Sneha Narang,50,16,IT,119561,7934,7174,3679,1201,99573,19932,14770,0,5061,4563,44326,13855,20276,Medium,0.4451608367730208,0.1391441455012905,0.20362949795627328,0.0
EMP06438,Charu Khurana,25,0,IT,80000,3000,4800,1236,1438,69526,0,8875,2302,6770,3863,21810,18052,6307,High,0.3136955958921842,0.25964387423409946,0.09071426516698788,0.033109915714984325
EMP06439,Karan Bhardwaj,33,6,HR,50401,853,3024,1197,2074,43253,0,6124,0,2142,1781,10047,13245,4173,High,0.23228446581739995,0.30622153376644395,0.09647885695789887,0.0
EMP06440,Saloni Menon,32,8,IT,97536,4754,5852,1609,1697,83624,0,10290,18596,8497,5243,42626,12336,11628,Medium,0.5097340476418253,0.14751745910264996,0.13905099014636946,0.22237635128671196
EMP06441,Vikram Tomar,23,1,HR,42813,474,2569,1199,2077,36494,0,4690,6235,3204,1651,15780,8510,2127,Medium,0.4323998465501178,0.2331890173727188,0.05828355346084288,0.17085000274017648
EMP06442,Payal Seth,51,23,Finance,117893,7684,7074,2363,2030,98742,0,18249,24970,7369,6261,56849,17760,4727,Low,0.5757327175872475,0.17986267241903142,0.04787223268720504,0.25288124607563145
EMP06443,Charu Deepak Patel,53,38,Customer Support,60000,1333,3600,1904,1730,51433,11994,6862,0,1958,1231,22045,16850,2421,High,0.42861586918904204,0.3276106779693971,0.04707094666848133,0.0
EMP06444,Payal Mittal,37,15,HR,55253,1096,3315,1131,1229,48482,0,7382,12843,2818,2343,25386,8760,2265,Medium,0.5236170124994843,0.18068561527989768,0.04671836970422012,0.26490243801823354
EMP06445,Ishaan Shinde,33,9,Operations,61232,1395,3674,1715,2098,52350,10614,7007,0,2471,2256,22348,19938,1703,High,0.4268958930276982,0.3808595988538682,0.032531041069723016,0.0
EMP06446,Akash Chopra,32,7,Marketing,62745,1471,3765,1827,1523,54159,17837,7053,16116,10885,4257,56148,0,0,Low,1.0367251980280285,0.0,0.0,0.29756827120146234
EMP06447,Rakesh Roy,39,14,HR,59814,1324,3589,1184,1902,51815,11044,6111,3390,3138,2702,26385,5235,8108,High,0.5092154781433947,0.10103251954067355,0.15647978384637654,0.06542506996043616
EMP06448,Sonia Singh,43,16,Sales,67821,1782,4069,1777,2099,58094,17999,9420,9289,6660,4288,47656,2280,943,Low,0.8203256790718491,0.03924673804523703,0.016232313147657246,0.15989603057114332
EMP06449,Parth Verma,54,27,Sales,85000,3500,5100,1676,1366,73358,16575,10357,5248,4414,4640,41234,16047,3835,Medium,0.5620927506202459,0.2187491480138499,0.0522778701709425,0.07153957305270045
EMP06450,Shruti Ghosh,39,18,Sales,79974,2997,4798,1829,1231,69119,23396,10639,0,7212,5577,46824,5358,3313,Low,0.677440356486639,0.07751848261693602,0.047931827717414895,0.0
EMP06451,Rohan Thomas,55,22,HR,65085,1588,3905,1907,2122,55563,16302,10114,0,2097,4745,33258,213,801,Low,0.5985637924518115,0.0038334863128340804,0.01441606824685492,0.0
EMP06452,Karan Verma,24,2,Operations,54207,1044,3252,760,1981,47170,10117,4764,4397,4249,1617,25144,5729,9153,High,0.5330506677973288,0.12145431418274327,0.1940428238287047,0.09321602713589146
EMP06453,Reema Purohit,44,27,HR,70000,2000,4200,1485,1443,60872,14641,9733,0,2025,1954,28353,17200,2551,High,0.4657806544881062,0.28256012616638193,0.04190760940990932,0.0
EMP06454,Preeti Parth Bagri,56,23,Marketing,90000,4000,5400,2153,1311,77136,20848,13166,7292,6652,4798,52756,11290,2818,Medium,0.6839348682845883,0.1463648620618129,0.03653287699647376,0.09453432897739059
EMP06455,Ankit Lakhotia,51,34,Sales,85000,3500,5100,1226,1105,74069,17721,13490,6334,3213,5728,46486,404,1220,Low,0.6276039908733748,0.005454373624593284,0.016471128272286653,0.0855148577677571
EMP06456,Abhishek Deshmukh,29,7,HR,46257,646,2775,1159,1901,39776,0,6399,0,2221,1955,10575,14006,2341,High,0.2658638374899437,0.35212188254223653,0.05885458567980692,0.0
EMP06457,Vihaan Ahuja,49,22,IT,130763,9614,7846,2950,1916,108437,0,14516,0,2527,2819,19862,47456,8052,High,0.1831662624380977,0.43763660005348726,0.07425509742984406,0.0
EMP06458,Rajat Saini,51,36,Operations,95000,4500,5700,1494,1683,81623,0,12420,17387,3322,3192,36321,26395,3574,Medium,0.4449848694608137,0.3233769893289882,0.04378667777464685,0.21301593913480268
EMP06459,Vihaan Saxena,30,4,Sales,49651,816,2979,1099,1484,43273,10625,4332,0,3662,1616,20235,9913,2912,Medium,0.4676125990802579,0.22908048898851477,0.06729369352714164,0.0
EMP06460,Ashish Tarun Singh,35,9,Sales,58205,1244,3492,1026,1465,50978,16535,8542,0,8555,4911,38543,3088,1752,Low,0.7560712464200243,0.06057515006473381,0.03436776648750441,0.0
EMP06461,Ankit Khandelwal,25,2,Sales,49330,800,2960,1140,1100,43330,10647,5600,6214,4232,3041,29734,5814,1476,Low,0.6862220170782368,0.1341795522732518,0.034064158781444726,0.14341103161781676
EMP06462,Sai Trisha Naidu,37,10,Sales,62209,1444,3733,1780,1769,53483,0,8435,12025,2123,2583,25166,16270,2622,Medium,0.47054204139633155,0.3042088140156685,0.04902492380756502,0.22483779892676178
EMP06463,Sonia Bagri,57,30,Cyber Security,180000,20000,10800,2337,2144,144719,0,24924,47364,19513,12826,104627,5550,6042,Low,0.72296657660708,0.038350182076990584,0.041749873893545425,0.3272825268278526
EMP06464,Anurag Kohli,52,38,Data Science,170000,17500,10200,2390,1630,138280,32980,24530,6232,10055,6391,80188,20921,8924,Medium,0.5798958634654324,0.1512944749783049,0.0645357246167197,0.04506797801562048
EMP06465,Ananya Pradhan,49,15,IT,121805,8271,7308,2862,1196,102168,0,16954,25234,19244,6816,68248,5466,5277,Low,0.6679978075326912,0.053500117453605826,0.05165022316185107,0.24698535745047373
EMP06466,Rajat Dhruv Behera,43,28,Marketing,90000,4000,5400,1280,1912,77408,7207,12197,0,4413,4941,28758,20794,6462,High,0.371511988424969,0.26862856552294334,0.08347974369574204,0.0
EMP06467,Rajat Pawar,24,1,Customer Support,35000,83,2100,911,1853,30053,9477,3725,0,2386,2231,17819,999,25,Low,0.5929191761221841,0.033241273749708845,0.0008318637074501713,0.0
EMP06468,Divya George,59,32,IT,150000,13333,9000,3502,2127,122038,0,16280,35632,13057,7574,72543,20762,4358,Low,0.5944296038938691,0.17012733738671562,0.03571018862977105,0.2919746308526852
EMP06469,Aarav Shukla,46,16,Operations,78527,2853,4712,1390,2109,67463,18284,7311,0,10037,5157,40789,3007,3767,Low,0.6046128989223722,0.04457258052562145,0.05583801491187762,0.0
EMP06470,Siddharth Trivedi,39,11,Sales,62640,1465,3758,1453,2375,53589,6211,9437,1781,2622,4167,24218,2216,1147,Medium,0.45192110321148,0.04135176995278882,0.021403646270689882,0.03323443243949318
EMP06471,Monika Goel,32,12,IT,104145,5622,6249,3832,1513,86929,17360,11089,11570,4003,3096,47118,26764,3172,Medium,0.5420285520367196,0.3078834451103774,0.03648954894224022,0.1330971252401385
EMP06472,Megha Mukherjee,52,26,Marketing,87755,3776,5265,1882,1589,75243,7197,11357,0,2092,5677,26323,3007,543,Medium,0.3498398522121659,0.0399638504578499,0.007216618157170767,0.0
EMP06473,Deepak Reddy,47,27,Sales,85000,3500,5100,1899,1657,72844,0,12161,0,6948,5130,24239,7220,6417,Medium,0.33275218274669155,0.09911591895008512,0.0880923617593762,0.0
EMP06474,Aditya Reddy,49,15,Marketing,74950,2495,4497,2032,1892,64034,13788,8634,0,3747,3588,29757,10828,10590,High,0.4647062498047912,0.16909766686447825,0.165380891401443,0.0
EMP06475,Dhruv Shetty,54,38,IT,150000,13333,9000,2298,1790,123579,25540,18223,0,4984,2536,51283,41442,6881,Medium,0.41498150980344556,0.3353482387784332,0.05568098139651559,0.0
EMP06476,Diya Malhotra,49,20,HR,63766,1522,3826,1884,2194,54340,14961,9654,0,2732,3052,30399,1988,945,Medium,0.5594221567905778,0.03658446816341553,0.017390504232609495,0.0
EMP06477,Dhruv Kumawat,43,25,Sales,85000,3500,5100,1478,1155,73767,20123,11158,5444,7743,5628,50096,3255,2654,Medium,0.6791112557105481,0.044125421936638334,0.03597814741008852,0.07379993764149281
EMP06478,Mansi Chaudhary,34,12,HR,55010,1084,3301,730,1178,48717,0,6270,5743,5793,3368,21174,13462,2736,Medium,0.43463267442576514,0.27633064433360016,0.05616109366340292,0.11788492723279348
EMP06479,Aman Rawat,57,36,Operations,95000,4500,5700,1216,1776,81808,8678,10519,9121,2680,1711,32709,25890,3642,Medium,0.39982642284373165,0.31647271660473303,0.04451887345980833,0.11149276354390769
EMP06480,Mohit Seth,23,1,Data Science,92038,4204,5522,2069,1889,78354,3991,9042,0,7086,3501,23620,20055,8062,High,0.30145238277560815,0.25595374837276974,0.10289200296092095,0.0
EMP06481,Payal Vaishnavi Das,46,19,Sales,79824,2982,4789,1807,1894,68352,0,8749,14333,8725,4278,36085,5339,5133,Low,0.5279289559925093,0.07811036985018727,0.07509655898876405,0.2096939372659176
EMP06482,Rohan Lakhotia,27,2,Cyber Security,97027,4703,5822,1878,1475,83149,0,9922,5459,3372,2779,21532,19362,20139,High,0.25895681246918184,0.23285908429445934,0.24220375470540836,0.06565322493355302
EMP06483,Ankit Narang,23,3,Data Science,101093,5164,6066,2740,1802,85321,7683,8960,4364,6255,2707,29969,13268,24807,High,0.351249985349445,0.1555068505995007,0.2907490535741494,0.051148017486902404
EMP06484,Divya Bhatia,56,30,IT,150000,13333,9000,3888,1706,122073,0,21756,26933,8650,7145,64484,23274,5739,Medium,0.528241298239578,0.19065641050846624,0.04701285296502912,0.22063027860378626
EMP06485,Shubham Mukherjee,54,35,Finance,130000,9500,7800,3333,1626,107741,23915,17568,6258,4958,6847,59546,20531,5480,Medium,0.5526772537845388,0.19055884018154648,0.05086271707149553,0.05808373785281369
EMP06486,Pooja Jindal,28,6,Customer Support,41131,390,2468,1009,1743,35521,0,5798,0,1174,2103,9075,2217,256,Medium,0.25548267222206583,0.062413783395737735,0.007207004307311168,0.0
EMP06487,Palak Prateek Parmar,39,17,Sales,75729,2573,4544,1792,1844,64976,0,7408,0,2830,2288,12526,12494,17348,High,0.19277887219896578,0.19228638266436837,0.26699088894360995,0.0
EMP06488,Rohit Chauhan,24,0,Customer Support,35000,83,2100,734,1457,30626,8830,4246,0,1778,2484,17338,792,89,Low,0.566120289949716,0.02586038006922223,0.002906027558283811,0.0
EMP06489,Payal Pillai,47,20,HR,68144,1814,4089,1573,959,59709,10754,7115,0,1541,2591,22001,22380,3044,Medium,0.3684704148453332,0.37481786665326833,0.050980589190909247,0.0
EMP06490,Shruti Jindal,36,16,Operations,85376,3538,5123,2056,1610,73049,7857,9931,12875,2141,3861,36665,509,1309,Low,0.5019233665074129,0.006967925638954675,0.017919478706074004,0.17625155717395172
EMP06491,Shubham Sandhu,48,17,Operations,81772,3177,4906,1732,1604,70353,6303,9653,7687,2612,2809,29064,466,949,Medium,0.41311671144087675,0.006623740281153611,0.013489119156254887,0.10926328656915839
EMP06492,Deepak Arora,45,16,Customer Support,51987,933,3119,1113,1943,44879,10430,7211,5051,3347,2431,28470,6817,2189,Medium,0.6343724236279774,0.15189732391541702,0.04877559660420241,0.11254707101316874
EMP06493,Ankit Shetty,50,23,Product Management,205063,26519,12304,3514,1364,161362,0,25079,34884,18598,10752,89313,10343,7243,Low,0.5534946269877666,0.06409811479778386,0.04488665237168602,0.21618472750709586
EMP06494,Komal Vivaan Porwal,49,27,Sales,85000,3500,5100,1201,1271,73928,0,14329,0,4311,3211,21851,20216,6185,High,0.2955713667352018,0.2734552537604155,0.08366248241532302,0.0
EMP06495,Lakshay Bohra,36,9,Operations,68334,1833,4100,1309,1981,59111,0,7200,11669,3268,2997,25134,7942,14759,Medium,0.4252000473685101,0.13435739540863798,0.2496828001556394,0.19740826580501092
EMP06496,Mansi Singh,41,15,Finance,99343,4934,5961,1769,1622,85057,0,13336,22427,6446,3344,45553,19696,4120,Medium,0.5355585078241649,0.23156236406174682,0.048438106211129005,0.26367024465946365
EMP06497,Divya Rathore,31,8,IT,98446,4845,5907,2126,2050,83518,22950,14096,0,6301,3568,46915,17104,3554,Medium,0.5617351948083048,0.20479417610574965,0.04255370099858713,0.0
EMP06498,Nikhil Malhotra,28,3,Marketing,56080,1137,3365,971,1211,49396,11514,8026,3353,3155,2354,28402,9833,1776,Medium,0.5749858288120495,0.19906470159527087,0.03595432828569115,0.06787999028261398
EMP06499,Priya Reddy,24,2,Finance,76869,2687,4612,1469,1149,66952,0,8824,0,6523,3302,18649,19461,5077,Medium,0.27854283665909907,0.2906709284263353,0.07583044569243637,0.0
EMP06500,Harsh Kohli,28,7,Operations,62706,1469,3762,1656,2137,53682,14037,6154,0,4176,2343,26710,690,590,Medium,0.49755970343876904,0.012853470437017995,0.010990648634551618,0.0
EMP06501,Namrata Ghosh,34,12,HR,52252,946,3135,1195,1933,45043,0,6494,12739,2529,2206,23968,8794,1930,Medium,0.5321137579646116,0.19523566369913195,0.04284794529671647,0.28281863996625445
EMP06502,Palak Mehta,45,22,Finance,125207,8781,7512,3072,1687,104155,0,16671,22097,4994,5082,48844,25994,7292,Medium,0.46895492295137053,0.24957035187941048,0.0700110412366185,0.21215496135567183
EMP06503,Nisha Shukla,42,20,Product Management,185834,21458,11150,2874,1397,148955,48508,17149,10592,18987,12742,107978,7026,6711,Low,0.7249034943439294,0.047168607968849655,0.04505387533147595,0.07110872411130878
EMP06504,Krishna Thomas,29,2,Finance,71041,2104,4262,2121,1561,60993,0,8010,0,5769,3404,17183,17525,6363,High,0.28172085321266377,0.2873280540389881,0.10432344695292903,0.0
EMP06505,Manish Arora,23,2,IT,83579,3358,5015,2014,1997,71195,0,7389,12994,6399,3892,30674,17179,4320,Medium,0.4308448627010324,0.24129503476367722,0.06067841842826041,0.18251281691129995
EMP06506,Manish Seth,22,3,Finance,73072,2307,4384,1997,1752,62632,13182,7497,0,6147,2254,29080,8471,11273,Medium,0.4642993996679014,0.1352503512581428,0.1799878656277941,0.0
EMP06507,Jyoti Naidu,38,10,Sales,59318,1299,3559,1122,1741,51597,0,7744,0,1231,2660,11635,2796,1066,Medium,0.2254976064499874,0.054189197046339906,0.020660115898211137,0.0
EMP06508,Rakesh Narang,48,19,Sales,73333,2333,4400,1543,1029,64028,0,11737,20723,2466,5532,40458,2089,667,Low,0.6318798025863684,0.03262635097144999,0.010417317423627163,0.3236552758168301
EMP06509,Sai Mohanty,37,11,Operations,70256,2026,4215,1581,2035,60399,18470,10064,6501,8723,3663,47421,2658,1917,Low,0.7851288928624646,0.044007351115084685,0.03173893607510058,0.1076342323548403
EMP06510,Nisha Srivastava,43,26,Customer Support,60000,1333,3600,2077,2137,50853,9639,5153,0,3510,1931,20233,19341,2741,Medium,0.3978722985861208,0.3803315438617191,0.05390045818339134,0.0
EMP06511,Vidhi Pradhan,57,25,Sales,85000,3500,5100,2174,2420,71806,0,12354,21655,4932,4683,43624,12814,3095,Low,0.6075258334958081,0.17845305406233464,0.0431022477230315,0.3015764699328747
EMP06512,Aditi Kulkarni,22,0,Marketing,53165,992,3190,1173,1538,46272,0,4524,0,3337,905,8766,25170,2956,Medium,0.18944502074688796,0.543957468879668,0.06388312586445366,0.0
EMP06513,Rupal Iyer,49,24,Cyber Security,171742,17936,10305,3028,2169,138304,0,19830,45298,5006,4173,74307,33012,5457,Medium,0.5372729639055993,0.23869157797316057,0.03945655946321148,0.32752487274409997
EMP06514,Monika Rawat,53,36,HR,70000,2000,4200,1347,1351,61102,0,8697,19644,8539,6333,43213,2197,2265,Low,0.7072272593368466,0.035956269843867635,0.03706916303885307,0.32149520473961574
EMP06515,Sonia Rajput,38,13,Customer Support,48639,765,2918,1095,1886,41975,9461,6888,7268,1764,1884,27265,879,456,Low,0.6495533055390114,0.020941036331149493,0.010863609291244788,0.17315068493150684
EMP06516,Aditi Charu Narang,33,9,HR,53059,986,3184,1174,1192,46523,0,7403,9120,2279,2647,21449,9659,3347,Medium,0.4610407755303828,0.20761773746319026,0.07194290995851514,0.19603207015884616
EMP06517,Krishna Solanki,24,1,Sales,48806,774,2928,839,1251,43014,0,6012,2867,2683,3354,14916,1452,162,Medium,0.34677081880318034,0.03375645138792021,0.003766215650718371,0.06665271771981215
EMP06518,Rishabh Kulkarni,44,27,Cyber Security,180000,20000,10800,2877,1349,144974,0,17962,0,10032,7177,35171,69686,6729,High,0.2426021217597638,0.4806792942182736,0.04641521928069861,0.0
EMP06519,Sneha Srivastava,51,32,Finance,130000,9500,7800,2752,1411,108537,23498,14979,30194,4170,7289,80130,1238,1191,Low,0.7382735841233865,0.011406248560398758,0.010973216506813344,0.27819084736080785
EMP06520,Reema Nair,60,22,IT,130509,9576,7831,2216,1844,109042,27111,12541,0,11873,7452,58977,24579,3879,Medium,0.540864987802865,0.22540855817024633,0.03557344876286202,0.0
EMP06521,Diya Sharma,44,17,Sales,73420,2342,4405,1512,1443,63718,14351,8928,0,3826,2673,29778,13419,3851,Medium,0.46734046894127246,0.21059983050315453,0.060438180733858565,0.0
EMP06522,Nisha Lakhotia,51,30,Customer Support,60000,1333,3600,1772,1552,51743,0,8345,13573,3981,3262,29161,10754,1835,Low,0.5635738167481592,0.2078348762151402,0.035463734224919316,0.262315675550316
EMP06523,Ishita Shetty,25,2,Marketing,57631,1215,3458,700,1813,50445,10149,6007,0,4207,1821,22184,19265,1515,High,0.439766081871345,0.38190108038457726,0.030032708890871247,0.0
EMP06524,Rashmi Sharma,32,8,IT,102247,5337,6135,3966,2529,84280,17756,12992,10666,3909,4419,49742,16590,2942,Medium,0.5901993355481727,0.19684385382059802,0.034907451352634074,0.12655434266729948
EMP06525,Deepak Jindal,33,8,IT,98532,4853,5912,1602,1773,84392,21004,12884,0,6228,3697,43813,16747,4542,Medium,0.5191605839416058,0.19844298037728694,0.05382026732391696,0.0
EMP06526,Vivaan Yadav,40,11,Customer Support,47405,704,2844,745,1121,41991,11657,5532,0,2337,1537,21063,6282,8695,High,0.5016074873187112,0.14960348646138458,0.2070681812769403,0.0
EMP06527,Megha Nikita Nair,40,18,IT,118161,7724,7090,3947,1261,98139,26833,16534,0,5896,4276,53539,16099,5334,Medium,0.5455425467958711,0.16404283720029753,0.054351481062574515,0.0
EMP06528,Nisha Megha Mohanty,37,14,Sales,67763,1776,4066,1755,1182,58984,14339,9167,9715,1818,3339,38378,443,850,Low,0.6506510240065102,0.007510511325105113,0.014410687644106876,0.16470568289705684
EMP06529,Ayaan Srivastava,57,38,Data Science,170000,17500,10200,2848,2051,137401,34656,25359,4652,11374,7009,83050,19638,6165,Medium,0.6044351933392043,0.142924723983086,0.04486866907809987,0.03385710438788655
EMP06530,Dev Naidu,56,28,IT,150000,13333,9000,3352,2015,122300,0,19916,33535,19961,10113,83525,4318,3742,Low,0.6829517579721995,0.03530662305805397,0.030596892886345053,0.2742027800490597
EMP06531,Aakash Sabharwal,49,20,Finance,115499,7325,6930,3546,1584,96114,16924,11253,0,4316,2822,35315,40600,3199,Medium,0.36742826227188546,0.42241504879622116,0.03328339263790915,0.0
EMP06532,Sai Saxena,26,7,HR,48894,778,2934,757,1701,42724,2200,4178,0,2347,2921,11646,783,1347,Medium,0.2725868364385357,0.01832693568017976,0.031527946821458666,0.0
EMP06533,Vikram Pawar,60,38,IT,150000,13333,9000,2565,1719,123383,38369,18547,10838,21541,11872,101167,2996,1959,Low,0.8199427797994862,0.024282113419190652,0.015877389915952764,0.08784030214859422
EMP06534,Vihaan Sharma,44,26,Product Management,209838,27951,12590,2604,1720,164973,0,24232,31980,11926,8156,76294,42605,10432,Medium,0.4624635546422748,0.2582543810199245,0.06323458990259012,0.19384990271135277
EMP06535,Simran Mohanty,48,15,Marketing,73314,2331,4399,2116,1571,62897,0,6564,17585,5545,2558,32252,14912,2808,Medium,0.512774854126588,0.23708602954035962,0.044644418652717933,0.2795840819116969
EMP06536,Harsh Shukla,24,0,Sales,45000,583,2700,1038,1482,39197,9317,7517,0,3183,1716,21733,6164,2624,Medium,0.5544556981401638,0.15725693292854045,0.06694389876776284,0.0
EMP06537,Lokesh Mishra,56,28,Customer Support,60000,1333,3600,1615,1303,52149,9547,8049,0,1397,1761,20754,17457,2558,High,0.3979750330782949,0.33475234424437667,0.04905175554660684,0.0
EMP06538,Dev Sumit Gill,29,5,IT,90559,4056,5434,1926,1595,77548,22290,10819,0,7365,6589,47063,6896,4361,Medium,0.6068886367153247,0.08892556868004332,0.056236137617991434,0.0
EMP06539,Garima Tiwari,31,11,HR,50644,866,3039,715,1089,44935,0,4797,0,2889,2044,9730,20252,3190,High,0.21653499499276732,0.4506954489818627,0.07099143206854346,0.0
EMP06540,Rohit Suri,39,16,Cyber Security,148800,13093,8928,2231,1825,122723,28732,16806,0,6097,5529,57164,22693,21544,High,0.4657969573755531,0.18491236361562216,0.17554981543801895,0.0
EMP06541,Neha Malhotra,55,37,Sales,85000,3500,5100,1399,2213,72788,18229,12002,0,3614,2789,36634,15450,4938,Medium,0.5032972467989228,0.21226026268066164,0.06784085288783866,0.0
EMP06542,Akash Gupta,56,25,Marketing,90000,4000,5400,1730,1438,77432,20796,13309,0,3737,3449,41291,773,698,Medium,0.5332549850191135,0.009982952784378551,0.009014360987705342,0.0
EMP06543,Tanvi Gill,37,15,IT,120814,8122,7249,3176,951,101316,0,13553,0,3091,6819,23463,2185,685,Medium,0.23158237593272535,0.021566188953373602,0.006761024912156027,0.0
EMP06544,Kartik Shukla,57,38,Operations,95000,4500,5700,1805,1127,81868,17758,10627,8816,7056,3328,47585,14171,3177,Medium,0.5812405335417989,0.17309571505350077,0.0388063712317389,0.10768554258073973
EMP06545,Ishaan Nagpal,40,12,IT,106166,5925,6370,2389,851,90631,0,11751,11115,4280,5431,32577,16099,17316,Medium,0.35944654698723394,0.1776323774425969,0.1910604539285675,0.12264015623793183
EMP06546,Harsh Shetty,40,17,Data Science,140231,11380,8414,3177,1900,115360,7796,20374,16630,8316,5136,58252,25000,7980,Medium,0.5049583911234397,0.2167128987517337,0.0691747572815534,0.14415742024965325
EMP06547,Riya Deshmukh,48,20,IT,126160,8924,7570,2324,1548,105794,25723,14547,0,6363,3396,50029,11604,22092,Medium,0.4728907121386846,0.10968485925477815,0.2088209161200068,0.0
EMP06548,Ritika Trivedi,50,21,Operations,89520,3952,5371,1828,1448,76921,0,8419,22720,4233,2469,37841,22068,2856,Medium,0.49194628254962885,0.28689174607714407,0.037129002483067046,0.29536797493532324
EMP06549,Diya Bose,47,27,Finance,127660,9149,7660,3591,2104,105156,0,12601,21563,10346,6908,51418,21075,6897,Medium,0.48896877020807183,0.20041652402145385,0.06558826885769714,0.20505724827874777
EMP06550,Abhishek Jadhav,57,36,IT,150000,13333,9000,3313,1720,122634,30488,9839,0,9127,3732,53186,16814,26213,High,0.4336970171404341,0.13710716440791298,0.21374985729895463,0.0
EMP06551,Ananya D'Souza,33,10,IT,105000,5750,6300,3870,1129,87951,0,9571,10345,9020,3628,32564,25303,4831,Medium,0.3702516173778581,0.287694284317404,0.05492831235574354,0.11762231242396334
EMP06552,Sakshi Sandhu,31,9,Finance,90234,4023,5414,1818,931,78048,5049,7297,12767,3697,2315,31125,24777,4299,Medium,0.3987930504305043,0.31745848708487084,0.05508148831488315,0.1635788232882329
EMP06553,Krishna Sahu,43,24,Finance,127100,9065,7626,3861,2280,104268,19662,13652,16522,2531,3868,56235,31073,3149,Medium,0.5393313384739326,0.2980108950013427,0.03020102044730886,0.15845705297886217
EMP06554,Ankit Nair,55,22,HR,66061,1636,3964,1436,893,58132,0,9749,13591,3402,3028,29770,12011,2469,Medium,0.5121103695038877,0.206615977430675,0.04247230441065162,0.23379549989678663
EMP06555,Reema Rohit Khanna,43,20,Sales,78180,2818,4691,1260,1612,67799,17469,13063,10441,1724,5415,48112,61,920,Low,0.7096269856487559,0.0008997182849304562,0.01356952167436098,0.1539993215239163
EMP06556,Rohit Aisha Yadav,26,7,Customer Support,44064,537,2644,758,1690,38435,0,4957,3105,1682,907,10651,16728,1824,Medium,0.2771172108755041,0.4352283075321972,0.04745674515415637,0.08078574216209185
EMP06557,Nisha Srivastava,26,2,Customer Support,35000,83,2100,791,1544,30482,0,4421,8710,2271,1595,16997,187,1,Low,0.5576077685191261,0.006134768059838593,3.280624630929729e-05,0.2857424053539794
EMP06558,Hemant Saini,55,31,IT,150000,13333,9000,3551,1770,122346,31313,13237,20291,10956,7476,83273,14724,6030,Low,0.6806352475765453,0.12034721200529645,0.049286449904369575,0.16584931260523433
EMP06559,Sakshi Jindal,51,24,Operations,95000,4500,5700,1317,1677,81806,0,11929,25559,3432,5892,46812,1398,351,Low,0.5722318656333276,0.017089211060313424,0.0042906388284477915,0.3124342957729262
EMP06560,Parth Nair,26,6,Sales,56598,1163,3396,749,1340,49950,10313,3740,0,4529,1868,20450,7462,11079,Medium,0.4094094094094094,0.1493893893893894,0.2218018018018018,0.0
EMP06561,Sai Jadhav,50,19,Cyber Security,153358,14005,9201,3498,2080,124574,0,23391,31760,9297,6965,71413,24664,4482,Low,0.5732576621124793,0.19798673880585033,0.035978615120330085,0.25494886573442294
EMP06562,Rahul Shetty,30,4,Customer Support,41400,403,2484,846,1660,36007,7804,4230,3102,1921,2472,19529,930,254,Medium,0.5423667620184964,0.025828311161718555,0.007054183908684422,0.08614991529424834
EMP06563,Diya Chopra,30,5,Customer Support,39464,307,2368,961,1131,34697,0,4636,0,2994,1794,9424,12115,2355,Medium,0.2716084964117935,0.3491656339164769,0.06787330316742081,0.0
EMP06564,Nitin Bhatia,37,10,Marketing,66979,1698,4019,1627,1981,57654,17630,8897,14810,6560,3650,51547,826,561,Low,0.8940749991327575,0.01432684635931592,0.009730461026121344,0.2568772331494779
EMP06565,Palak Lodha,54,22,Sales,74085,2408,4445,1550,1896,63786,0,10798,14910,4897,4395,35000,11534,3251,Medium,0.5487097482206127,0.18082337817075847,0.05096729689900605,0.233750352741981
EMP06566,Amit Agarwal,28,2,Operations,53469,1007,3208,1059,928,47267,9509,7077,0,2100,2038,20724,15032,2871,High,0.4384454270421224,0.3180231451118116,0.060740051198510586,0.0
EMP06567,Ayaan Shivam Saxena,34,6,IT,90698,4070,5442,1344,2218,77624,16717,10687,5217,2935,1749,37305,23961,3642,Medium,0.48058590126764916,0.30868030506029065,0.0469184788209832,0.06720859527981037
EMP06568,Bhavna Sandhu,25,3,Sales,50391,853,3023,703,1446,44366,13705,4757,11716,6458,3976,40612,461,429,Low,0.9153856556822793,0.010390839832304016,0.009669566785376189,0.2640760943064509
EMP06569,Prateek Gill,53,31,Sales,85000,3500,5100,1607,926,73867,0,10201,15980,7573,5899,39653,7944,5011,Medium,0.5368161696021228,0.10754464104403862,0.0678381415246321,0.21633476383229316
EMP06570,Trisha Bajaj,48,21,Customer Support,54285,1048,3257,780,1976,47224,0,5633,0,3785,3561,12979,3311,131,Medium,0.27483906488226323,0.07011265458241572,0.0027740132136201932,0.0
EMP06571,Dhruv Verma,41,26,Operations,93408,4341,5604,1492,1638,80333,19061,11943,0,3873,1672,36549,22010,4005,High,0.45496869281615276,0.2739845393549351,0.0498549786513637,0.0
EMP06572,Amit Khanna,24,1,Sales,45789,623,2747,1026,1842,39551,0,5019,2471,3842,1659,12991,11725,2364,High,0.32846198579049835,0.2964526813481328,0.059770928674369804,0.062476296427397535
EMP06573,Vidhi Shetty,37,13,Sales,60263,1346,3616,1734,1306,52261,0,8012,0,3742,2253,14007,18376,4170,Medium,0.26802012973345324,0.35161975469279194,0.07979181416352538,0.0
EMP06574,Monika Mishra,31,11,Operations,68565,1856,4114,1324,1794,59477,19550,6534,3589,12147,3753,45573,3057,2015,Low,0.7662289624560754,0.05139801940245809,0.03387864216419793,0.060342653462683055
EMP06575,Trisha Malhotra,37,8,Customer Support,44094,538,2646,984,1780,38146,9633,5947,0,2779,2152,20511,7931,2086,Medium,0.5376972683898705,0.20791170764955696,0.05468463272689142,0.0
EMP06576,Rohit Bedi,22,2,Marketing,57435,1205,3446,808,1641,50335,0,4559,0,3030,1220,8809,27521,3214,High,0.1750074500844343,0.5467567299096057,0.06385219032482368,0.0
EMP06577,Deepak Daga,53,29,Operations,95000,4500,5700,1659,1567,81574,0,11314,0,10607,7268,29189,5567,5553,Medium,0.3578223453551377,0.06824478387721578,0.06807316056586657,0.0
EMP06578,Sakshi Saxena,43,26,IT,138807,11095,8328,3160,1560,114664,0,17456,39368,6625,5785,69234,16292,6964,Low,0.6037989255564082,0.14208469964417778,0.060733970557454824,0.3433335658968813
EMP06579,Bhavna Maheshwari,58,30,Cyber Security,180000,20000,10800,3392,1615,144193,0,22940,39499,8248,9816,80503,23985,9287,Low,0.558300333580687,0.16633955878579404,0.0644067326430548,0.2739314668534534
EMP06580,Tarun Seth,48,26,Marketing,90000,4000,5400,1576,2284,76740,25133,9261,0,10407,4955,49756,6286,2952,Medium,0.6483711232733906,0.08191295282772999,0.03846755277560594,0.0
EMP06581,Swati Ghosh,47,23,IT,143741,12082,8624,3418,2107,117510,35506,22470,12719,14826,9192,94713,2462,3660,Low,0.805999489405157,0.020951408390775254,0.031146285422517232,0.10823759680027231
EMP06582,Yash Akash Das,52,35,HR,70000,2000,4200,1629,1596,60575,0,9359,14257,2311,3981,29908,1154,456,Low,0.4937350392075939,0.019050763516302104,0.00752785802723896,0.23536112257531985
EMP06583,Anjali Iyer,47,17,Sales,77863,2786,4672,1630,1430,67345,16466,10798,5516,2080,2649,37509,18844,2337,Medium,0.5569678521048333,0.2798129037048036,0.034701908085232755,0.08190660034152498
EMP06584,Saloni Bagri,35,10,IT,110748,6612,6645,3670,1881,91940,0,13956,3537,6147,5077,28717,25753,9083,High,0.3123450076136611,0.2801065912551664,0.09879269088536002,0.03847074178812269
EMP06585,Vidhi George,38,8,HR,50667,867,3040,1181,1452,44127,13672,7691,2622,4900,2771,31656,2118,1342,Low,0.7173839146101026,0.04799782446121422,0.030412219276180118,0.059419403086545655
EMP06586,Aditya Tayal,41,26,Marketing,90000,4000,5400,1734,1249,77617,0,9954,0,12894,5864,28712,11531,6721,Medium,0.3699189610523468,0.14856281484726283,0.08659185487715321,0.0
EMP06587,Aarav Rajput,49,22,Finance,115802,7370,6948,3676,2019,95789,0,12516,22352,2426,2305,39599,32347,5130,Medium,0.41339819812295775,0.3376901314347159,0.05355520988840055,0.23334620885487894
EMP06588,Rohan Jindal,22,0,Marketing,50000,833,3000,1186,1403,43578,9252,4614,2534,3560,2596,22556,9597,2586,Medium,0.5176006241681582,0.22022580201018863,0.059341869750791684,0.05814860709532333
EMP06589,Sanya Bose,38,15,Sales,70387,2039,4223,2158,2166,59801,0,9801,20862,2961,2718,36342,10342,2390,Low,0.6077155900403003,0.17294025183525358,0.039965886858079294,0.3488570425243725
EMP06590,Ravi Mittal,50,21,HR,59860,1326,3592,833,1306,52803,17695,8817,0,5821,3979,36312,3003,2568,Low,0.6876881995341174,0.05687176864950855,0.048633600363615706,0.0
EMP06591,Kunal Pawar,42,22,Sales,79500,2950,4770,1447,1327,69006,0,10448,14983,8696,4662,38789,3522,4479,Low,0.562110541112367,0.051039040083471,0.06490739935657769,0.2171260470104049
EMP06592,Megha Dubey,57,28,Finance,127998,9200,7680,3949,1088,106081,0,15833,35073,7721,7649,66276,19187,4059,Low,0.624767866064611,0.18087122104806705,0.03826321395914443,0.33062471130551185
EMP06593,Aisha Rajput,31,6,Data Science,109353,6403,6561,3963,1823,90603,21849,10829,8320,8551,4281,53830,16649,3212,Medium,0.5941304371819918,0.18375771221703477,0.03545136474509674,0.09182918887895544
EMP06594,Gaurav Menon,38,17,Sales,74538,2454,4472,1433,2001,64178,3365,10324,0,1724,3486,18899,709,281,Medium,0.2944778584561688,0.011047399420362118,0.00437844744304902,0.0
EMP06595,Ishaan Siddharth Jadhav,55,32,Product Management,220000,31000,13200,3757,1588,170455,0,20686,54648,15019,9098,99451,17911,26414,Medium,0.5834443108151711,0.10507758645976945,0.15496172010207973,0.32060074506467984
EMP06596,Sanya Bedi,32,8,Finance,82973,3297,4978,1571,1116,72011,4916,11047,0,4166,2929,23058,24324,4460,High,0.3202010803904959,0.3377817277915874,0.06193498215550402,0.0
EMP06597,Preeti Saloni Suri,30,4,Customer Support,40396,353,2424,1174,1672,34773,7452,5577,2976,1616,1645,19266,7186,1861,Medium,0.5540505564662238,0.20665458833002617,0.053518534495154285,0.08558364248123544
EMP06598,Atharv Mishra,44,25,Marketing,88681,3868,5321,1396,1737,76359,18923,12421,3838,4887,3155,43224,14785,4362,Medium,0.5660629395356147,0.19362485103262222,0.05712489686873846,0.050262575465891385
EMP06599,Saloni Narang,49,17,Sales,74694,2469,4482,1787,1343,64613,0,10573,0,1409,3270,15252,1172,1540,Medium,0.23605156856979245,0.018138764644885706,0.023834212929286676,0.0
EMP06600,Aditya Nair,40,15,Cyber Security,149997,13333,9000,2579,1911,123174,25396,14140,0,10803,3982,54321,15677,29791,Medium,0.4410102781431146,0.12727523665708673,0.24186110705181288,0.0
EMP06601,Abhishek Roy,27,3,Data Science,99077,4908,5945,1244,1576,85404,22056,10355,11329,7829,4850,56419,7613,9126,Medium,0.6606130860381246,0.08914102383963281,0.10685682169453421,0.13265186642311835
EMP06602,Simran Jindal,32,9,Operations,70337,2034,4220,1768,1084,61231,0,7068,20704,2071,1681,31524,16740,2972,Medium,0.5148372556384838,0.2733909294311705,0.0485375055119139,0.33812937890937594
EMP06603,Trisha Das,50,15,Product Management,181150,20288,10869,3312,1298,145383,49119,21730,24429,24248,11351,130877,2286,1341,Low,0.9002221717807447,0.015723984234745466,0.009223912011720766,0.1680320257526671
EMP06604,Sumit Parmar,35,9,IT,104994,5749,6300,2281,1152,89512,28677,13452,12946,12754,7440,75269,3051,1186,Low,0.8408816694968272,0.03408481544373939,0.013249620162659756,0.14462865314147824
EMP06605,Shubham Tiwari,25,2,IT,84877,3488,5093,2077,1753,72466,0,11688,0,4420,2882,18990,11359,20040,High,0.26205392873899486,0.15674937211933873,0.27654348246074023,0.0
EMP06606,Siddharth Garima Sabharwal,34,8,Customer Support,46811,674,2809,1141,1316,40871,9314,5685,0,2592,1681,19272,9669,2139,Medium,0.4715323823738103,0.236573609649874,0.05233539673607203,0.0
EMP06607,Kavya Nair,29,7,Sales,57312,1199,3439,840,908,50926,0,6935,0,2962,2566,12463,17739,4999,High,0.24472764403251776,0.3483289478851667,0.09816203903703413,0.0
EMP06608,Sanya Simran Deshmukh,56,27,Sales,85000,3500,5100,1225,1112,74063,0,11898,17574,11290,5380,46142,3732,4641,Low,0.6230101400159324,0.050389533235218664,0.06266286809878077,0.23728447402886732
EMP06609,Ankit Joshi,23,3,Finance,79981,2998,4799,1871,2059,68254,0,11842,0,9548,6453,27843,9688,5568,Medium,0.4079321358455182,0.1419403990974888,0.08157763647551791,0.0
EMP06610,Prachi Malhotra,53,36,IT,150000,13333,9000,2484,1290,123893,0,21123,27839,7063,7566,63591,30130,6032,Medium,0.513273550563793,0.24319372361634636,0.0486871736094856,0.22470196056274366
EMP06611,Karan Srivastava,59,36,Operations,95000,4500,5700,1432,2099,81269,23851,8325,0,11863,4622,48661,7421,4435,Medium,0.5987645965866444,0.09131403118040089,0.05457185396645708,0.0
EMP06612,Ravi Patel,42,16,IT,120497,8075,7230,2449,1582,101161,19771,12466,4284,3883,3809,44213,38619,3400,High,0.4370557823667224,0.3817577920344797,0.03360979033421971,0.042348335821116835
EMP06613,Sai Fernandes,53,29,Finance,130000,9500,7800,3612,1286,107802,0,17948,22517,6974,7557,54996,24207,7074,Medium,0.5101575109923749,0.22455056492458397,0.06562030389046586,0.20887367581306468
EMP06614,Aman George,45,17,Marketing,82122,3212,4927,1900,1878,70205,0,11378,15857,4406,3428,35069,16552,2863,Medium,0.49952282600954345,0.23576668328466632,0.040780571184388575,0.22586710348265793
EMP06615,Payal Seth,32,11,Product Management,164452,16224,9867,3292,1150,133919,0,15769,0,12944,7282,35995,39623,13583,High,0.268781875611377,0.29587287838170834,0.10142698198164563,0.0
EMP06616,Rahul Pradhan,42,17,Finance,109775,6466,6586,3838,1668,91217,0,11638,20988,3643,3279,39548,18038,18225,Medium,0.4335595338588202,0.1977482267559775,0.19979828321475163,0.2300886896082967
EMP06617,Avantika Rawat,47,20,Sales,77492,2749,4650,1584,1703,66806,0,8604,16580,5615,3632,34431,11859,3565,Medium,0.5153878394156214,0.17751399574888482,0.05336347034697482,0.24818130108074124
EMP06618,Ayaan Arora,44,17,Sales,71317,2132,4279,2101,1784,61021,18557,7895,4825,9280,5247,45804,1890,1344,Low,0.7506268333852281,0.030972943740679437,0.02202520443781649,0.07907113944379804
EMP06619,Sai Bhatia,43,19,Data Science,142401,11814,8544,3024,1667,117352,7538,13917,5765,5637,3882,36739,25751,22337,High,0.3130666712113982,0.2194338400708978,0.1903418774285909,0.0491257072738428
EMP06620,Ishaan Ashish Pillai,60,29,Operations,95000,4500,5700,1990,1037,81773,0,15408,0,2793,4352,22553,2263,2094,Medium,0.2758000807112372,0.02767417118119673,0.025607474349724237,0.0
EMP06621,Prateek D'Souza,51,28,Operations,95000,4500,5700,1428,2215,81157,0,12766,19789,5311,4085,41951,18810,3454,Medium,0.5169116650442969,0.23177298323003562,0.04255948347031063,0.24383602153849945
EMP06622,Aditi Bajaj,26,3,Data Science,97584,4758,5855,1507,1556,83908,21519,9070,12046,9507,5755,57897,9786,3710,Low,0.6900057205510798,0.11662773513848501,0.04421509272059875,0.14356199647232684
EMP06623,Megha Rawat,25,0,Operations,51287,898,3077,777,2044,44491,0,4534,988,2988,1618,10128,21028,3149,High,0.22764154548110854,0.47263491492661436,0.07077835966824751,0.02220673844148255
EMP06624,Dhruv Kapoor,40,17,Finance,113782,7067,6827,3521,956,95411,20170,12553,0,2795,2483,38001,34376,3544,High,0.3982874092085818,0.36029388644915156,0.03714456404397816,0.0
EMP06625,Nisha Sahu,34,10,Sales,59932,1330,3596,762,1677,52567,0,8583,12951,2428,2610,26572,421,838,Low,0.5054882340631955,0.00800882683052105,0.01594156029448133,0.24637129758213328
EMP06626,Shubham Daga,59,30,Customer Support,60000,1333,3600,1234,1628,52205,12172,7416,0,2509,2024,24121,12692,2560,Medium,0.4620438655301216,0.24311847524183508,0.04903744852025668,0.0
EMP06627,Karan Komal Bose,22,1,IT,85567,3557,5134,1489,2045,73342,21361,12167,0,12668,5495,51691,2988,2589,Low,0.7047939788934036,0.04074063974257588,0.03530037359221183,0.0
EMP06628,Priya Sabharwal,51,27,Customer Support,60000,1333,3600,1444,1011,52612,0,7728,14738,1991,2275,26732,16404,1737,Medium,0.5080970120884969,0.3117919866190223,0.03301528168478674,0.28012620694898505
EMP06629,Sakshi Saxena,57,38,Marketing,90000,4000,5400,1992,1209,77399,0,11018,26543,9686,4595,51842,3610,2817,Low,0.6698019354255222,0.046641429475833024,0.036395819067429815,0.34293724725125646
EMP06630,Ayaan Mehta,55,32,Operations,95000,4500,5700,1915,1972,80913,0,13813,20462,2746,4032,41053,1908,41,Low,0.50737211572924,0.023580883170813097,0.0005067170911967174,0.2528889053674935
EMP06631,Vihaan Roy,50,16,HR,61740,1420,3704,1250,2196,53170,11139,4515,0,3013,1580,20247,17496,2873,Medium,0.3807974421666353,0.32905773932668797,0.05403422982885086,0.0
EMP06632,Dhruv Shubham Joshi,25,1,Operations,50000,833,3000,1032,1476,43659,0,4680,4334,3712,2367,15093,10952,2686,Medium,0.34570191713048853,0.2508532032341556,0.061522251998442475,0.09926933736457547
EMP06633,Lokesh Mohanty,56,35,Product Management,220000,31000,13200,2215,1829,171756,0,20343,0,17545,7617,45505,31809,39256,High,0.2649397983185449,0.1851987703486341,0.22855678986469177,0.0
EMP06634,Simran Agarwal,45,18,HR,59313,1299,3559,728,2218,51509,10161,7836,1559,1404,1357,22317,19763,2228,Medium,0.4332640897707197,0.3836805218505504,0.04325457687006154,0.030266555359257607
EMP06635,Ritika Pandey,28,4,Product Management,141869,11707,8512,2512,2104,117034,0,17752,40913,15626,6949,81240,4437,3791,Low,0.6941572534477161,0.03791205974332245,0.03239229625578892,0.34958217270194986
EMP06636,Rahul Nagpal,41,27,Marketing,90000,4000,5400,1286,1889,77425,17829,11983,6584,5154,3706,45256,11780,3494,Medium,0.5845140458508233,0.1521472392638037,0.04512754278333871,0.0850371327090733
EMP06637,Vihaan Bohra,58,31,IT,150000,13333,9000,2996,842,123829,0,20737,31329,19966,9065,81097,5253,4744,Low,0.6549112081984027,0.042421403709954855,0.03831089647820785,0.25300212389666393
EMP06638,Atharv Bose,55,28,Customer Support,60000,1333,3600,1670,1878,51519,0,5860,14557,2591,2318,25326,389,462,Low,0.49158562860303967,0.00755061239542693,0.008967565364234554,0.28255595023195323
EMP06639,Harsh Kohli,26,2,IT,84461,3446,5068,1540,1326,73081,6752,7819,0,6522,3400,24493,17536,7335,Medium,0.33514867065311094,0.23995292894185904,0.10036808472790465,0.0
EMP06640,Saurabh Ahuja,25,0,Sales,45000,583,2700,860,1300,39557,0,4493,0,7009,2683,14185,4470,2443,Medium,0.3585964557474025,0.11300149151856814,0.06175898071137852,0.0
EMP06641,Avantika Ahuja,43,19,Finance,112188,6828,6731,3895,1832,92902,0,9335,29939,9556,4419,53249,8436,14071,Medium,0.5731738821553896,0.09080536479300769,0.15146067899507007,0.32226432154313145
EMP06642,Avantika Daga,30,6,Sales,56391,1153,3383,950,1723,49182,0,7894,17128,1944,2779,29745,1489,841,Low,0.6047944369891424,0.03027530397299825,0.017099751941767313,0.3482574925785857
EMP06643,Rohan Mukherjee,60,26,IT,145137,12361,8708,3268,1191,119609,0,16528,28344,4827,3319,53018,21217,20476,Medium,0.44326095862351494,0.17738631708316263,0.1711911311021746,0.23697213420394786
EMP06644,Sonali Somani,53,35,IT,150000,13333,9000,3804,1726,122137,0,12086,24881,20606,7260,64833,12861,6633,Medium,0.5308219458476956,0.10529978630554214,0.05430786739481074,0.20371386230216887
EMP06645,Harsh Rajput,56,36,Cyber Security,180000,20000,10800,2323,2114,144763,40782,23327,0,10718,9161,83988,28518,6709,Medium,0.5801758736693768,0.19699785166099074,0.0463447151551156,0.0
EMP06646,Rohan Mohanty,37,18,IT,123932,8590,7436,2610,1547,103749,0,12457,35944,5495,5541,59437,15431,12978,Medium,0.5728922688411454,0.14873396370085495,0.12509036231674522,0.34645153206295964
EMP06647,Akash More,41,18,HR,62956,1481,3777,1343,1824,54531,0,7639,17635,1526,3250,30050,1685,239,Low,0.5510626982817113,0.03089985512827566,0.004382828116117438,0.3233940327520126
EMP06648,Ananya Porwal,33,6,HR,49683,817,2981,1084,948,43853,9308,7465,0,1159,2273,20205,947,760,Medium,0.46074384876747315,0.02159487378286548,0.01733062732310218,0.0
EMP06649,Mansi Roy,52,33,Sales,85000,3500,5100,1425,2220,72755,0,8651,17259,4359,1723,31992,21879,4045,Medium,0.4397223558518315,0.30072159989004194,0.055597553432753764,0.23722080956635283
EMP06650,Rashmi Trivedi,48,15,Data Science,131353,9703,7881,3893,1360,108516,0,15105,30635,18106,10296,74142,7237,5302,Low,0.6832356518854362,0.06669062626709425,0.04885915441040953,0.2823085996535073
EMP06651,Preeti Singh,29,5,Marketing,58384,1253,3503,1051,2021,50556,14367,8475,3761,3403,2884,32890,7306,2185,Medium,0.6505657093124456,0.14451301527019542,0.043219400269008626,0.07439275259118601
EMP06652,Palak Singh,55,31,Sales,85000,3500,5100,1503,1160,73737,19117,12354,4205,1742,3337,40755,1762,1494,Low,0.5527075959152121,0.023895737553738285,0.020261198584157206,0.05702700136973297
EMP06653,Lokesh Agarwal,36,16,HR,58666,1267,3520,1061,2155,50663,0,7009,9123,5217,3103,24452,9487,3842,Medium,0.4826401910664588,0.18725697254406568,0.07583443538677141,0.18007224207014982
EMP06654,Prateek Porwal,30,3,Sales,49152,791,2949,900,2036,42476,3642,5863,6347,4928,2478,23258,6963,2219,Medium,0.5475562670684622,0.16392786514737734,0.0522412656558998,0.14942555796214332
EMP06655,Bhavna Goel,43,16,IT,116269,7440,6976,3214,1454,97185,0,15361,0,4726,4118,24205,27268,8404,High,0.24906106909502496,0.2805782785409271,0.08647425014148274,0.0
EMP06656,Kavya Khandelwal,58,35,Operations,95000,4500,5700,1790,2139,80871,0,11137,0,2867,2208,16212,34105,5415,Medium,0.2004674110620618,0.4217210124766604,0.06695848944615498,0.0
EMP06657,Mohit Lakhotia,37,9,IT,96834,4683,5810,2158,1763,82420,18105,12590,4763,5693,4429,45580,16852,3575,Medium,0.5530211113807328,0.20446493569521962,0.04337539432176656,0.05778937151176899
EMP06658,Vivaan Saxena,55,29,Sales,85000,3500,5100,1978,1859,72563,22769,12765,0,11568,5416,52518,4742,3041,Low,0.7237572867714951,0.06535010955996857,0.04190841062249356,0.0
EMP06659,Prachi Bohra,34,9,Cyber Security,125896,8884,7554,3856,1748,103854,26093,17101,0,7323,6316,56833,22079,3795,Medium,0.547239393764323,0.21259652974367862,0.03654168351724536,0.0
EMP06660,Pankaj Goel,51,36,Customer Support,60000,1333,3600,1483,1632,51952,12018,8584,0,3819,3254,27675,10571,2395,Medium,0.5327032645518941,0.20347628580227903,0.04610024638127502,0.0
EMP06661,Prateek Mittal,34,5,Sales,56216,1144,3373,970,1106,49623,0,6027,0,8879,4786,19692,5485,2656,Medium,0.39683211414062025,0.11053342200189428,0.05352356770046148,0.0
EMP06662,Preeti Bagri,39,15,Data Science,130512,9577,7831,3336,1506,108262,0,15746,0,6884,7476,30106,30674,8589,High,0.27808464650569914,0.28333117806802016,0.07933531617742144,0.0
EMP06663,Komal Kulkarni,60,26,Operations,95000,4500,5700,2158,1872,80770,0,13143,15273,6345,5641,40402,16937,4146,Medium,0.5002104741859601,0.2096941933886344,0.05133093970533614,0.18909248483347776
EMP06664,Nikita Porwal,32,8,IT,95933,4593,5756,1685,1423,82476,18116,12860,0,1995,2066,35037,32755,3420,Medium,0.424814491488433,0.39714583636451817,0.04146660846791794,0.0
EMP06665,Ishita Fernandes,50,27,Cyber Security,180000,20000,10800,3560,1641,143999,0,20730,43545,18423,10717,93415,5388,6231,Low,0.6487197827762693,0.03741692650643407,0.043271133827318245,0.3023979333189814
EMP06666,Priya Thomas,51,37,Operations,95000,4500,5700,2064,875,81861,4630,13756,0,3338,5006,26730,1276,842,Medium,0.3265291164290688,0.015587398150523448,0.010285728246662025,0.0
EMP06667,Rakesh Harsh Gupta,28,3,IT,89721,3972,5383,1231,2351,76784,3912,9801,0,7006,3378,24097,23600,7051,High,0.31382840175036464,0.30735569910398,0.09182902688060013,0.0
EMP06668,Amit Rohan Goel,33,12,Marketing,66746,1675,4005,1972,2115,56979,11255,7228,0,4355,2579,25417,19254,1977,Medium,0.4460766247213886,0.337913968304112,0.03469699362923182,0.0
EMP06669,Aditi Kapoor,60,22,Sales,75176,2518,4511,1285,1221,65641,0,11353,0,4863,3128,19344,20366,6302,High,0.29469386511479106,0.3102634024466416,0.09600706875276123,0.0
EMP06670,Avantika Mathew,48,24,Sales,85000,3500,5100,1434,1670,73296,0,8958,0,7127,3276,19361,26326,4346,High,0.26414811176598996,0.35917376118751365,0.059293822309539404,0.0
EMP06671,Akash Malhotra,44,24,Data Science,160527,15439,9632,2669,2072,130715,0,20026,34139,9187,7554,70906,28550,7660,Medium,0.5424473090310982,0.21841410702673755,0.058600772673373366,0.2611712504303255
EMP06672,Shruti Bagri,28,3,Finance,74811,2481,4489,2003,1200,64638,0,7766,20518,4079,3095,35458,10099,10982,Medium,0.5485627649370339,0.15623936384170303,0.16990005878894768,0.3174293759089081
EMP06673,Pallavi Pillai,40,12,Marketing,69605,1960,4176,2008,1159,60302,15558,11402,9032,4427,2966,43385,7235,2042,Low,0.719462041059998,0.11997943683459919,0.03386289011973069,0.14977944346787836
EMP06674,Dhruv Tayal,23,2,Sales,48603,763,2916,1164,1302,42458,11027,4407,2360,4553,2807,25154,8575,1342,Medium,0.5924442978943898,0.20196429412595976,0.031607706439304724,0.05558434217344199
EMP06675,Deepak Kohli,32,7,Customer Support,43596,513,2616,1169,1518,37780,0,3723,6409,3179,1651,14962,10770,2524,Medium,0.39602964531498147,0.28507146638433034,0.06680783483324511,0.16964002117522498
EMP06676,Kunal Nagpal,52,37,Sales,85000,3500,5100,1988,1434,72978,0,10741,19601,2520,3117,35979,2838,1392,Low,0.4930115925347365,0.03888843213023103,0.019074241552248624,0.2685877935816273
EMP06677,Aarav Nandini Swain,49,27,Finance,130000,9500,7800,3296,1372,108032,21332,12232,13605,3259,4631,55059,30667,4310,Medium,0.5096545468009479,0.2838695941943128,0.039895586492890996,0.12593490817535544
EMP06678,Vaishnavi Wadhwa,37,11,Data Science,122939,8441,7376,2213,1546,103363,26065,15421,0,6709,6257,54452,19689,6066,Medium,0.5268035950968916,0.19048402232907327,0.05868637713688651,0.0
EMP06679,Neha Mathew,53,30,Marketing,90000,4000,5400,1562,1521,77517,20926,12033,6834,10652,6091,56536,2830,2165,Low,0.7293367906394727,0.03650812079930854,0.02792935743127314,0.08816130655211114
EMP06680,Garima Mundra,48,23,Operations,85732,3573,5144,1872,2056,73087,0,9975,0,3092,3131,16198,39542,3322,High,0.22162628100756632,0.5410264479319168,0.04545267968311738,0.0
EMP06681,Swati Reddy,22,1,Marketing,52869,977,3172,965,1688,46067,10684,5201,2450,2362,2170,22867,13429,2149,High,0.4963856990904552,0.29151019167733955,0.04664944537304361,0.05318340677708555
EMP06682,Nandini Suri,25,0,Operations,54602,1063,3276,1182,2121,46960,11423,6773,7999,4314,2152,32661,5671,1947,Medium,0.6955068143100511,0.12076235093696763,0.04146081771720613,0.1703364565587734
EMP06683,Payal Fernandes,28,3,Operations,51867,927,3112,703,1657,45468,0,6430,11469,7789,4276,29964,2139,2156,Low,0.659012932172077,0.04704407495381367,0.04741796428257236,0.2522433359725521
EMP06684,Pankaj Payal Jindal,54,33,Marketing,90000,4000,5400,1706,1156,77738,0,9844,0,7811,4192,21847,22228,8281,High,0.2810337286783812,0.2859348066582624,0.10652447966245594,0.0
EMP06685,Nikhil Trivedi,54,23,Marketing,89975,3998,5398,2142,1722,76715,0,7596,21866,4066,1827,35355,24286,2672,Medium,0.46086163071107344,0.3165743335723131,0.03483021573355928,0.285029003454344
EMP06686,Palak Krishna Sahu,35,9,IT,105259,5789,6316,3334,1972,87848,0,13283,19253,5176,6058,43770,16453,5195,Medium,0.4982469720426191,0.1872894089791458,0.05913623531554503,0.21916264456789
EMP06687,Manish Lodha,58,37,IT,150000,13333,9000,3019,1551,123097,35828,21308,0,9347,5603,72086,18391,6184,Medium,0.5856032234741708,0.14940250371658123,0.05023680512116461,0.0
EMP06688,Rupal Trisha Swain,51,25,Sales,80213,3021,4813,1832,1089,69458,0,13077,13399,7946,5376,39798,4290,3949,Low,0.5729793544300152,0.06176394367819402,0.05685450200120937,0.19290794436925912
EMP06689,Bhavna Sharma,37,10,IT,102234,5335,6134,3872,893,86000,19059,10897,4499,5020,3851,43326,11749,13893,High,0.5037906976744186,0.13661627906976745,0.16154651162790698,0.052313953488372096
EMP06690,Mohit Kavya Lakhotia,49,15,Data Science,136182,10570,8171,3479,1259,112703,28653,15890,19875,7251,4815,76484,14475,4875,Medium,0.6786332218308297,0.12843491300142854,0.04325528158079199,0.1763484556755366
EMP06691,Divya Maheshwari,35,8,Marketing,64897,1578,3894,2069,1939,55417,12492,7417,2847,1599,2604,26959,19671,1939,Medium,0.4864752693216883,0.35496327841637043,0.034989263222476856,0.05137412707291986
EMP06692,Sonia Hemant Shinde,45,21,Product Management,192257,23064,11535,3356,1141,153161,38487,27222,4839,12070,10600,93218,27762,4922,Medium,0.6086275226722208,0.1812602424899289,0.03213611820241445,0.03159420479103688
EMP06693,Kunal Thomas,42,22,Finance,111412,6712,6685,3572,1270,93173,0,12345,27119,2870,1864,44198,31147,3658,Medium,0.4743648911165252,0.3342921232545909,0.03926030073089844,0.2910607150140062
EMP06694,Sumit Harsh Roy,45,19,Operations,81630,3163,4898,1329,1415,70825,23916,7750,0,14781,7195,53642,1819,2477,Low,0.7573879279915284,0.025683021531944936,0.034973526297211434,0.0
EMP06695,Shubham Bajaj,55,35,Cyber Security,180000,20000,10800,3860,2103,143237,33921,23981,12718,9058,4817,84495,20098,21635,Medium,0.5898964652987706,0.14031290797768733,0.15104337566410914,0.08878990763559695
EMP06696,Ishita George,22,0,Sales,46199,643,2772,999,1194,40591,0,5002,0,2893,1899,9794,17616,3222,High,0.24128501391934173,0.4339878298144909,0.07937720184277303,0.0
EMP06697,Anjali Sanya Saxena,37,13,Finance,98756,4876,5925,2132,1566,84257,0,10490,0,1758,2292,14540,35224,6924,High,0.17256726444093665,0.4180542862907533,0.08217714848617919,0.0
EMP06698,Nikita Chatterjee,23,1,Sales,48712,769,2923,1135,1469,42416,14403,5404,0,7786,3306,30899,1698,1849,Low,0.7284751037344398,0.04003206337231233,0.04359204073934365,0.0
EMP06699,Trisha Parmar,52,24,Customer Support,53904,1029,3234,890,2148,46603,0,8090,13805,6965,3674,32534,2458,1255,Low,0.6981095637619896,0.05274338561895157,0.026929596807072506,0.29622556487779755
EMP06700,Namrata Trivedi,47,22,Sales,78597,2860,4716,1466,1592,67963,0,9442,18823,4437,3316,36018,11437,4644,Medium,0.5299648338066301,0.16828274208024954,0.06833129791209923,0.2769595220929035
EMP06701,Vikram Tiwari,46,17,Sales,70817,2082,4249,2029,1460,60997,4286,9587,0,6991,4268,25132,3660,3428,Medium,0.41202026329163727,0.06000295096480155,0.05619948522058462,0.0
EMP06702,Kartik George,43,15,Sales,71774,2177,4306,1335,1362,62594,11730,9213,2352,2510,2476,28281,17605,3082,Medium,0.45181646803207975,0.28125698948781036,0.04923794612902195,0.0375754864683516
EMP06703,Ravi Chaudhary,41,21,Sales,78369,2837,4702,1585,1662,67583,0,9984,19262,10211,4420,43877,4295,2234,Low,0.6492313155675243,0.06355148484086234,0.03305565008951955,0.28501250314428184
EMP06704,Tushar Singh,27,7,Marketing,64956,1581,3897,1471,1776,56231,0,7954,0,5632,3843,17429,13741,3906,Medium,0.30995358432181536,0.24436698618199926,0.06946346321424125,0.0
EMP06705,Avantika Mathew,37,11,Sales,58538,1260,3512,1182,2047,50537,0,9205,12569,7871,3390,33035,3797,1418,Low,0.6536794823594594,0.07513307081939964,0.02805865009794804,0.24870886677088075
EMP06706,Rupal Verma,49,18,Finance,108955,6343,6537,3341,2161,90573,0,12786,24786,5246,3276,46094,10050,14225,Medium,0.5089154604573107,0.11096021993309264,0.1570556346814172,0.2736577125633467
EMP06707,Ankit Saxena,52,32,Operations,95000,4500,5700,1485,1955,81360,0,14903,14850,12684,5510,47947,5781,2880,Low,0.589319075712881,0.07105457227138644,0.035398230088495575,0.18252212389380532
EMP06708,Shivam Khanna,25,1,Operations,50163,841,3010,1026,1974,43312,0,4456,0,3101,1598,9155,21891,2110,Medium,0.21137329146656816,0.5054257480605837,0.04871629109715552,0.0
EMP06709,Sumit Varun Chaudhary,22,3,Marketing,58038,1235,3482,856,1396,51069,0,5305,4954,3277,2388,15924,22001,2128,High,0.3118134288903249,0.43080929722532263,0.041669114335506865,0.09700601147467153
EMP06710,Rahul Purohit,27,7,Sales,55902,1128,3354,811,1615,48994,12141,9085,15233,2395,3242,42096,300,86,Low,0.8592072498673307,0.006123198759031718,0.0017553169775890926,0.31091562232110054
EMP06711,Nisha Dhruv Bhatia,47,16,IT,125188,8778,7511,3018,1793,104088,25812,11120,3275,9630,6378,56215,21712,4069,Medium,0.5400718622703866,0.20859272922911382,0.039091922219660284,0.03146376143263393
EMP06712,Priya Reddy,49,19,Data Science,150500,13433,9030,2912,1256,123869,12364,19134,7642,8961,7571,55672,28427,8464,Medium,0.4494425562489404,0.22949244766648638,0.06833025212119255,0.06169420920488581
EMP06713,Sai Bajaj,56,37,Sales,85000,3500,5100,1643,1959,72798,0,10644,15237,1810,1889,29580,24569,4315,Medium,0.4063298442264897,0.33749553559163714,0.05927360641775873,0.20930520069232672
EMP06714,Rakesh Shubham Verma,50,22,Sales,81799,3180,4908,2185,1428,70098,17193,9868,11436,2525,4219,45241,1613,560,Low,0.6453964449770322,0.02301064224371594,0.00798881565807869,0.1631430283317641
EMP06715,Arjun Jadhav,44,27,Operations,95000,4500,5700,2064,2003,80733,26310,12619,0,11699,6376,57004,4531,3652,Low,0.7060805370790135,0.05612327053373466,0.04523552946131074,0.0
EMP06716,Palak Kulkarni,30,4,Finance,75478,2548,4529,2043,1658,64700,14255,5644,0,4907,3057,27863,22642,3254,High,0.43064914992272024,0.3499536321483771,0.05029366306027821,0.0
EMP06717,Neha Mittal,59,34,HR,70000,2000,4200,1435,1897,60468,0,10873,14328,3597,2804,31602,11661,2805,Medium,0.5226235364159555,0.1928458027386386,0.04638817225640008,0.23695177614606072
EMP06718,Nikita Mukherjee,48,23,Finance,116262,7439,6976,3330,1089,97428,0,8776,0,4933,3051,16760,46705,5394,Medium,0.1720244693517264,0.4793796444553927,0.05536396107895061,0.0
EMP06719,Aakash Chopra,24,0,Finance,71440,2144,4286,1757,1160,62093,14726,6919,0,5188,2650,29483,15888,3343,High,0.4748200280224824,0.2558742531364244,0.053838596943294736,0.0
EMP06720,Mayank Narang,32,9,HR,49688,818,2981,1122,1528,43239,0,6149,0,4362,2817,13328,14159,2978,Medium,0.308240246074146,0.32745900691505353,0.06887300816392608,0.0
EMP06721,Nikita Srivastava,53,35,IT,150000,13333,9000,3456,1337,122874,13164,19093,5615,2640,5800,46312,52622,4873,Medium,0.3769064244673405,0.4282598434168335,0.0396585119716132,0.04569721828865342
EMP06722,Diya Suri,60,26,IT,145797,12493,8748,2770,1183,120603,28243,17870,0,8261,7173,61547,27100,5831,Medium,0.5103272721242423,0.224704194754691,0.04834871437692263,0.0
EMP06723,Dhruv Lakhotia,31,8,Operations,62870,1477,3772,1567,763,55291,0,8614,14581,6018,5913,35126,4731,2494,Low,0.6352932665352408,0.0855654627335371,0.04510679857481326,0.26371380514007703
EMP06724,Mayank Bagri,46,15,IT,122849,8427,7371,3741,1173,102137,0,12763,35443,5999,5198,59403,14521,13467,Medium,0.5816011827251633,0.14217178887180942,0.13185231600693187,0.347014304316751
EMP06725,Shruti Rawat,53,35,IT,150000,13333,9000,2547,2088,123032,0,17866,29489,5844,6868,60067,18586,23603,Medium,0.4882225762403277,0.1510663892320697,0.19184439820534496,0.23968561024774043
EMP06726,Prateek Bedi,44,17,Customer Support,53175,992,3190,987,1445,46561,11548,4970,0,5329,2569,24416,8351,2592,Medium,0.5243873628143726,0.1793561134855351,0.055668907454736793,0.0
EMP06727,Vivaan Pradhan,42,19,Sales,72862,2286,4372,1912,1059,63233,17552,8113,4965,8623,4090,43343,2652,2852,Medium,0.6854490535005456,0.041940126199927256,0.04510303164486898,0.07851912767067828
EMP06728,Ayaan Narang,59,38,Operations,95000,4500,5700,1505,1494,81801,0,12644,0,5114,4184,21942,23903,5854,High,0.2682363296292221,0.29220914169753426,0.07156391731152431,0.0
EMP06729,Pallavi Wadhwa,56,33,Finance,130000,9500,7800,3544,1236,107920,31072,16115,3579,5025,6274,62065,2481,1218,Medium,0.5751019273535952,0.022989251297257228,0.011286137879911045,0.03316345441067457
EMP06730,Manish Jindal,37,14,Operations,75049,2505,4503,1373,1990,64678,0,10423,21254,6022,4564,42263,3175,3745,Low,0.6534370265005102,0.04908933485883917,0.05790222332168589,0.3286125112093757
EMP06731,Muskan Thomas,22,0,Cyber Security,95000,4500,5700,1264,1854,81682,0,8229,0,5557,3793,17579,19102,24826,High,0.2152126539506868,0.23385813275874734,0.30393477143067016,0.0
EMP06732,Vivek Saxena,49,21,Marketing,87634,3763,5258,1469,1928,75216,0,12036,22268,5847,4416,44567,14791,3593,Low,0.5925202084662837,0.1966469900021272,0.04776909168262072,0.2960540310572219
EMP06733,Ananya Fernandes,58,34,Sales,85000,3500,5100,1484,816,74100,19876,12142,0,1956,5278,39252,818,814,Medium,0.5297165991902834,0.011039136302294196,0.01098515519568151,0.0
EMP06734,Ankit Shukla,30,3,Customer Support,38448,256,2307,708,1366,33811,9583,3847,1722,1941,2684,19777,321,316,Low,0.5849279820176866,0.009493951672532608,0.009346070805359203,0.05093017065452072
EMP06735,Shivam Rakesh Singh,60,24,IT,138653,11064,8319,3715,1886,113669,26486,18840,16026,6626,6852,74830,14598,3740,Medium,0.6583149319515436,0.12842551619174972,0.0329025503875287,0.14098830815789706
EMP06736,Swati Saurabh Bagri,51,26,HR,67235,1724,4034,1430,1409,58638,0,7558,15319,2312,2490,27679,21231,1664,Medium,0.47203178826017256,0.3620689655172414,0.028377502643337084,0.2612469729526928
EMP06737,Diya Pillai,33,8,IT,102163,5324,6130,3943,1330,85436,30897,15800,0,13222,5573,65492,1998,3387,Low,0.766562104967461,0.023385926307411396,0.03964370991151271,0.0
EMP06738,Ananya Chatterjee,39,15,Sales,72200,2220,4332,1352,1802,62494,0,10212,3103,4787,3545,21647,15168,5601,Medium,0.3463852529842865,0.24271130028482735,0.08962460396198035,0.049652766665599896
EMP06739,Sumit Soni,53,22,HR,66464,1657,3988,1406,1154,58259,0,9331,0,3403,3718,16452,16490,5199,High,0.28239413652826173,0.28304639626495476,0.08923943081755609,0.0
EMP06740,Bhavna Parmar,32,11,HR,54760,1071,3286,1051,2207,47145,13522,5838,0,2685,2209,24254,347,926,Medium,0.5144554035422633,0.007360271502810478,0.019641531445540355,0.0
EMP06741,Komal Gupta,58,33,Sales,85000,3500,5100,1607,1160,73633,4409,11142,0,5364,3584,24499,21791,5008,Medium,0.332717667350237,0.29594067877174635,0.06801298330911412,0.0
EMP06742,Aakash George,27,3,HR,47779,722,2867,889,1859,41442,3862,4600,7039,4504,2464,22469,8649,2198,Medium,0.542179431494619,0.20870131750398146,0.0530379807924328,0.1698518411273587
EMP06743,Monika Mukherjee,58,33,Product Management,220000,31000,13200,3647,1865,170288,0,28125,0,25446,11480,65051,11893,17881,Medium,0.3820057784459269,0.06984050549657052,0.10500446302734191,0.0
EMP06744,Aditi Bhardwaj,51,38,Finance,130000,9500,7800,3828,1566,107306,32768,18114,0,18476,8863,78221,5361,3314,Low,0.7289527146664678,0.049959927683447335,0.03088364117570313,0.0
EMP06745,Ishaan Palak Ghosh,46,22,IT,139623,11258,8377,2558,1595,115835,0,15682,0,5706,4424,25812,27054,28077,High,0.2228342038244054,0.23355635170716968,0.24238787931108904,0.0
EMP06746,Prateek Chauhan,51,30,Customer Support,60000,1333,3600,1941,1657,51469,0,7250,10194,2226,1873,21543,6559,13006,Medium,0.41856262993258075,0.12743593230876837,0.25269579747032195,0.19806096873846393
EMP06747,Riya Das,42,28,IT,150000,13333,9000,3797,962,122908,29151,18286,0,5509,2669,55615,45764,4550,Medium,0.4524929215348065,0.37234354151072346,0.03701955934520129,0.0
EMP06748,Vihaan Chauhan,28,5,HR,43905,529,2634,915,1457,38370,10077,5523,0,3020,2039,20659,7804,2413,Medium,0.5384154287203544,0.2033880635913474,0.06288767266093302,0.0
EMP06749,Shreya Mayank Pandey,47,25,IT,134405,10214,8064,2463,1457,112207,0,20310,29451,2647,5700,58108,4339,1975,Low,0.5178643043660378,0.03866960171825287,0.017601397417273432,0.2624702558663898
EMP06750,Harsh Bohra,22,3,Customer Support,37818,224,2269,809,1800,32716,8576,3085,11735,1501,2313,27210,175,24,Low,0.8317031421934222,0.005349064677833476,0.0007335860129600196,0.35869299425357626
EMP06751,Jyoti Shinde,54,36,Data Science,170000,17500,10200,3489,803,138008,30073,18850,0,9783,6349,65055,32599,6350,Medium,0.4713857167700423,0.23621094429308445,0.046011825401426,0.0
EMP06752,Nitin Iyer,60,34,Operations,95000,4500,5700,1546,2134,81120,17991,6811,0,5653,1831,32286,26884,4320,High,0.39800295857988166,0.3314102564102564,0.05325443786982249,0.0
EMP06753,Sai Mohanty,56,26,Sales,85000,3500,5100,1867,1311,73222,23121,12182,0,12805,5791,53899,4806,2804,Low,0.7361039031984923,0.06563601103493485,0.038294501652508806,0.0
EMP06754,Atharv Tomar,25,3,IT,88405,3840,5304,1684,1874,75703,22298,9359,6059,8611,4492,50819,9995,3596,Medium,0.6712944004861102,0.13202911377356247,0.04750142002298456,0.08003645826453377
EMP06755,Amit Pandey,57,29,HR,70000,2000,4200,1323,1419,61058,0,9502,14903,4021,4375,32801,13222,3392,Medium,0.5372105211438305,0.21654820007206263,0.055553735792197585,0.24407939991483507
EMP06756,Simran Bagri,52,37,Operations,95000,4500,5700,1548,1037,82215,0,9993,20939,2963,3182,37077,30588,3539,Medium,0.4509760992519613,0.37204889618682724,0.0430456729307304,0.25468588457094204
EMP06757,Ravi Tiwari,43,27,HR,70000,2000,4200,1740,758,61302,0,9484,19611,1529,3801,34425,1378,740,Low,0.5615640599001663,0.022478875077485236,0.012071384294150273,0.3199079964764608
EMP06758,Nitin Pillai,25,0,Sales,45000,583,2700,787,1413,39517,0,5364,0,9026,3255,17645,3600,3129,Medium,0.4465166890199155,0.0911000328972341,0.07918111192651264,0.0
EMP06759,Khushi Khanna,48,18,IT,121700,8255,7302,3322,2119,100702,0,16331,23259,3856,6549,49995,3912,819,Low,0.4964648169847669,0.03884729201008917,0.008132906992909774,0.23096860042501638
EMP06760,Lakshay Mehta,44,19,Operations,85758,3576,5145,1837,996,74204,0,9753,14740,6683,3478,34654,15829,4966,Medium,0.4670098646973209,0.21331734138321384,0.06692361597757533,0.19864158266400733
EMP06761,Anjali Lokesh Naidu,60,22,Sales,83678,3368,5021,1611,1783,71895,0,9014,20349,8144,3370,40877,14082,3667,Low,0.5685652687947701,0.19586897558940122,0.05100493775645038,0.28303776340496556
EMP06762,Ashish Singh,44,25,IT,142168,11767,8530,3324,1332,117215,7315,18623,20159,8049,6797,60943,20074,7314,Medium,0.5199249242844346,0.1712579448022864,0.06239815723243612,0.1719831079639978
EMP06763,Ishita George,51,29,Finance,130000,9500,7800,3345,1124,108231,30393,14230,7165,9671,7605,69064,16941,5021,Medium,0.6381166209311565,0.15652631870720957,0.04639151444595356,0.06620099601777679
EMP06764,Siddharth Namrata Nagpal,26,6,Sales,58409,1254,3505,811,1913,50926,13479,8790,8994,2745,2654,36662,5195,1646,Low,0.7199073164984487,0.10201076071162078,0.03232140753249813,0.17660919765934885
EMP06765,Harsh Bhardwaj,32,8,Marketing,67250,1725,4035,1453,1875,58162,11606,9060,0,2562,1600,24828,17488,3813,Medium,0.42687665486056187,0.3006774182455899,0.06555826828513463,0.0
EMP06766,Charu Sabharwal,54,27,Cyber Security,173850,18462,10431,2697,2447,139813,0,22609,45767,18681,7948,95005,10997,4289,Low,0.679514780456753,0.07865506068820496,0.030676689578222338,0.3273443814237589
EMP06767,Shubham Kumawat,43,23,Customer Support,57348,1201,3441,1197,1605,49904,11686,8379,3410,3543,3037,30055,5160,6967,Medium,0.6022563321577429,0.10339852516832318,0.13960804745110614,0.06833119589612055
EMP06768,Rohit Bhatia,55,37,Operations,95000,4500,5700,1333,1228,82239,0,14460,28230,5454,5716,53860,12234,2657,Low,0.6549204148883133,0.1487615364972823,0.03230827223093666,0.3432677926531208
EMP06769,Dev Bedi,30,6,Sales,58334,1250,3500,763,1133,51688,11939,8235,0,2293,2288,24755,2162,1190,Medium,0.47893127998761803,0.04182789041943972,0.023022751895991334,0.0
EMP06770,Sanya Maheshwari,55,35,Data Science,170000,17500,10200,2765,1830,137705,0,24940,26931,10566,9541,71978,26502,6090,Medium,0.5226970698231728,0.19245488544352057,0.04422497367561091,0.19557024073199955
EMP06771,Rakesh Bhatia,29,3,Customer Support,37802,223,2268,1019,1734,32558,8916,4422,0,3245,1656,18239,5580,1761,Medium,0.5602002580011057,0.17138644879906628,0.05408808894895264,0.0
EMP06772,Pallavi Bhardwaj,42,24,Finance,121029,8154,7262,2276,1232,102105,0,15766,20328,14158,9019,59271,6735,4123,Low,0.5804906713677097,0.06596151021007786,0.04038000097938397,0.19908917291023945
EMP06773,Nandini Patel,30,2,IT,86748,3675,5205,1585,1468,74815,0,8736,0,2045,2396,13177,41314,3926,High,0.1761277818619261,0.5522154648132059,0.0524761077324066,0.0
EMP06774,Ashish Yadav,50,17,Product Management,177713,19428,10663,3312,1181,143129,42061,26695,0,9974,8654,87384,27425,4965,Medium,0.6105261687009621,0.19161036547450203,0.03468898685800921,0.0
EMP06775,Aditya Roy,47,15,Data Science,139675,11268,8380,3160,2432,114435,0,17279,33872,6841,5029,63021,22197,6669,Low,0.5507143793419845,0.19397037619609386,0.058277624852536375,0.29599335867523047
EMP06776,Sonia Mukherjee,38,9,HR,49917,829,2995,1006,1852,43235,0,7004,12079,2462,2685,24230,8345,2126,Low,0.5604255811264022,0.19301491846883312,0.04917312362669134,0.27938013183763155
EMP06777,Nikita Saloni Joshi,26,4,Customer Support,35511,109,2131,1072,967,31232,0,2792,0,2244,1100,6136,13711,2494,Medium,0.19646516393442623,0.4390048668032787,0.07985399590163934,0.0
EMP06778,Ayush Trisha Rajput,43,28,Data Science,170000,17500,10200,3057,1487,137756,32653,19936,19659,9868,7172,89288,13490,14410,Medium,0.6481605156944162,0.09792676906994977,0.10460524405470542,0.14270884752751242
EMP06779,Ravi Mittal,50,17,IT,125915,8887,7555,3205,1703,104565,10305,20127,8248,3652,6392,48724,5311,832,Medium,0.4659685363171233,0.050791373786639886,0.007956773298904988,0.07887916606895233
EMP06780,Shruti Rahul Pillai,37,17,Marketing,76325,2632,4580,2188,1500,65425,16898,12401,0,5351,4715,39365,9776,2510,Medium,0.6016813144822316,0.14942300343905235,0.038364539549102024,0.0
EMP06781,Nikhil Tomar,42,23,Operations,95000,4500,5700,1422,1553,81825,0,8555,0,4393,1714,14662,45888,5299,Medium,0.17918728994805988,0.5608065994500459,0.06476015887564925,0.0
EMP06782,Ayaan Kapoor,28,7,IT,95232,4523,5714,1222,2121,81652,0,8739,24857,6190,2387,42173,8873,16898,Medium,0.516496840248861,0.10866849556655073,0.20695145250575614,0.30442610101405965
EMP06783,Sneha Nair,41,19,Marketing,85734,3573,5144,1941,1788,73288,0,12845,24300,8152,6752,52049,2819,3346,Low,0.7101981224757122,0.038464687261216025,0.045655496124877196,0.33156860604737476
EMP06784,Prateek Daga,50,25,Operations,95000,4500,5700,1272,1498,82030,0,12085,10485,4290,5700,32560,21881,6660,Medium,0.3969279531878581,0.26674387419236867,0.08118980860660734,0.1278190905766183
EMP06785,Abhishek Lodha,34,6,Data Science,105485,5823,6329,3970,2110,87253,9117,7190,5095,5436,2351,29189,31329,4849,High,0.3345329100432077,0.35905928735974696,0.055574020377522834,0.058393407676526884
EMP06786,Monika Shetty,41,22,Customer Support,56950,1181,3417,973,1277,50102,15563,6671,0,7679,3157,33070,1939,2319,Low,0.6600534908786077,0.03870104985828909,0.046285577422059,0.0
EMP06787,Akash Purohit,47,23,HR,64886,1578,3893,1571,2156,55688,0,8213,11718,2335,3739,26005,1200,1022,Low,0.4669767274816837,0.0215486280706795,0.018352248240195376,0.2104223531101853
EMP06788,Prachi Iyer,34,6,IT,95711,4571,5743,1283,1930,82184,0,13718,0,10710,7516,31944,10163,6638,Medium,0.38868879587267596,0.12366153995911613,0.08076997955806484,0.0
EMP06789,Tanvi Nagpal,35,12,HR,53337,1000,3200,996,1488,46653,11871,7106,2872,1017,2230,25096,544,258,Medium,0.5379289649111526,0.011660557734765181,0.005530190984502604,0.06156088568795147
EMP06790,Shreya Jadhav,23,0,Operations,50000,833,3000,1106,1495,43566,8179,4630,7534,2368,1169,23880,11108,1930,Medium,0.5481338658586972,0.2549694716062985,0.04430060138640224,0.17293302116329248
EMP06791,Mohit Ishita Verma,28,5,Marketing,55329,1100,3320,738,1017,49154,15122,9321,0,1804,3357,29604,395,669,Medium,0.6022704154290597,0.00803596858851772,0.013610286039793303,0.0
EMP06792,Aditi Rashmi Bansal,40,10,Product Management,159925,15318,9596,3876,1730,129405,0,20253,40087,7728,7148,75216,26442,6873,Medium,0.5812449287121827,0.20433522661411846,0.0531123217804567,0.3097793748309571
EMP06793,Ritika Fernandes,59,33,HR,70000,2000,4200,1536,1118,61146,0,10241,13853,4128,3541,31763,11756,2716,Medium,0.519461616458967,0.19226114545514017,0.04441827756517188,0.2265561116017401
EMP06794,Aditya Singh,25,0,IT,80000,3000,4800,1959,1373,68868,17886,8143,0,5757,3832,35618,15995,4073,Medium,0.5171923099262357,0.23225590985653716,0.05914212696753209,0.0
EMP06795,Ashish Gupta,55,25,Sales,80292,3029,4818,1951,1387,69107,0,11721,20122,11757,5778,49378,2196,1956,Low,0.7145151721243869,0.03177680987454238,0.028303934478417527,0.29117166133676764
EMP06796,Charu Wadhwa,29,4,Customer Support,36137,140,2168,1137,1427,31265,7159,4729,0,2420,1969,16277,6751,1715,Medium,0.5206141052294898,0.21592835438989286,0.05485367023828562,0.0
EMP06797,Akash Mishra,26,7,Customer Support,44698,568,2682,939,1295,39214,2145,5378,0,2259,1934,11716,6528,10388,High,0.2987708471464273,0.16647115825980519,0.2649053909318101,0.0
EMP06798,Mansi Pradhan,23,2,Sales,47655,716,2859,1036,1295,41749,12004,4689,0,6418,3037,26148,2457,2399,Low,0.6263144027401853,0.05885170902297061,0.057462454190519534,0.0
EMP06799,Nikita Menon,48,21,Finance,110874,6631,6652,3832,1260,92499,0,14985,24712,4853,5692,50242,15018,5998,Medium,0.5431626287851761,0.16235851198391335,0.06484394425885685,0.2671596449691348
EMP06800,Pallavi Sabharwal,54,34,Finance,130000,9500,7800,2837,1791,108072,21663,14440,0,2677,4230,43010,42805,5028,Medium,0.3979754237915464,0.39607854023243766,0.046524539196091494,0.0
EMP06801,Prateek Yash Daga,28,6,Operations,56301,1148,3378,1165,2279,48331,11782,7399,5058,2868,2273,29380,8548,2418,Medium,0.6078914154476422,0.17686371066189402,0.05003000144834578,0.10465332809170098
EMP06802,Vikram Behera,45,15,Sales,64962,1581,3898,2056,1361,56066,16152,9257,0,3697,2773,31879,9758,2416,Medium,0.5685977241108693,0.17404487568223165,0.04309207006028609,0.0
EMP06803,Ayush Mathew,44,15,Sales,69508,1951,4170,1284,2264,59839,0,7192,18384,5974,4481,36031,9906,2925,Low,0.6021323885760123,0.16554421029763197,0.0488811644579622,0.30722438543424857
EMP06804,Aisha Chatterjee,26,4,IT,90801,4080,5448,2048,1841,77384,18687,11571,9121,4037,2378,45794,6385,13556,Medium,0.5917760777421689,0.08251059650573762,0.17517833143802336,0.11786674247906544
EMP06805,Tarun Naidu,55,33,Operations,95000,4500,5700,1779,2484,80537,15547,9817,0,3852,2934,32150,24409,4462,Medium,0.39919540087164906,0.30307808833207095,0.05540310664663447,0.0
EMP06806,Amit Kulkarni,55,24,IT,138725,11078,8324,2809,1674,114840,8740,14579,0,2743,2956,29018,55603,4757,Medium,0.25268199233716476,0.48417798676419366,0.04142284918146987,0.0
EMP06807,Atharv Neha Mundra,32,11,Operations,70042,2004,4203,1756,1742,60337,14796,6316,0,2763,3539,27414,2983,872,Medium,0.45434807829358437,0.04943898437111557,0.014452160365944612,0.0
EMP06808,Rupal Ahuja,53,28,Sales,85000,3500,5100,1269,1626,73505,0,12410,22363,8886,7039,50698,4657,2206,Low,0.6897217876334943,0.06335623426977757,0.03001156383919461,0.30423780695190805
EMP06809,Sai Bedi,58,26,Cyber Security,180000,20000,10800,2774,1959,144467,0,20442,0,9269,8049,37760,51749,9920,High,0.26137456997099684,0.3582063723895422,0.06866620058560087,0.0
EMP06810,Rupal Dubey,37,15,Data Science,136639,10661,8198,2211,1311,114258,28355,15075,0,13157,7071,63658,22391,4538,Medium,0.5571426070822174,0.19596877242731361,0.03971713140436556,0.0
EMP06811,Krishna Porwal,31,8,Sales,56733,1170,3404,829,1242,50088,0,7497,17176,1368,2268,28309,1448,164,Low,0.5651852739179045,0.028909119948889953,0.0032742373422775914,0.34291646701804823
EMP06812,Megha Bansal,25,0,Sales,45000,583,2700,989,2202,38526,9355,5466,3631,2518,1860,22830,6660,1526,Medium,0.5925868244821679,0.17287026942843794,0.0396096142864559,0.0942480402844832
EMP06813,Sonia Ghosh,56,37,Operations,95000,4500,5700,1950,1292,81558,0,11849,24284,5572,3364,45069,16064,3286,Low,0.5526006032516737,0.19696412369111552,0.04029034552097893,0.29775129355795876
EMP06814,Pankaj Pawar,39,13,Finance,101502,5225,6090,2312,1626,86249,7948,12775,0,3916,3765,28404,15586,19744,High,0.3293255573977669,0.18070934155758328,0.2289185961576366,0.0
EMP06815,Prateek Malhotra,50,25,Sales,85000,3500,5100,2142,1411,72847,0,10332,16986,7470,5260,40048,5393,3984,Low,0.5497549658874079,0.07403187502573888,0.054689966642414926,0.23317363789860943
EMP06816,Ankit Hemant Srivastava,25,2,Sales,50317,849,3019,744,2001,43704,11035,5053,4424,4285,3021,27818,6795,1850,Medium,0.6365092440051254,0.15547775947281714,0.042330221490023794,0.10122643236317042
EMP06817,Vikram Kumawat,55,35,Operations,95000,4500,5700,1478,1221,82101,9206,11408,3483,5409,5390,34896,20262,5883,Medium,0.42503745386779695,0.2467935835129901,0.07165564365842073,0.04242335659736179
EMP06818,Sumit Swain,52,22,Finance,118108,7716,7086,3752,1476,98078,0,16459,21915,12173,10420,60967,6001,3555,Low,0.621617488121699,0.06118599482044903,0.03624666082097922,0.22344460531413773
EMP06819,Kunal Soni,31,10,Product Management,149012,13136,8941,2489,1244,123202,25817,11897,0,6645,4848,49207,43544,5505,Medium,0.3994009837502638,0.35343582084706415,0.04468271618967225,0.0
EMP06820,Sumit Mansi Goel,39,15,IT,114026,7104,6842,3030,1718,95332,0,10634,22499,3760,2153,39046,28696,4267,Medium,0.4095791549532161,0.30101120295388745,0.04475936726387782,0.2360067972978643
EMP06821,Ishita Yadav,35,12,Customer Support,50142,840,3009,909,1135,44249,0,7630,14004,1374,2961,25969,1734,154,Low,0.5868833193970485,0.03918732626726028,0.0034803046396528737,0.3164817284006418
EMP06822,Ayaan Lodha,34,11,Cyber Security,134047,10143,8043,3985,1602,110274,0,10485,37088,8725,3994,60292,11920,22266,Medium,0.5467471933547345,0.10809438308214085,0.2019152293378312,0.3363258791736946
EMP06823,Shubham Daga,44,19,Finance,108825,6324,6530,3204,2043,90724,26559,10466,4096,7641,5076,53838,158,879,Low,0.5934262157753185,0.0017415457872227856,0.009688726246638156,0.045147921167497024
EMP06824,Jyoti Jindal,41,28,IT,150000,13333,9000,3509,1128,123030,37183,22505,5078,6026,7591,78383,4263,592,Low,0.6371047711940178,0.034650085345037794,0.004811834511907665,0.041274485897748514
EMP06825,Nandini Agarwal,29,5,Operations,56666,1167,3400,705,970,50424,4738,7248,0,2610,2033,16629,14400,4724,High,0.3297834364588291,0.28557829604950025,0.09368554656512772,0.0
EMP06826,Aakash Menon,23,3,Sales,50619,864,3037,940,1929,43849,0,6465,0,1812,2835,11112,946,1273,Medium,0.25341512919336817,0.021574038176469246,0.029031448835777327,0.0
EMP06827,Avantika Saloni Behera,41,20,Marketing,80812,3081,4849,1560,944,70378,0,12184,18994,3934,3079,38191,12515,4244,Medium,0.542655375259314,0.17782545681889228,0.06030293557645855,0.26988547557475345
EMP06828,Ayush Rawat,43,28,Sales,85000,3500,5100,1426,1757,73217,0,12468,17562,4481,3257,37768,13386,4122,Medium,0.5158364860619802,0.1828263927776336,0.056298400644659026,0.2398623270551921
EMP06829,Ritika Arora,24,0,Sales,45000,583,2700,1130,1750,38837,8170,2855,0,2426,1595,15046,14094,2231,High,0.3874140639081288,0.3629013569534207,0.05744521976465741,0.0
EMP06830,Rahul Bhardwaj,32,5,IT,93569,4357,5614,1868,1680,80050,19133,13855,0,5308,3466,41762,10310,13255,Medium,0.5216989381636478,0.1287945034353529,0.16558400999375392,0.0
EMP06831,Vihaan Soni,34,6,Marketing,60086,1338,3605,2015,1597,51531,0,7185,0,1065,2049,10299,1200,279,Medium,0.19986027827909414,0.023286953484310414,0.0054142166851021715,0.0
EMP06832,Anjali Pawar,22,0,Sales,45710,619,2743,783,1646,39919,10513,7358,3249,2795,2020,25935,6059,1854,Medium,0.6496906235126131,0.151782359277537,0.04644404919962925,0.08138981437410757
EMP06833,Hemant Shinde,43,17,IT,119242,7886,7155,3786,1067,99348,10493,13043,0,4687,5299,33522,15809,20580,High,0.33741997825824377,0.1591275113741595,0.20715062205580384,0.0
EMP06834,Ravi Das,44,18,IT,121647,8247,7299,3622,1508,100971,27140,16827,0,14436,8059,66462,5192,3679,Low,0.6582286002911727,0.051420704954888034,0.03643620445474443,0.0
EMP06835,Lakshay George,22,0,IT,80000,3000,4800,1398,2185,68617,21440,9425,0,14459,4673,49997,3642,2410,Low,0.7286386755468761,0.053077225760380084,0.03512249151085008,0.0
EMP06836,Sneha Naidu,56,35,Marketing,90000,4000,5400,1713,1662,77225,0,7223,25680,7281,3763,43947,12089,3671,Medium,0.5690773713175785,0.15654257041113628,0.04753641955325348,0.3325348009064422
EMP06837,Neha George,25,0,Customer Support,36660,166,2200,1186,1800,31308,0,4501,0,2114,1428,8043,361,679,Medium,0.2568991950939057,0.011530599207870192,0.02168774754056471,0.0
EMP06838,Reema Muskan Singh,41,24,Sales,85000,3500,5100,2128,1453,72819,0,14111,6169,7889,6967,35136,5766,5786,Medium,0.4825114324558151,0.07918263090676884,0.07945728449992447,0.08471690080885483
EMP06839,Ritika Reddy,60,30,Finance,129590,9438,7775,2802,2020,107555,0,15421,34896,7278,5993,63588,19284,5679,Low,0.5912137975919297,0.17929431453674863,0.052800892566593836,0.3244479568592813
EMP06840,Rupal Menon,22,1,Marketing,50154,841,3009,795,1706,43803,9927,5435,0,4093,2242,21697,5363,9580,Medium,0.4953313699974888,0.1224345364472753,0.21870648129123577,0.0
EMP06841,Avantika Tayal,26,6,IT,97639,4764,5858,1718,1265,84034,0,7918,0,10684,7094,25696,8197,8357,Medium,0.3057809934074303,0.09754385129828402,0.09944784253992432,0.0
EMP06842,Rohit Reddy,47,25,Sales,80005,3000,4800,2144,1808,68253,18254,10010,2146,4889,3976,39275,12202,3515,Medium,0.5754325817180197,0.1787760244970917,0.05149956778456625,0.031441841384261496
EMP06843,Atharv Ghosh,24,3,Operations,51483,907,3089,1103,1475,44909,0,6435,0,4173,2882,13490,12287,3721,High,0.30038522345186935,0.27359771983344094,0.0828564430292369,0.0
EMP06844,Rupal Mukherjee,34,6,HR,48078,737,2885,1009,1935,41512,9133,5392,0,4017,2726,21268,7392,3189,Medium,0.5123337830025053,0.17806899209867028,0.07682116014646367,0.0
EMP06845,Anurag Khandelwal,36,15,Operations,81284,3128,4877,1644,1899,69736,20762,8293,0,11533,7064,47652,3146,3041,Low,0.6833199495239188,0.045112997590914306,0.04360731903177699,0.0
EMP06846,Saloni Parmar,35,5,Marketing,58382,1252,3503,710,1938,50979,12646,5483,5274,4798,2911,31112,8348,1757,Medium,0.6102905117793601,0.16375370250495302,0.03446517193354126,0.10345436356146649
EMP06847,Preeti Saxena,55,25,Operations,93328,4333,5600,1612,1957,79826,0,11511,15906,3949,3789,35155,28633,3343,Medium,0.4403953599077995,0.3586926565279483,0.041878585924385536,0.19925838699170698
EMP06848,Rajat Kavya Tiwari,40,11,Marketing,67044,1704,4023,1945,1305,58067,18138,8995,0,7715,3827,38675,4225,2215,Low,0.6660409526925792,0.07276077634456748,0.038145590438631236,0.0
EMP06849,Anjali Agarwal,32,8,Finance,87070,3707,5224,1326,1639,75174,0,11484,14148,2206,3867,31705,29978,2378,Medium,0.42175486205336954,0.39878149360151116,0.031633277462952615,0.18820336818580893
EMP06850,Muskan Tayal,53,30,Sales,85000,3500,5100,2127,1972,72301,15220,11424,0,3643,3905,34192,17671,4770,Medium,0.4729118546078201,0.2444087910264035,0.06597419122833709,0.0
EMP06851,Sanya Shinde,41,19,Sales,75782,2578,4547,1458,2095,65104,0,10895,12473,4028,3937,31333,14044,4822,Medium,0.4812761120668469,0.21571639223396413,0.0740661096092406,0.19158577045957237
EMP06852,Shruti Khanna,37,14,Data Science,126491,8974,7589,2546,1889,105493,0,16626,20142,12144,7300,56212,9611,5492,Medium,0.5328505208876418,0.09110557098575262,0.05206032627757292,0.19093209976017367
EMP06853,Siddharth Tiwari,27,7,HR,47457,706,2847,915,1175,41814,11333,7295,0,974,3391,22993,1721,353,Medium,0.5498875974553977,0.0411584636724542,0.008442148562682356,0.0
EMP06854,Shreya Bagri,59,25,Marketing,90000,4000,5400,1641,1147,77812,19072,10421,0,3279,2092,34864,25262,3218,High,0.44805428468616665,0.3246542949673572,0.04135608903511027,0.0
EMP06855,Bhavna Chaudhary,38,13,Finance,103168,5475,6190,3198,1501,86804,21697,15762,7960,5718,4677,55814,13477,4063,Medium,0.6429888023593383,0.15525782222017417,0.04680659877425004,0.09170084327911156
EMP06856,Sonali Ankit Tiwari,56,28,Customer Support,60000,1333,3600,1492,1226,52349,14524,6989,1607,1414,2430,26964,777,307,Medium,0.5150814724254522,0.014842690404783282,0.005864486427629945,0.030697816577203003
EMP06857,Shreya Mundra,59,32,Cyber Security,180000,20000,10800,3626,1666,143908,0,20249,34176,9516,8496,72437,16383,29150,Medium,0.5033563109764572,0.11384356672318426,0.20255996886899963,0.23748505989938015
EMP06858,Nandini Chopra,59,25,Operations,95000,4500,5700,1749,1941,81110,8076,11567,0,8016,4090,31749,22940,4294,Medium,0.39143138947108863,0.28282579213413883,0.05294045123905807,0.0
EMP06859,Shruti Soni,24,3,Operations,55910,1129,3355,914,1699,48813,0,6958,0,7974,4453,19385,3313,4448,Medium,0.3971278143117612,0.06787126380267551,0.0911232663429824,0.0
EMP06860,Aditya Amit Singh,30,6,IT,98783,4878,5927,2172,1226,84580,19205,8446,0,5635,3467,36753,33033,2710,Medium,0.4345353511468432,0.3905533222984157,0.03204067155355876,0.0
EMP06861,Vivek Pillai,33,12,HR,53546,1011,3213,716,2032,46574,13654,5890,0,4120,2892,26556,8840,2444,Medium,0.5701893760467214,0.18980547086357194,0.05247563017992871,0.0
EMP06862,Jyoti Mehta,37,11,Marketing,63320,1499,3799,1957,2295,53770,3283,7372,0,1979,3650,16284,366,460,Medium,0.30284545285475173,0.006806769574111958,0.00855495629533197,0.0
EMP06863,Sneha Rathore,23,0,HR,40000,333,2400,1109,1613,34545,0,4489,9057,2876,1599,18021,5758,6073,Medium,0.5216673903603994,0.1666811405413229,0.17579968157475756,0.2621797655232306
EMP06864,Mayank Bose,43,20,Marketing,88912,3891,5335,1299,1816,76571,21696,12223,0,5821,3269,43009,13204,4429,Medium,0.5616878452677907,0.17244126366378917,0.057841741651539096,0.0
EMP06865,Tushar Ghosh,47,20,Sales,72866,2287,4372,1814,2008,62385,17204,8556,6548,6697,3852,42857,2210,3301,Low,0.6869760359060672,0.03542518233549732,0.05291336058347359,0.10496112847639658
EMP06866,Ankit Wadhwa,51,35,Customer Support,60000,1333,3600,1341,1132,52594,3242,5671,2247,3418,3994,18572,1187,1147,Medium,0.35312012777122864,0.022569114347644217,0.021808571319922424,0.04272350458227174
EMP06867,Ravi Deshmukh,44,20,Operations,85162,3516,5110,1875,1167,73494,0,10282,0,2062,2141,14485,38116,3504,High,0.19709091898658393,0.5186273709418456,0.04767736141725855,0.0
EMP06868,Sonali George,22,2,Marketing,53476,1007,3209,909,2126,46225,0,6234,0,4583,2558,13375,14435,3645,High,0.2893455922120065,0.31227690643591133,0.07885343428880476,0.0
EMP06869,Amit Khurana,51,35,Product Management,220000,31000,13200,2857,1410,171533,0,17796,53041,28064,12269,111170,14374,5322,Low,0.6480968676581182,0.08379728681944582,0.031026099934123464,0.30921746835885805
EMP06870,Akash Menon,34,7,Finance,81339,3134,4880,1356,1972,69997,0,11281,0,1753,3836,16870,1745,1859,Medium,0.2410103290141006,0.024929639841707502,0.02655828106918868,0.0
EMP06871,Ananya Swain,55,37,Sales,85000,3500,5100,1688,2211,72501,0,12681,18655,9966,5407,46709,2654,4346,Low,0.6442531827147212,0.03660639163597743,0.05994400077240314,0.2573067957683342
EMP06872,Manish Khandelwal,26,2,Operations,53613,1014,3217,924,1364,47094,0,6323,2967,4616,3073,16979,10759,4661,Medium,0.3605342506476409,0.22845797766169787,0.09897226822949845,0.06300165626194419
EMP06873,Nitin Daga,50,16,Data Science,138929,11119,8336,3958,1243,114273,0,15835,26249,4917,4663,51664,19887,19142,Medium,0.45211029727057134,0.17403061090546323,0.16751113561383704,0.2297043046038872
EMP06874,Pankaj Gill,43,15,Sales,71109,2111,4267,1478,1446,61807,21058,10386,0,7796,5472,44712,3730,1664,Low,0.7234132056239585,0.060349151390619186,0.026922516867021535,0.0
EMP06875,Nandini Rajput,51,30,Finance,128543,9281,7713,3255,2038,106256,0,16887,31372,12583,10001,70843,3883,5853,Low,0.6667199969884053,0.03654381870200271,0.055083948200572205,0.29524920945640715
EMP06876,Shubham Jadhav,56,31,Product Management,220000,31000,13200,3281,1266,171253,50656,25069,14803,27207,11406,129141,7153,6314,Low,0.7540948187768973,0.04176861135279382,0.036869427104926626,0.08643936164621933
EMP06877,Nikhil Wadhwa,33,12,HR,51120,889,3067,957,2413,43794,3071,7397,0,2704,2554,15726,12836,3540,High,0.3590902863405946,0.2930995113485866,0.08083299082066037,0.0
EMP06878,Rohit Patel,55,29,Data Science,170000,17500,10200,3509,1203,137588,0,23621,30155,9254,6107,69137,27839,8001,Medium,0.5024929499665669,0.20233595953135447,0.05815187370991656,0.21916882286245892
EMP06879,Harsh Tiwari,49,22,Sales,80856,3086,4851,1985,1947,68987,17464,10882,0,3074,5427,36847,944,610,Medium,0.5341151231391421,0.01368373751576384,0.00884224564048299,0.0
EMP06880,Komal Ahuja,52,32,IT,150000,13333,9000,3789,1342,122536,0,21409,40712,8019,5930,76070,21721,5083,Medium,0.6207971534895868,0.1772621923353137,0.04148168701442841,0.33224521773193183
EMP06881,Rupal Mukherjee,59,28,IT,150000,13333,9000,2775,1824,123068,0,17304,37633,5036,5667,65640,33649,5152,Medium,0.5333636688659927,0.2734179478012156,0.041863035070042576,0.30579029479637276
EMP06882,Garima Vaishnavi Kapoor,29,7,Customer Support,39846,326,2391,902,1755,34472,0,4677,7301,2364,1751,16093,8816,2164,Medium,0.4668426549083314,0.2557437920631237,0.06277558598282665,0.21179508006498027
EMP06883,Akash Mukherjee,60,34,Product Management,220000,31000,13200,3468,1597,170735,0,29923,0,9582,10912,50417,48581,13805,High,0.2952938764752394,0.2845403695785867,0.08085629777140012,0.0
EMP06884,Varun Khurana,60,36,Customer Support,60000,1333,3600,1323,1481,52263,0,8935,12448,1513,3827,26723,2528,261,Low,0.5113177582611025,0.04837074029428085,0.004993972791458585,0.23817997436044622
EMP06885,Parth Somani,33,6,Cyber Security,115755,7363,6945,3941,2206,95300,28316,10677,0,17975,8011,64979,5864,4848,Medium,0.6818363064008395,0.06153200419727178,0.050870933892969566,0.0
EMP06886,Aarav Mohit Mohanty,59,29,Customer Support,60000,1333,3600,1327,1768,51972,14865,7451,0,5632,4310,32258,2510,2328,Medium,0.6206803663511121,0.04829523589625183,0.04479335026552759,0.0
EMP06887,Yuvraj Soni,27,4,IT,86910,3691,5215,1462,2344,74198,22113,12665,0,4399,4149,43326,14522,3690,Medium,0.5839240949890833,0.19571956117415565,0.049731798700773606,0.0
EMP06888,Prateek Pallavi Bhardwaj,55,35,Sales,85000,3500,5100,2101,1144,73155,0,11644,24374,10590,6761,53369,2243,2966,Low,0.7295331829676713,0.030660925432301277,0.040544050304148725,0.33318296767138267
EMP06889,Komal Kumawat,52,23,Data Science,157990,14931,9479,2535,1334,129711,32639,20278,18940,7173,9643,88673,18866,4301,Medium,0.6836197392665233,0.14544641549290346,0.033158328900401664,0.14601691452536794
EMP06890,Vikram Ashish Bhatia,30,6,Customer Support,39145,291,2349,1015,1149,34341,7131,5591,0,1310,1457,15489,752,70,Medium,0.45103520573075917,0.021898022771614106,0.0020383797792725895,0.0
EMP06891,Shruti Mishra,35,11,Customer Support,43354,501,2601,1061,1375,37816,0,5416,1891,1741,1907,10955,1363,759,Medium,0.2896921937804104,0.036042944785276074,0.020070869473238842,0.05000528876665961
EMP06892,Namrata Porwal,33,6,Operations,63841,1525,3830,1974,2244,54268,15534,8463,0,8529,4467,36993,3539,2159,Medium,0.6816724404805778,0.06521338542050564,0.039784034790299995,0.0
EMP06893,Prachi Muskan More,31,8,Marketing,62484,1458,3749,2075,1221,53981,16545,9322,2598,1288,3317,33070,940,264,Medium,0.6126229599303459,0.017413534391730424,0.004890609658954077,0.04812804505288898
EMP06894,Nisha Kulkarni,29,6,Operations,57104,1189,3426,899,1927,49663,11810,7721,0,2058,1167,22756,17584,1898,High,0.4582083241044641,0.3540664075871373,0.038217586533233996,0.0
EMP06895,Harsh Sahu,55,29,Operations,95000,4500,5700,1970,1091,81739,17202,12026,13485,3775,3826,50314,21314,1810,Medium,0.6155445992732967,0.26075679907999855,0.022143652356892057,0.16497632708988366
EMP06896,Anurag Kumawat,33,5,IT,90500,4050,5430,1837,1642,77541,0,8966,13503,12155,6134,40758,6752,4258,Medium,0.5256316013463845,0.08707651436014495,0.05491288479643028,0.17414013231709677
EMP06897,Vivaan George,36,11,Operations,68995,1900,4140,1803,1482,59670,0,9467,17097,7958,5327,39849,3266,3237,Low,0.667823026646556,0.0547343723814312,0.0542483660130719,0.28652589240824533
EMP06898,Ravi Agarwal,52,22,IT,140745,11482,8445,2215,2069,116534,0,17553,0,7449,5204,30206,37610,10873,High,0.25920332263545404,0.32273842826986116,0.09330324197229993,0.0
EMP06899,Diya Lakhotia,59,36,Sales,85000,3500,5100,1391,1386,73623,22793,10321,3752,12549,6239,55654,2484,1809,Low,0.7559322494329218,0.033739456419868794,0.024571125870991403,0.05096233513983402
EMP06900,Ankit Behera,41,26,Operations,95000,4500,5700,2040,1089,81671,17190,11424,14592,3366,2439,49011,19526,2238,Medium,0.6001028516854208,0.23908119161024108,0.027402627615677536,0.17866807067380097
EMP06901,Muskan Shukla,29,3,Operations,52437,955,3146,747,1641,45948,11094,6629,0,4289,3116,25128,8583,2521,Medium,0.5468790806999216,0.18679811961347612,0.05486637067989902,0.0
EMP06902,Shubham Yadav,54,38,Sales,85000,3500,5100,1827,1446,73127,0,10502,22141,4960,2973,40576,15873,3511,Low,0.5548702941458011,0.21706072996294118,0.04801236205505491,0.3027746249675223
EMP06903,Rohan Soni,32,7,Finance,85908,3591,5154,1993,1628,73542,21309,9951,5920,6589,3648,47417,12897,2515,Medium,0.6447608169481385,0.17536917679693237,0.034198145277528486,0.08049821870495771
EMP06904,Khushi Aman Trivedi,43,26,Data Science,158587,15051,9515,3005,2377,128639,32975,17793,7953,6419,6186,71326,19062,17691,Medium,0.5544663748940835,0.14818212206251602,0.13752438995949906,0.06182417462822317
EMP06905,Lokesh Pillai,33,11,HR,57622,1214,3457,985,1345,50621,11812,7816,5778,2620,2538,30564,9736,1762,Medium,0.6037810394895399,0.192331245925604,0.03480768850872168,0.11414235198830525
EMP06906,Payal Nagpal,49,22,Sales,82441,3244,4946,1913,929,71409,15495,8160,0,5520,3181,32356,18134,4058,Medium,0.4531081516335476,0.25394558108921844,0.0568275707543867,0.0
EMP06907,Sonia Chatterjee,40,14,Cyber Security,137706,10875,8262,2536,1750,114283,10718,15878,0,7608,6852,41056,28962,7989,High,0.35924853215263863,0.2534235188085717,0.06990541025349352,0.0
EMP06908,Dev Verma,36,10,Customer Support,48282,747,2897,845,1397,42396,0,6536,0,6075,3154,15765,4194,4147,Medium,0.3718511180300028,0.09892442683272007,0.09781583168223418,0.0
EMP06909,Megha Rohan Kumawat,33,12,HR,52295,948,3138,701,2076,45432,12853,6020,0,3428,2919,25220,1209,929,Medium,0.5551153372072548,0.02661119915478077,0.02044814227857017,0.0
EMP06910,Nitin Bose,56,28,Data Science,170000,17500,10200,3065,2050,137185,0,16176,30806,13394,6523,66899,20619,25323,Medium,0.48765535590625797,0.15030068885082187,0.18459015198454642,0.22455807850712542
EMP06911,Harsh Gill,25,2,HR,42272,447,2536,941,2099,36249,0,3523,2814,1779,1249,9365,17367,1559,High,0.25835195453667686,0.4791028718033601,0.04300808298159949,0.07762972771662667
EMP06912,Simran Tayal,54,31,Marketing,90000,4000,5400,1781,1323,77496,0,10294,18202,3477,2800,34773,11824,13745,Medium,0.44870703004026014,0.15257561680602869,0.17736399298028285,0.23487663879426035
EMP06913,Ravi Rawat,36,13,IT,117613,7642,7057,2322,2243,98349,0,15971,24842,5916,6460,53189,19081,6274,Medium,0.5408189203753978,0.19401315722579793,0.0637932261639671,0.25259026527976897
EMP06914,Anjali Sai Menon,56,32,Sales,85000,3500,5100,2066,933,73401,17488,10727,9952,4170,3667,46004,10039,2940,Low,0.6267489543739186,0.13676925382487978,0.04005395021866187,0.13558398386942958
EMP06915,Rohit Joshi,23,1,Sales,48755,771,2925,859,2048,42152,0,5201,2900,3507,2139,13747,11457,3358,High,0.3261292465363447,0.2718020497248055,0.0796640728791042,0.06879863351679635
EMP06916,Shubham Iyer,41,21,IT,139897,11313,8394,3211,1574,115405,30360,16255,7746,7310,6079,67750,23762,4042,Medium,0.587062952211776,0.20590095749750878,0.03502447900870846,0.06712014210822755
EMP06917,Yuvraj Saxena,37,13,Finance,93689,4369,5621,1981,1528,80190,19646,11749,0,5221,4511,41127,14642,4776,Medium,0.5128694350916573,0.1825913455543085,0.05955854844743733,0.0
EMP06918,Vidhi Malhotra,41,18,Data Science,146812,12696,8809,3189,1676,120442,32753,17215,0,14219,11120,75307,10139,4265,Medium,0.6252553096096046,0.08418159778150479,0.03541123528337291,0.0
EMP06919,Sakshi Khanna,53,34,IT,150000,13333,9000,3001,2379,122287,11836,15892,0,3408,3949,35085,51436,7914,High,0.2869070301830939,0.42061707295133577,0.06471660928798646,0.0
EMP06920,Dev Agarwal,30,2,Product Management,125322,8798,7519,3982,1381,103642,31947,16162,0,14278,5820,68207,5741,5745,Medium,0.6581019277898922,0.055392601455008586,0.055431195847243396,0.0
EMP06921,Sonali Shinde,32,11,Marketing,72891,2289,4373,1344,1223,63662,16799,8895,11220,1587,2396,40897,98,525,Low,0.6424083440671043,0.0015393798498319249,0.00824667776695674,0.17624328484810406
EMP06922,Sonia Somani,28,5,IT,89282,3928,5357,1892,1670,76435,19124,14286,9882,5286,5345,53923,9906,2003,Low,0.7054752404003402,0.12960031399228103,0.026205272453718845,0.12928632171125792
EMP06923,Prachi Bansal,42,25,IT,138907,11115,8334,3984,1381,114093,30616,21942,5451,9058,8517,75584,13623,4247,Medium,0.6624771020132699,0.11940259262180852,0.0372240190020422,0.047776813652020717
EMP06924,Avantika Nair,48,19,Product Management,182796,20699,10968,2713,1365,147051,44905,23217,32166,19879,9615,129782,2773,2087,Low,0.8825645524341895,0.018857403213850977,0.01419235503328777,0.21874043699124793
EMP06925,Rohit Swain,26,5,Marketing,62665,1467,3760,2123,1097,54218,0,6391,0,10330,5225,21946,7832,3826,Medium,0.4047733225128186,0.1444538714080195,0.07056697037884098,0.0
EMP06926,Anjali Rawat,59,23,HR,70000,2000,4200,1493,2429,59878,0,9062,0,2896,2252,14210,22516,3504,Medium,0.23731587561374795,0.3760312635692575,0.05851898861017402,0.0
EMP06927,Nisha Saloni Agarwal,43,24,Marketing,90000,4000,5400,1831,1851,76918,5753,13090,0,14309,5544,38696,9542,5317,Medium,0.5030812033594217,0.12405418757638004,0.06912556228711095,0.0
EMP06928,Vaishnavi Dubey,51,29,IT,150000,13333,9000,3243,764,123660,0,19124,30426,5607,5057,60214,36879,6146,Medium,0.4869319100760149,0.2982290150412421,0.04970079249555232,0.246045608927705
EMP06929,Amit Yadav,31,12,Finance,97664,4766,5860,1389,1472,84177,17227,8558,5781,5961,3039,40566,22116,4338,Medium,0.48191311165757866,0.26273210021739907,0.051534267080081256,0.06867671691792294
EMP06930,Mohit Seth,30,5,Finance,78300,2830,4698,1287,1173,68312,16354,8925,6317,2909,2134,36639,16298,2590,Medium,0.5363479330132334,0.23858180114767538,0.0379142756763087,0.09247277198735215
EMP06931,Payal Abhishek Goel,55,29,Operations,95000,4500,5700,2008,1766,81026,0,12718,19944,5009,4705,42376,13660,5637,Medium,0.5229926196529509,0.16858786068669315,0.06957026139757609,0.24614321328956137
EMP06932,Riya Thomas,35,10,Marketing,68366,1837,4102,1400,1262,59765,17978,11138,2642,4105,3873,39736,7230,2257,Medium,0.6648707437463398,0.12097381410524555,0.03776457793022672,0.04420647536183385
EMP06933,Mohit Khurana,22,0,Sales,45000,583,2700,856,2092,38769,11834,4020,1849,7922,3683,29308,1979,863,Low,0.7559648172508964,0.051045938765508524,0.022260053135236917,0.047692744202842474
EMP06934,Pooja More,56,35,Operations,95000,4500,5700,2167,1414,81219,0,11121,26541,5502,3080,46244,16385,3883,Low,0.5693741612184341,0.20173850946207167,0.04780901020697127,0.3267831418756695
EMP06935,Atharv Pradhan,35,9,Marketing,65022,1584,3901,2063,1713,55761,0,9639,0,1185,4476,15300,2283,1166,Medium,0.27438532307526764,0.040942594286329154,0.02091067233370994,0.0
EMP06936,Monika Chaudhary,33,6,IT,89958,3996,5397,1685,1526,77354,0,7416,0,5195,4247,16858,18311,23993,High,0.21793313855779922,0.23671691185976163,0.3101714197068025,0.0
EMP06937,Kunal Chauhan,46,15,Finance,102815,5422,6169,3067,1010,87147,22824,14187,0,4709,5157,46877,19069,4419,Medium,0.5379072142471916,0.21881418752223256,0.050707425384694825,0.0
EMP06938,Pooja Agarwal,47,20,Operations,83717,3372,5023,1820,956,72546,20374,10702,0,3245,4808,39129,2693,1123,Medium,0.5393681250516913,0.037121274777382626,0.015479833484961266,0.0
EMP06939,Ishita Shetty,22,2,Cyber Security,101740,5261,6104,3211,2151,85013,0,8483,3968,8211,3202,23864,20754,20273,High,0.28071000905743826,0.24412736875536684,0.23846941056073778,0.046675214378977335
EMP06940,Ankit Daga,51,29,Cyber Security,180000,20000,10800,3712,2267,143221,36996,20538,10317,9282,6603,83736,22203,8763,Medium,0.5846628636861912,0.15502614840002513,0.06118516139392966,0.07203552551650945
EMP06941,Aman Pillai,46,21,IT,129518,9428,7771,3747,1532,107040,28202,16013,4710,13432,7675,70032,6384,5118,Medium,0.6542600896860986,0.059641255605381166,0.04781390134529148,0.04400224215246637
EMP06942,Deepak Das,44,27,Operations,95000,4500,5700,1416,1413,81971,30115,10333,0,12843,7842,61133,3060,2118,Low,0.74578814458772,0.03733027534127923,0.02583840626563053,0.0
EMP06943,Rohan Suri,31,5,Sales,54052,1036,3243,1062,1184,47527,0,6376,6525,1226,1248,15375,19726,2422,Medium,0.3235003261304101,0.41504828834136387,0.050960506659372566,0.1372903823090033
EMP06944,Trisha Ghosh,45,20,Operations,80109,3011,4807,1556,1766,68969,0,11525,18195,4967,4093,38780,14209,3348,Medium,0.5622816047789586,0.20602009598515275,0.048543548550798184,0.2638141773840421
EMP06945,Avantika Jindal,60,26,Finance,130000,9500,7800,2264,1551,108885,20976,12231,0,2829,4399,40435,43768,4677,Medium,0.3713550994168159,0.4019653763144602,0.04295357487257198,0.0
EMP06946,Divya Gill,44,24,Finance,126280,8942,7577,3572,1422,104767,0,13444,0,7469,5588,26501,24315,26874,High,0.25295178825393494,0.23208643943226398,0.2565120696402493,0.0
EMP06947,Jyoti Dubey,22,1,Marketing,54503,1058,3270,1123,2080,46972,0,6618,7628,5164,2016,21426,12526,2185,Medium,0.4561440858383718,0.26666950523716254,0.04651707400153283,0.16239461807033978
EMP06948,Parth Somani,43,23,Marketing,87933,3793,5276,1472,2028,75364,20310,11696,4260,5794,3457,45517,12460,4295,Medium,0.6039621039222971,0.16533092723316173,0.0569900748367921,0.05652566211984502
EMP06949,Charu Tayal,55,36,Finance,130000,9500,7800,3987,1843,106870,0,19969,36706,19175,7150,83000,4408,2979,Low,0.7766445213811173,0.04124637409937307,0.027874988303546365,0.34346402170861795
EMP06950,Vihaan Manish Sharma,33,7,Operations,62563,1461,3754,1473,1618,54257,0,5944,11227,5967,3662,26800,12015,3457,Medium,0.49394548168899866,0.2214460806900492,0.06371528097756972,0.2069226090642682
EMP06951,Sonia Parmar,43,27,IT,150000,13333,9000,2406,1277,123984,0,19152,0,6389,4218,29759,65078,6543,High,0.24002290618144276,0.5248903084268938,0.05277293844367015,0.0
EMP06952,Rohan Megha Swain,36,18,Sales,72093,2209,4326,2024,2136,61398,18268,10439,0,9879,4060,42646,2209,1838,Medium,0.6945828854360077,0.03597837063096518,0.02993582852861657,0.0
EMP06953,Neha Menon,54,33,Cyber Security,180000,20000,10800,3776,1332,144092,0,18467,40712,8345,8207,75731,15136,21465,Medium,0.5255739388723871,0.1050439996668795,0.14896732643033617,0.2825417094633984
EMP06954,Vaishnavi Narang,29,2,Finance,72898,2290,4374,1278,954,64002,16091,10887,3979,3398,3906,38261,11448,3097,Medium,0.5978094434548921,0.17886941033092715,0.04838911284022374,0.062169932189619075
EMP06955,Prachi Vivek Mehta,39,17,IT,125678,8852,7541,2842,1173,105270,30521,16106,10083,15503,6319,78532,6272,2207,Low,0.7460055096418733,0.059580127291726036,0.020965137266077703,0.0957822741521801
EMP06956,Atharv Dubey,33,6,HR,42838,475,2570,1102,2035,36656,0,5162,8018,3579,1771,18530,7358,1958,Medium,0.5055106940200785,0.2007311217808817,0.05341553906591008,0.21873635966826713
EMP06957,Aditya Verma,53,27,Sales,85000,3500,5100,1962,1768,72670,0,11305,22048,7157,5530,46040,4064,2518,Low,0.6335489197743223,0.05592404018164304,0.03464978670703179,0.3033989266547406
EMP06958,Rishabh Maheshwari,32,7,Sales,54239,1045,3254,1037,1275,47628,10262,7307,2899,1267,1011,22746,13659,1793,High,0.47757621567145375,0.28678508440413203,0.03764592256655749,0.060867556899302934
EMP06959,Ananya Malhotra,32,9,Sales,61092,1388,3666,1865,734,53439,10533,6556,0,1811,1624,20524,22973,1837,Medium,0.38406407305525925,0.4298920264226501,0.03437564325679747,0.0
EMP06960,Rakesh Pandey,53,22,Operations,86158,3616,5169,1774,910,74689,0,8719,23526,6542,4855,43642,7635,9414,Low,0.584316298250077,0.10222388839052605,0.12604265688387847,0.3149861425377231
EMP06961,Nikhil Sahu,57,32,Marketing,90000,4000,5400,2159,1287,77154,22240,12669,0,8582,5290,48781,4486,2724,Low,0.6322549705783239,0.05814345335303419,0.03530601135391555,0.0
EMP06962,Megha Narang,23,1,Sales,46454,656,2787,946,1484,40581,0,4750,0,7996,2441,15187,3877,2674,Medium,0.37423917596904954,0.09553732042088663,0.06589290554693084,0.0
EMP06963,Reema Garima Chauhan,37,17,IT,126037,8906,7562,2286,1410,105873,0,12938,26576,6732,4397,50643,709,2540,Low,0.478337253124026,0.0066967026531788085,0.023991008094603913,0.25101772878826517
EMP06964,Yash Mathew,57,23,Sales,79959,2996,4798,1710,2123,68332,0,9221,21847,11418,4833,47319,3227,3436,Low,0.6924866826669789,0.04722531171339928,0.05028390797869227,0.31971843353041035
EMP06965,Vihaan Dubey,52,35,Data Science,170000,17500,10200,3402,1046,137852,36800,24302,0,10141,6343,77586,26087,7694,Medium,0.562820996430955,0.18923918405246207,0.05581348112468444,0.0
EMP06966,Vivek Sharma,50,24,Operations,90634,4063,5438,1933,1078,78122,18660,12937,0,5313,3805,40715,13616,4306,Medium,0.5211720130052994,0.17429149279332326,0.05511891656639615,0.0
EMP06967,Garima Sahu,22,1,Product Management,124809,8721,7489,2456,1196,104947,22975,9828,0,8781,4830,46414,19408,18986,High,0.44226133191039285,0.18493144158479996,0.1809103642791123,0.0
EMP06968,Atharv Chauhan,48,23,Cyber Security,163071,15948,9784,2992,2346,132001,0,25460,0,10100,6363,41923,42566,11768,High,0.3175960788175847,0.3224672540359543,0.08915083976636541,0.0
EMP06969,Ankit Bose,24,1,Operations,50000,833,3000,1178,1338,43651,0,5296,0,3306,2754,11356,1706,309,Medium,0.2601544065428054,0.03908272433621223,0.007078875627133399,0.0
EMP06970,Ayaan Fernandes,50,23,Marketing,90000,4000,5400,1550,1612,77438,28759,12991,0,9928,5457,57135,2422,3463,Low,0.7378160592990521,0.03127663421059428,0.04471964668509001,0.0
EMP06971,Rashmi Pillai,37,15,Sales,69036,1904,4142,1466,1572,59952,0,9762,0,3287,3047,16096,16325,6655,High,0.26848145182812916,0.2723011742727515,0.11100547104350147,0.0
EMP06972,Saloni D'Souza,37,16,Finance,98775,4878,5926,1611,1847,84513,16521,8580,0,5055,2717,32873,27748,4854,Medium,0.38896974429969355,0.3283281861962065,0.057434950835966066,0.0
EMP06973,Prateek Bansal,26,6,Data Science,101205,5181,6072,2704,1728,85520,8484,13398,9435,5214,3844,40375,18312,5708,Medium,0.4721117867165575,0.21412535079513564,0.06674462114125351,0.11032507015902712
EMP06974,Ravi Agarwal,60,26,IT,139402,11214,8364,3878,1388,114558,0,16706,38610,7278,6051,68645,13897,17309,Medium,0.5992161175998184,0.12130972956930114,0.15109376909513086,0.3370345152673755
EMP06975,Sumit Sonali Jain,41,18,Finance,113902,7085,6834,2905,1683,95395,0,9991,17841,5344,3696,36872,31653,4856,Medium,0.3865192096021804,0.33180984328319096,0.05090413543686776,0.1870223806279155
EMP06976,Avantika Singh,39,14,Finance,96484,4648,5789,2166,892,82989,17574,10711,0,6183,4443,38911,22065,3372,High,0.4688693682295244,0.26587861041824823,0.04063189097350251,0.0
EMP06977,Dhruv Maheshwari,44,21,Sales,81060,3106,4864,1303,992,70795,0,10458,23559,1525,2764,38306,19095,2981,Medium,0.5410834098453281,0.2697224380252843,0.04210749346705276,0.3327777385408574
EMP06978,Gaurav Joshi,43,19,Operations,84489,3449,5069,1590,1740,72641,24492,12391,0,13849,6035,56767,2393,1471,Low,0.7814732726697045,0.032942828430225356,0.02025027188502361,0.0
EMP06979,Sai Khurana,52,22,IT,138238,10981,8294,2509,1138,115316,0,12794,37884,7112,3230,61020,36580,4015,Medium,0.529154670644143,0.3172153040341323,0.03481737139685733,0.3285233618925388
EMP06980,Neha Bansal,38,10,Finance,88937,3894,5336,1290,1688,76729,0,10432,14053,5216,4435,34136,21132,3624,Medium,0.44489045862711624,0.27541086160382644,0.04723116422734559,0.18315109020057604
EMP06981,Nisha Bansal,22,3,IT,85882,3588,5153,1550,1445,74146,17368,9475,0,7633,3152,37628,16917,3909,Medium,0.5074852318398835,0.22815795862217786,0.05272030858036846,0.0
EMP06982,Bhavna Rathore,51,23,HR,65544,1611,3933,1603,1716,56681,0,5236,13883,3171,2363,24653,21274,1912,Medium,0.43494292620101976,0.3753285933557982,0.03373264409590515,0.24493216421728622
EMP06983,Arjun Kohli,42,23,Marketing,90000,4000,5400,2087,1361,77152,0,11213,21387,2075,3101,37776,1105,1286,Low,0.48963085856491084,0.014322376607216922,0.016668394856905848,0.2772060348403152
EMP06984,Mayank Verma,42,19,IT,119951,7993,7197,3989,1550,99222,29975,15018,7920,13301,8651,74865,5437,1971,Low,0.7545201668984701,0.054796315333293016,0.019864546169196348,0.0798210074378666
EMP06985,Harsh Parmar,35,6,IT,91806,4181,5508,1639,1527,78951,4433,13884,0,11997,5415,35729,5612,5340,Medium,0.45254651619358843,0.07108206355840965,0.06763688870311965,0.0
EMP06986,Sai Srivastava,56,22,HR,67060,1706,4024,1452,2153,57725,0,6351,15214,6358,3531,31454,10976,3081,Medium,0.5448938934603724,0.19014291901255956,0.05337375487223906,0.26355998267648334
EMP06987,Harsh Bedi,32,7,Data Science,106821,6023,6409,2968,1872,89549,0,12818,0,8573,4133,25524,24751,8373,High,0.28502830852382494,0.27639616299456166,0.0935018816513864,0.0
EMP06988,Ishita Mathew,32,9,Sales,57638,1215,3458,1085,1058,50822,15734,5216,0,9262,3456,33668,2981,2207,Medium,0.6624690094840817,0.058655700287277165,0.04342607532171107,0.0
EMP06989,Nikhil Nagpal,25,3,Data Science,97205,4720,5832,1984,1820,82849,0,11940,0,7479,4717,24136,24032,6394,Medium,0.2913251819575372,0.29006988617846924,0.07717655010923487,0.0
EMP06990,Aman Pawar,54,25,Cyber Security,168276,17069,10097,3169,1108,136833,0,19524,0,7104,7749,34377,44333,11825,High,0.2512332551358225,0.3239934811047043,0.08641921173985807,0.0
EMP06991,Kunal Mathew,37,15,HR,59891,1328,3593,743,1232,52995,14181,9390,9489,2582,3613,39255,1166,353,Low,0.740730257571469,0.022002075667515802,0.00666100575525993,0.179054627795075
EMP06992,Avantika Dhruv Jain,51,34,Sales,85000,3500,5100,1684,1849,72867,18611,11784,0,5201,4179,39775,12957,3741,Medium,0.5458575212373228,0.17781711886038948,0.05134011280826712,0.0
EMP06993,Megha Kohli,32,11,IT,110083,6512,6605,3668,1521,91777,26754,11390,0,10444,6311,54899,15810,4216,Medium,0.5981781927934013,0.1722653823942818,0.04593743530514181,0.0
EMP06994,Kavya Ghosh,38,17,Data Science,147364,12806,8842,3580,1398,120738,31002,18645,10680,7565,4972,72864,20142,6219,Medium,0.6034885454455101,0.16682403220195796,0.051508224419818116,0.0884559956268946
EMP06995,Neha Khandelwal,29,6,Operations,58131,1240,3488,773,2053,50577,17533,7436,0,6990,4711,36670,2814,1292,Low,0.7250331178203532,0.05563793819324989,0.025545208296261147,0.0
EMP06996,Gaurav Patel,54,25,HR,69728,1973,4184,1465,1864,60242,0,7675,18415,2178,2031,30299,15841,3264,Medium,0.5029547491783142,0.2629560771554729,0.054181468078749045,0.30568374223963346
EMP06997,Siddharth Pillai,45,20,IT,126793,9019,7608,2825,1425,105916,0,17033,22535,2660,3224,45452,33676,5690,Medium,0.4291325201102761,0.3179500736432645,0.05372181728917255,0.21276294421994787
EMP06998,Simran Wadhwa,29,4,Marketing,58205,1244,3492,725,1668,51076,11189,8080,2907,1246,3709,27131,1887,580,Medium,0.5311888166653614,0.03694494478815882,0.01135562690892004,0.05691518521419062
EMP06999,Yash Ghosh,57,38,Finance,130000,9500,7800,3217,2169,107314,0,18634,0,8202,6727,33563,34275,8580,High,0.31275509253219524,0.31938982798143767,0.07995228954283691,0.0
EMP07000,Manish Sabharwal,57,23,IT,137924,10918,8275,3007,1132,114592,28505,13535,0,6552,3434,52026,33763,4332,High,0.45401075118681933,0.29463662384808714,0.037803686121195196,0.0
EMP07001,Tarun Joshi,56,25,Marketing,90000,4000,5400,1471,2089,77040,0,13330,21618,4147,4567,43662,14571,3417,Medium,0.5667445482866044,0.18913551401869158,0.044353582554517136,0.280607476635514
EMP07002,Tushar Chopra,51,29,IT,150000,13333,9000,3816,1123,122728,31471,20586,9248,7189,6533,75027,19262,5011,Medium,0.6113274884296982,0.15694869956326185,0.04083012841405384,0.07535362753405905
EMP07003,Bhavna Vidhi Singh,39,17,Data Science,137465,10826,8248,3001,1173,114217,6353,11459,9136,5990,4368,37306,45504,6383,Medium,0.32662388260941894,0.3983995377220554,0.05588485076652337,0.07998809284082055
EMP07004,Aisha Bagri,26,5,Customer Support,40006,334,2400,1107,1981,34184,7927,5048,0,1412,801,15188,9777,1862,Medium,0.4443014275684531,0.2860109992979172,0.05446992745143927,0.0
EMP07005,Dhruv Srivastava,40,12,HR,57902,1228,3474,726,910,51564,3865,8602,4551,3080,2503,22601,11053,3341,Medium,0.43830967341556126,0.21435497634008222,0.06479326662012257,0.08825925063998138
EMP07006,Swati Mukherjee,35,11,Marketing,71103,2110,4266,1624,1431,61672,15285,9240,8296,3236,3717,39774,9616,2760,Medium,0.6449280062264885,0.15592165001945776,0.044752886236866,0.134518095732261
EMP07007,Sonali Mundra,32,10,Data Science,128642,9296,7719,3237,1191,107199,25969,16304,0,7119,5411,54803,12730,21398,Medium,0.5112267838319388,0.11875110775287083,0.19961007098946817,0.0
EMP07008,Rishabh Trivedi,55,35,Customer Support,60000,1333,3600,1660,1901,51506,0,7711,7821,3634,2591,21757,11965,3799,Medium,0.42241680580903196,0.23230303265638955,0.07375839707995185,0.15184638682871898
EMP07009,Namrata Ananya Chatterjee,40,10,Finance,92872,4287,5572,1760,1903,79350,0,10327,25241,5774,4341,45683,16832,4181,Medium,0.5757151858853182,0.21212350346565848,0.05269061121613106,0.3180970384373031
EMP07010,Prateek Arora,42,18,Operations,79619,2962,4777,1830,1347,68703,0,9192,15438,3369,3673,31672,13635,4752,Medium,0.46099879190137255,0.19846294921619143,0.06916728527138553,0.22470634470110476
EMP07011,Kavya Rahul Daga,30,4,Sales,54920,1079,3295,706,2245,47595,11499,6170,2684,4623,2815,27791,9130,2252,Medium,0.5839058724655951,0.19182687257064818,0.047315894526736,0.05639247820149176
EMP07012,Aisha Nandini Ahuja,26,4,Finance,76015,2602,4561,1532,2016,65304,16559,6015,11410,6889,2882,43755,6425,6207,Medium,0.6700202131569276,0.09838601004532647,0.09504777655273797,0.17472130344236186
EMP07013,Dev Goel,30,6,Data Science,112645,6897,6759,3619,1900,93470,23268,11596,0,7470,4405,46739,17289,7342,Medium,0.5000427944795122,0.1849684390713598,0.07854926714453836,0.0
EMP07014,Shubham Kulkarni,60,29,Sales,85000,3500,5100,1396,870,74134,8548,10045,0,4687,2832,26112,19634,6939,High,0.3522270483179108,0.2648447406048507,0.09360077697143011,0.0
EMP07015,Vaishnavi Khandelwal,55,25,Data Science,161355,15604,9681,2776,2014,131280,0,20615,31222,8176,4902,64915,19026,21360,Medium,0.49447745277269955,0.14492687385740402,0.16270566727605118,0.23782754418037783
EMP07016,Kunal Bhardwaj,34,5,Marketing,59141,1290,3548,1171,1751,51381,14611,8505,0,2137,4129,29382,2042,948,Low,0.5718456238687453,0.0397423171989646,0.018450399953290127,0.0
EMP07017,Vivek Deshmukh,22,0,Operations,50000,833,3000,758,1666,43743,12173,6142,7230,4485,2930,32960,4960,1371,Low,0.7534919872893949,0.11338957090277302,0.031342157602359234,0.16528358823125985
EMP07018,Vikram Shinde,52,32,IT,150000,13333,9000,3416,1642,122609,0,17699,0,5968,7995,31662,41098,12236,High,0.2582355292025871,0.33519562185483937,0.09979691539772774,0.0
EMP07019,Bhavna Agarwal,58,23,HR,69192,1919,4152,1425,1873,59823,16818,10214,0,4973,3854,35859,9416,2836,Medium,0.599418283937616,0.15739765641977166,0.04740651588853785,0.0
EMP07020,Sneha Chaudhary,35,9,Finance,87996,3800,5280,2158,1291,75467,17736,8052,0,5666,3593,35047,12359,11868,High,0.46440165900327296,0.16376694449229465,0.15726078948414537,0.0
EMP07021,Jyoti Pawar,23,1,Sales,48429,755,2906,1144,2350,41274,0,6732,7729,7060,3826,25347,3751,2211,Medium,0.6141154237534525,0.09088045743082812,0.05356883267916848,0.18726074526336192
EMP07022,Kartik Khurana,39,11,Customer Support,45080,587,2705,979,1752,39057,10402,5546,0,5677,2201,23826,2217,1321,Low,0.6100314924341347,0.056763192257469855,0.033822362188596154,0.0
EMP07023,Saurabh Chauhan,35,12,HR,53839,1025,3230,925,1901,46758,0,7318,12470,2983,1408,24179,7494,6881,Medium,0.5171093716583258,0.16027203900936737,0.1471619829761752,0.26669233072415416
EMP07024,Palak Wadhwa,33,9,Sales,63211,1494,3793,1252,1837,54835,11445,8299,0,1601,2640,23985,137,326,Medium,0.43740311844624785,0.0024984043038205526,0.005945108051427009,0.0
EMP07025,Komal Nitin Verma,48,21,Finance,115603,7340,6936,2267,1723,97337,0,10835,30918,5572,3080,50405,28459,3916,Medium,0.5178400813667978,0.2923759721380359,0.04023136114735404,0.3176387190893494
EMP07026,Vivek Rawat,49,22,Marketing,89106,3911,5346,2036,1986,75827,0,9892,25639,8297,5281,49109,5855,3643,Low,0.6476452978490511,0.07721523995410606,0.048043572869822096,0.33812494230287365
EMP07027,Manish Ishaan Kumawat,51,28,Operations,95000,4500,5700,2130,1687,80983,0,11589,0,4297,5172,21058,25555,5991,Medium,0.2600298828149118,0.3155600558141832,0.07397848931257177,0.0
EMP07028,Rakesh Mohanty,23,2,Sales,48002,733,2880,1143,1916,41330,3330,5128,5746,4200,1612,20016,4908,7354,Medium,0.4842971207355432,0.11875151221872732,0.17793370433099442,0.13902734091458988
EMP07029,Aarav Khurana,46,15,Sales,66047,1636,3963,1404,1388,57656,0,7693,19057,5957,3546,36253,4700,1676,Low,0.6287810462050784,0.08151796864159845,0.029068960732621062,0.33052934646871096
EMP07030,Nikita More,50,22,Sales,82423,3242,4945,1661,2135,70440,0,11270,20132,3872,3458,38732,12127,2940,Medium,0.5498580352072686,0.17216070414537193,0.041737649063032366,0.2858035207268597
EMP07031,Varun Tayal,60,32,IT,150000,13333,9000,2444,1395,123828,26964,17402,15811,6183,5192,71552,30914,3492,Medium,0.5778337694221016,0.24965274412895305,0.02820040701618374,0.12768517621216527
EMP07032,Divya Purohit,40,15,Sales,67361,1736,4042,2085,1157,58341,0,9592,19714,4658,3862,37826,8887,2760,Low,0.648360501191272,0.15232855110471194,0.04730806808248059,0.337909874702182
EMP07033,Aakash Mehta,26,3,HR,41730,420,2504,871,1385,36550,7901,5220,4909,779,935,19744,8513,1496,Medium,0.5401915184678523,0.23291381668946648,0.04093023255813953,0.1343091655266758
EMP07034,Ritika Deshmukh,34,6,Marketing,61341,1400,3680,1566,1636,53059,15332,7764,0,6850,4195,34141,2296,1907,Low,0.6434535140127028,0.0432725833506097,0.035941122147043855,0.0
EMP07035,Avantika Bhavna Wadhwa,36,15,Sales,70995,2100,4260,1242,1851,61542,19195,10972,0,10290,5595,46052,2155,2099,Low,0.7483019726365734,0.035016736537649085,0.03410678885964057,0.0
EMP07036,Karan Kulkarni,34,9,Operations,66413,1654,3985,1990,1732,57052,0,8474,18592,10626,5528,43220,2032,1659,Low,0.7575545116735609,0.03561663044240342,0.02907873518895043,0.3258781462525415
EMP07037,Gaurav Roy,40,17,IT,123195,8479,7392,2808,1559,102957,21275,16149,9835,6304,5305,58868,20973,4700,Medium,0.5717726817991977,0.20370640170168128,0.04565012578066571,0.09552531639422283
EMP07038,Rupal Mundra,55,33,IT,150000,13333,9000,2864,1545,123258,27603,14609,0,5508,5017,52737,22491,20313,High,0.4278586379788736,0.18247091466679646,0.16480066202599425,0.0
EMP07039,Mansi Jain,28,5,Marketing,59101,1288,3546,806,1595,51866,13796,7585,0,6061,4032,31474,3467,2415,Medium,0.6068329927119885,0.06684533220221339,0.046562295145181815,0.0
EMP07040,Charu Tomar,43,20,IT,132881,9932,7973,2725,1544,110707,27440,13421,5060,8258,4092,58271,27497,6032,Medium,0.5263533471234881,0.24837634476591364,0.05448616618642001,0.04570623357149954
EMP07041,Karan Fernandes,31,11,Data Science,118781,7817,7127,3899,1960,97978,0,11425,27730,4865,3208,47228,32779,4248,Medium,0.4820265773949254,0.33455469595215254,0.04335667190593807,0.2830227193859846
EMP07042,Rohit Kapoor,57,28,Sales,85000,3500,5100,1569,942,73889,0,8835,18911,12537,6556,46839,6756,2150,Low,0.6339103249468798,0.09143444897075342,0.029097700604961495,0.2559379609955474
EMP07043,Trisha Khanna,35,6,Finance,81748,3175,4905,1534,1846,70288,0,10077,16450,2012,3150,31689,26370,2335,Medium,0.4508450944684726,0.375170726155247,0.03322046437514227,0.234037104484407
EMP07044,Reema Yadav,53,29,IT,144392,12212,8664,3016,1586,118914,0,12931,27886,10715,8099,59631,23568,7754,Medium,0.501463242343206,0.19819365255562843,0.06520678809896227,0.23450560909564896
EMP07045,Ayush Arora,51,36,Customer Support,60000,1333,3600,1801,1338,51928,0,9624,15313,6371,3778,35086,2504,1937,Low,0.6756663071945771,0.04822061315667848,0.03730164843629641,0.2948890771837929
EMP07046,Reema Maheshwari,29,6,Finance,85750,3575,5145,1499,1069,74462,18091,7494,2299,6771,3853,38508,16216,3103,Medium,0.5171496870887164,0.2177755096559319,0.04167226236201015,0.030874808627219252
EMP07047,Mansi Verma,24,0,Finance,70756,2076,4245,1466,1039,61930,0,5343,9275,4223,3083,21924,10863,16776,Medium,0.35401259486517034,0.1754077183917326,0.27088648474083643,0.14976586468593572
EMP07048,Sonali Dubey,31,6,IT,95964,4596,5758,2197,2232,81181,6113,8996,0,8781,4292,28182,25918,5092,High,0.3471501952427292,0.31926189625651324,0.06272403641246105,0.0
EMP07049,Jyoti Deshmukh,47,15,Finance,102431,5365,6146,3019,2087,85814,0,13012,15522,5947,4490,38971,20679,6207,Medium,0.4541333581933018,0.24097466613839233,0.07233085510522759,0.180879576759037
EMP07050,Sonali Lodha,49,18,HR,66421,1654,3985,1520,2247,57015,0,7613,14462,2084,2432,26591,16928,2040,Medium,0.46638603876172935,0.29690432342366047,0.035780057879505396,0.2536525475751995
EMP07051,Preeti Chauhan,39,8,HR,48324,750,2899,762,1899,42014,0,6556,9185,1447,2413,19601,1959,283,Low,0.466534964535631,0.046627314704622266,0.006735849954776979,0.21861760365592423
EMP07052,Gaurav Bagri,48,27,Operations,95000,4500,5700,1257,1381,82162,0,12669,16009,3564,3219,35461,31766,3315,Medium,0.4315985492076629,0.38662642097319927,0.04034711910615613,0.19484676614493318
EMP07053,Nikhil Jindal,31,5,Finance,81859,3186,4912,2016,1680,70065,23085,8960,0,12719,5193,49957,4679,2738,Low,0.7130093484621423,0.06678084635695426,0.03907799900092771,0.0
EMP07054,Akash Khanna,31,12,IT,114392,7159,6864,3127,1537,95705,24315,14636,0,6728,3633,49312,10599,16918,Medium,0.5152499869390313,0.11074656496525782,0.17677237343921426,0.0
EMP07055,Vihaan Arjun More,41,24,Sales,78011,2801,4681,1476,1656,67397,20276,11703,0,9970,5365,47314,3690,1838,Low,0.7020193777171091,0.05475021143374334,0.027271243527159962,0.0
EMP07056,Abhishek Pawar,38,15,Operations,79158,2916,4749,1452,1598,68443,20283,12721,4045,3759,4616,45424,8302,3357,Medium,0.6636763438189442,0.12129801440614818,0.04904811302835937,0.05910027322005172
EMP07057,Charu Maheshwari,42,18,Customer Support,50463,856,3028,994,953,44632,13504,7435,0,4881,3446,29266,3498,1306,Low,0.6557178705861265,0.07837426062018282,0.02926151640078867,0.0
EMP07058,Nitin Parmar,49,25,Customer Support,54752,1071,3285,1038,1341,48017,0,6962,8672,3311,1880,20825,13497,2217,Medium,0.4337005643834475,0.28108794801841014,0.04617114771851636,0.18060270320928004
EMP07059,Riya Arjun Reddy,50,18,Sales,71616,2162,4297,2076,1344,61737,14327,5778,0,4265,2831,27201,1433,1635,Medium,0.4405947810875164,0.02321136433581159,0.026483308226833178,0.0
EMP07060,Muskan Manish Mukherjee,49,19,Data Science,145939,12521,8756,3579,1468,119615,0,16467,38094,16395,7126,78082,9679,5470,Low,0.652777661664507,0.08091794507377838,0.04573005057894077,0.3184717635748025
EMP07061,Priya Sandhu,46,16,Cyber Security,141107,11555,8466,3297,1476,116313,38821,20567,0,18019,9737,87144,5865,4082,Low,0.7492197776688763,0.0504242861932888,0.03509495929087892,0.0
EMP07062,Avantika Karan Rajput,51,25,Operations,93507,4351,5610,2146,1539,79861,15871,10607,12441,3623,2718,45260,18923,3006,Medium,0.5667347015439326,0.2369491992336685,0.0376404001953394,0.1557831732635454
EMP07063,Charu Chatterjee,40,14,HR,53953,1031,3237,1117,1280,47288,0,7494,0,7390,3261,18145,5871,2481,Medium,0.38371256978514634,0.1241541194383353,0.05246574183725258,0.0
EMP07064,Rashmi Goel,38,8,Sales,55470,1107,3328,1177,1603,48255,0,5345,13393,3665,2098,24501,205,428,Low,0.507740130556419,0.004248264428556627,0.00886954719718164,0.27754636825199464
EMP07065,Megha Rajput,59,30,HR,70000,2000,4200,2012,2082,59706,13163,9740,0,4064,2618,29585,14786,2715,Medium,0.4955113388939135,0.24764680266639869,0.04547281680233142,0.0
EMP07066,Karan Khurana,42,17,Marketing,79348,2935,4761,1959,1538,68155,21234,10172,0,7922,4616,43944,3811,2739,Medium,0.6447656078057369,0.05591666055315091,0.040187807204166974,0.0
EMP07067,Rohit Sharma,55,25,HR,66993,1699,4020,1204,1812,58258,13778,8752,9484,3728,3285,39027,8778,2155,Medium,0.6698994129561605,0.1506745854646572,0.03699062789659789,0.16279309279412268
EMP07068,Aditya Bhatia,26,3,Finance,74793,2479,4488,1745,1842,64239,14821,6093,5031,3441,2291,31677,22782,1625,High,0.4931116611404287,0.3546443749124364,0.025296159653792866,0.07831691028814272
EMP07069,Yuvraj Shetty,38,9,Cyber Security,126230,8934,7574,3931,1221,104570,0,16741,28218,6586,4901,56446,23182,3880,Medium,0.5397915272066558,0.2216888208855312,0.0371043320263938,0.26984794874246915
EMP07070,Charu Manish Banerjee,36,12,IT,109053,6358,6543,2555,1320,92277,23290,14972,0,5238,5247,48747,21159,5075,Medium,0.5282681491595955,0.22929874183165902,0.054997453319895535,0.0
EMP07071,Vivek Reddy,57,38,IT,150000,13333,9000,2467,1346,123854,27757,19835,0,8912,7963,64467,28460,7593,Medium,0.5205080175044811,0.22978668432186283,0.06130605390217514,0.0
EMP07072,Riya Ashish Mohanty,59,26,IT,143794,12092,8628,3784,1697,117593,0,13918,0,6919,3277,24114,25763,38870,High,0.20506322655260092,0.21908617009515874,0.3305468862942522,0.0
EMP07073,Tanvi Chaudhary,44,16,Finance,107397,6110,6444,3853,798,90192,0,11112,23771,3850,3875,42608,28586,4748,Medium,0.47241440482526165,0.3169460706049317,0.052643249955650166,0.2635599609721483
EMP07074,Dev Deshmukh,24,3,Finance,76150,2615,4569,1454,2453,65059,0,10815,0,4182,4220,19217,18398,5611,High,0.29537804147005026,0.2827894680213345,0.08624479318772191,0.0
EMP07075,Vidhi Pandey,36,17,Operations,85165,3516,5110,1915,1587,73037,0,12433,22115,3632,2239,40419,22551,1621,Medium,0.5534044388460643,0.30876131275928637,0.02219423032161781,0.30279173569560636
EMP07076,Lokesh Mishra,40,9,IT,98465,4846,5908,1485,1742,84484,0,8723,21661,7340,4834,42558,19423,4212,Medium,0.5037403532029734,0.22990151981440274,0.04985559395861938,0.2563917428152076
EMP07077,Priya Gill,49,16,Marketing,73520,2352,4411,1837,1128,63792,21186,10779,0,6896,5690,44551,4650,2853,Medium,0.6983791070980687,0.07289315274642588,0.0447234762979684,0.0
EMP07078,Ishaan Sabharwal,48,25,Operations,95000,4500,5700,2044,1873,80883,5797,12134,3661,1642,5679,28913,5112,1572,Medium,0.3574669584461506,0.06320240347168132,0.019435480879789326,0.04526291062398773
EMP07079,Megha Verma,58,36,IT,150000,13333,9000,2883,1672,123112,0,18614,36312,8509,5667,69102,15526,17968,Low,0.5612937812723374,0.1261128078497628,0.14594840470465917,0.29495093898239
EMP07080,Payal Seth,39,8,Operations,62403,1453,3744,1666,1883,53657,2846,7422,0,1973,2811,15052,946,1289,Medium,0.2805225786011145,0.017630504873548652,0.024022960657509737,0.0
EMP07081,Ravi Sandhu,48,16,Sales,73214,2321,4393,1509,1639,63352,19504,11060,0,8130,5362,44056,3426,3102,Low,0.6954160878898851,0.05407879782800859,0.048964515721682034,0.0
EMP07082,Akash Pallavi Jain,50,23,Sales,85000,3500,5100,1784,2355,72261,0,11596,25148,2776,5275,44795,2226,1035,Low,0.6199056199056199,0.03080499854693403,0.014323078839207871,0.3480162189839609
EMP07083,Kartik More,33,6,Finance,85497,3550,5130,1873,1530,73414,0,8121,0,4524,1494,14139,41468,3941,High,0.19259269349170458,0.56485139074291,0.053681859045958534,0.0
EMP07084,Vivaan More,58,31,Operations,95000,4500,5700,1548,1781,81471,0,12282,20081,2393,3372,38128,22829,4745,Medium,0.4679947465969486,0.2802101361220557,0.05824158289452689,0.24648034269862895
EMP07085,Ritika Agarwal,56,33,Customer Support,60000,1333,3600,1701,912,52454,0,7724,15861,1704,1170,26459,17277,1614,Medium,0.5044229229420063,0.32937430891829034,0.030769817363785413,0.302379227513631
EMP07086,Nandini Tiwari,29,2,Customer Support,36562,161,2194,964,1524,31719,7378,5550,4013,2046,1545,20532,4105,1601,Medium,0.6473091837699801,0.12941769917084398,0.05047447901888458,0.12651722942085186
EMP07087,Priya Srivastava,32,6,HR,46264,647,2776,861,1236,40744,0,7346,0,5904,3563,16813,3937,3229,Medium,0.41264971529550365,0.09662772432750834,0.07925093265266052,0.0
EMP07088,Ankit Sharma,42,18,Operations,87605,3760,5256,1248,1330,76011,7449,12939,5343,1787,3944,31462,764,1773,Medium,0.4139137756377366,0.010051176803357409,0.02332557129889095,0.07029245767060031
EMP07089,Ishaan Khandelwal,36,18,Finance,107122,6068,6427,2640,1178,90809,24662,15358,0,7969,6366,54355,16652,3296,Medium,0.5985640189849024,0.18337389465801848,0.03629596185400125,0.0
EMP07090,Prachi Seth,45,28,Customer Support,60000,1333,3600,1377,1152,52538,12536,7908,4173,2747,3049,30413,8094,3400,Medium,0.5788762419582016,0.1540599185351555,0.06471506338269443,0.07942822338117173
EMP07091,Ananya Khushi Banerjee,38,18,IT,117864,7680,7072,3797,1911,97404,0,16079,22006,6206,3879,48170,22995,5144,Medium,0.4945382119830808,0.23607860046815327,0.05281097285532422,0.22592501334647447
EMP07092,Nandini Deshmukh,60,23,HR,63295,1498,3798,1217,1610,55172,13561,7658,0,4011,3610,28840,1310,295,Medium,0.5227289204669036,0.023743928079460595,0.005346915101863264,0.0
EMP07093,Parth Rajat Joshi,54,23,Operations,85573,3557,5134,1673,1762,73447,0,7181,21296,4888,4225,37590,380,796,Low,0.5117976227756069,0.0051737987936879655,0.010837746946777948,0.2899505766062603
EMP07094,Aditi Saini,53,34,HR,70000,2000,4200,1597,1258,60945,3637,9986,0,4169,2392,20184,20105,4485,Medium,0.33118385429485603,0.32988760357699565,0.07359094265321191,0.0
EMP07095,Rakesh Pillai,51,34,Cyber Security,180000,20000,10800,2689,1461,145050,32296,24412,0,10799,6812,74319,31175,9127,Medium,0.5123681489141675,0.2149258876249569,0.06292312995518787,0.0
EMP07096,Monika George,35,11,IT,111196,6679,6672,3648,1900,92297,0,12133,3633,5445,4938,26149,22193,22166,High,0.28331365049784935,0.24045201902553712,0.2401594851403621,0.03936205943855163
EMP07097,Ayush Sabharwal,29,3,Sales,49912,829,2995,738,1856,43494,3615,5994,0,1722,2864,14195,1230,653,Medium,0.3263668551984182,0.028279762725893227,0.015013565089437624,0.0
EMP07098,Vivaan Vivek Saini,51,35,Operations,95000,4500,5700,1671,1266,81863,18828,13077,0,5700,4152,41757,19996,3375,Medium,0.5100839206967739,0.2442617543945372,0.04122741653738563,0.0
EMP07099,Rajat Patel,54,33,Sales,85000,3500,5100,1675,1672,73053,15171,10227,0,4638,2789,32825,14788,5618,Medium,0.4493313074069511,0.20242837392030444,0.07690307037356439,0.0
EMP07100,Arjun Shinde,44,20,Marketing,87012,3701,5221,2152,1971,73967,18262,12674,0,3148,3802,37886,897,49,Medium,0.5122013871050604,0.012127029621317615,0.0006624575824354104,0.0
EMP07101,Manish Jindal,45,20,IT,135092,10352,8106,2453,1656,112525,27210,20925,0,7287,7398,62820,23775,4020,Medium,0.5582759386802932,0.2112863808042657,0.035725394356809596,0.0
EMP07102,Rajat Jain,60,22,IT,136310,10595,8179,2913,1710,112913,0,16756,39332,6765,6662,69515,19659,3833,Medium,0.6156509879287593,0.17410749869368453,0.03394648977531374,0.34833898665344115
EMP07103,Shubham Tayal,41,24,Operations,90603,4060,5436,1971,1813,77323,16951,10741,5836,3149,2691,39368,12888,10416,Medium,0.5091369967538766,0.16667744396880618,0.13470765490216366,0.07547560234341658
EMP07104,Dev Reddy,31,12,Product Management,157833,14900,9470,2632,2079,128752,35963,21643,0,20953,11226,89785,6471,3411,Medium,0.6973483907046104,0.05025941344600472,0.026492792344973284,0.0
EMP07105,Riya Rajput,22,2,Customer Support,38152,241,2289,880,1231,33511,8797,3344,3150,3297,1897,20485,4654,1645,Medium,0.6112918146280326,0.13887977082152128,0.04908835904628331,0.09399898540777656
EMP07106,Shruti Chopra,25,2,Operations,56134,1140,3368,1119,1450,49057,0,7612,0,2366,2383,12361,17951,3115,Medium,0.2519721956091893,0.36592127525123835,0.06349756405813646,0.0
EMP07107,Pooja Pawar,60,35,HR,70000,2000,4200,1714,1610,60476,16490,10167,5454,4122,2636,38869,9851,2524,Medium,0.6427177723394404,0.16289106422382432,0.04173556452146306,0.09018453601428666
EMP07108,Ananya Tiwari,39,18,Marketing,78083,2808,4685,1648,1623,67319,0,10572,21505,5185,4867,42129,9918,2625,Low,0.6258114351074734,0.14732839168733938,0.03899344910055111,0.31944918967899105
EMP07109,Anurag Shetty,25,3,Sales,53614,1014,3217,732,1256,47395,0,5552,0,3200,2034,10786,3657,998,Medium,0.22757674860217322,0.07716003797868974,0.021057073530963182,0.0
EMP07110,Mohit Mundra,44,21,Finance,118700,7805,7122,3038,1312,99423,24298,13954,7741,3128,2546,51667,26064,4740,Medium,0.5196684871709766,0.26215262062098305,0.047675085241845445,0.07785924786015308
EMP07111,Aarav Chopra,57,28,Sales,85000,3500,5100,2124,2287,71989,17929,9875,0,2959,3549,34312,20445,3727,High,0.4766283737793274,0.2840017224853797,0.051771798469210574,0.0
EMP07112,Prateek Muskan Sandhu,53,32,Finance,130000,9500,7800,3809,1802,107089,33773,16704,26468,15291,8164,100400,827,1099,Low,0.9375379357356964,0.007722548534396623,0.010262491945951498,0.2471589052096854
EMP07113,Khushi Pawar,33,8,Sales,55494,1108,3330,992,1871,48193,15486,9195,9602,7383,3607,45273,524,353,Low,0.9394102878011329,0.01087294835349532,0.007324715207602764,0.19924055360737036
EMP07114,Sai Sonia Purohit,53,27,Finance,130000,9500,7800,3402,2295,107003,8589,14853,3771,8132,6379,41724,25766,9494,Medium,0.38993299253291963,0.24079698700036448,0.08872648430417839,0.03524200256067587
EMP07115,Siddharth Daga,49,24,Customer Support,60000,1333,3600,1327,1184,52556,0,9104,12170,2347,2626,26247,270,600,Low,0.49941015297967883,0.005137377273765127,0.011416393941700282,0.23156252378415404
EMP07116,Tanvi Harsh Gupta,58,27,Data Science,170000,17500,10200,3437,938,137925,0,21546,32856,16315,8695,79412,14180,7950,Low,0.5757621895957948,0.1028094979155338,0.057640021750951606,0.23821642196846113
EMP07117,Saurabh Sandhu,47,21,Data Science,155300,14393,9318,2834,1199,127556,0,15166,28206,2931,3220,49523,43698,5591,Medium,0.38824516290884004,0.34257894571795916,0.04383172880930728,0.22112640722506194
EMP07118,Arjun Hemant Menon,24,2,Finance,75628,2563,4538,1266,1748,65513,0,8071,0,6804,4036,18911,20362,6280,High,0.28866026590142413,0.3108085418161281,0.09585883717735412,0.0
EMP07119,Hemant Narang,24,2,IT,84036,3404,5042,1760,1333,72497,15658,6198,0,5359,3593,30808,25349,2525,High,0.42495551540063725,0.349655847828186,0.03482902740803068,0.0
EMP07120,Anjali Ghosh,32,8,Marketing,67055,1706,4023,1217,1086,59023,18919,10855,0,11034,5395,46203,2634,2010,Low,0.7827965369432255,0.04462667095877878,0.03405452111888586,0.0
EMP07121,Namrata Jain,23,0,Operations,50000,833,3000,950,1633,43584,14116,5197,1499,8204,3742,32758,2569,1367,Low,0.751606093979442,0.05894364904552129,0.03136472099853157,0.03439335535976505
EMP07122,Vikram Kumawat,46,15,IT,119913,7987,7195,2465,726,101540,0,15907,21870,8375,6418,52570,19442,4890,Medium,0.517727004136301,0.19147134134331298,0.048158361236950956,0.21538310025605673
EMP07123,Ashish Somani,49,23,HR,66895,1690,4014,1228,1584,58379,0,6702,20065,1756,2312,30835,14833,2282,Medium,0.52818650542147,0.2540810908031998,0.03908939858510766,0.34370235872488397
EMP07124,Jyoti Joshi,43,15,Marketing,74496,2450,4470,1612,1810,64154,16880,12330,0,2705,5396,37311,588,837,Medium,0.5815849362471552,0.009165445646413318,0.01304673130280263,0.0
EMP07125,Kavya George,49,23,Operations,91065,4106,5464,1234,1601,78660,0,11367,22934,2846,2376,39523,21309,2759,Medium,0.5024535977625223,0.27090007627765067,0.035075006356470886,0.2915586066615815
EMP07126,Anurag Lakhotia,27,6,Marketing,62012,1434,3721,2036,1664,53157,17873,7766,0,6092,4338,36069,2195,2605,Low,0.6785371634968114,0.04129277423481385,0.04900577534473353,0.0
EMP07127,Namrata Mohanty,57,31,Customer Support,60000,1333,3600,1489,1642,51936,0,9039,12071,3834,2720,27664,8826,3086,Medium,0.5326555760936538,0.16993992606284658,0.05941928527418361,0.23242067159581023
EMP07128,Parth Kavya Dubey,48,28,HR,70000,2000,4200,2005,1671,60124,0,9309,15472,3250,3565,31596,10267,2765,Medium,0.5255139378617524,0.1707637549065265,0.04598829086554454,0.2573348413279223
EMP07129,Priya Sandhu,40,9,Sales,63884,1528,3833,1337,2343,54843,0,10224,17197,6071,5760,39252,2596,1994,Low,0.7157157704720748,0.04733512025235673,0.036358331965793265,0.31356782087048485
EMP07130,Priya Behera,40,12,Data Science,124609,8691,7477,2207,1640,104594,11513,15839,5487,12244,9470,54553,11745,5125,Medium,0.5215691148631852,0.11229133602309883,0.04899898655754632,0.05245998814463545
EMP07131,Dhruv Bansal,45,18,Data Science,149080,13149,8945,3162,953,122871,0,16884,23495,9147,4678,54204,25620,6855,Medium,0.44114559171814344,0.2085113655785336,0.055790219010181406,0.1912168046162235
EMP07132,Harsh Solanki,43,16,Cyber Security,149844,13302,8991,2695,1680,123176,0,16231,42923,5913,6639,71706,10629,16592,Medium,0.5821426251867247,0.08629116061570435,0.1347015652399818,0.34846885756965645
EMP07133,Abhishek Sandhu,29,7,IT,97226,4723,5834,1573,1258,83838,16056,12027,12677,3694,2058,46512,22404,3187,Medium,0.5547842267229657,0.2672296571960209,0.038013788496862995,0.15120828264033015
EMP07134,Sakshi Pandey,43,26,Sales,85000,3500,5100,1680,1945,72775,0,13376,25041,4278,5558,48253,9758,2646,Low,0.6630436276193747,0.13408450704225353,0.036358639642734454,0.3440879422878736
EMP07135,Arjun Tomar,53,28,Sales,85000,3500,5100,1845,1725,72830,22047,12667,0,12005,6220,52939,2834,2673,Low,0.7268845256075793,0.038912536042839486,0.03670190855416724,0.0
EMP07136,Diya Lakhotia,26,5,Data Science,98871,4887,5932,1996,1133,84923,15543,7779,9230,5544,2640,40736,24015,4309,Medium,0.4796815939144872,0.28278558223331723,0.050740082192103436,0.10868669265098972
EMP07137,Komal Goel,39,15,HR,59885,1328,3593,706,1383,52875,13509,8128,3566,2226,2652,30081,512,957,Low,0.5689078014184397,0.009683215130023641,0.018099290780141844,0.06744208037825059
EMP07138,Tarun Tanvi Sandhu,38,14,Data Science,138616,11057,8317,3407,2053,113782,30188,15628,0,8521,6139,60476,15919,21638,High,0.5315076198344202,0.1399078940429945,0.19017067726002354,0.0
EMP07139,Siddharth Patel,32,5,Customer Support,42241,445,2534,1106,1552,36604,7841,3446,0,2123,1633,15043,10885,1881,High,0.41096601464320837,0.2973718719265654,0.05138782646705278,0.0
EMP07140,Diya Trivedi,46,20,Cyber Security,163341,16002,9800,2377,1712,133450,7981,18319,0,6684,7807,40791,33353,10005,Medium,0.30566504308729864,0.2499288122892469,0.07497189958786062,0.0
EMP07141,Payal Suri,23,2,Sales,45223,594,2713,770,1322,39824,0,4089,0,2920,2003,9012,506,1378,Medium,0.226295701084773,0.012705905986339895,0.034602249899558055,0.0
EMP07142,Rishabh Swain,33,8,Operations,68498,1850,4110,2152,1849,58537,16810,10537,0,3423,4177,34947,10128,3010,Medium,0.5970070212002665,0.17301877445034763,0.051420469105010504,0.0
EMP07143,Shruti Pillai,38,13,Operations,74991,2499,4499,1321,1355,65317,0,11231,6128,2430,2998,22787,3313,880,Medium,0.3488678292021985,0.05072186413950426,0.013472755944088062,0.0938193732106496
EMP07144,Pankaj Lakhotia,49,27,Customer Support,59670,1317,3580,1049,1438,52286,11127,4901,8955,4092,3019,32094,9738,2220,Medium,0.6138163179436178,0.18624488390773822,0.04245878437822744,0.1712695559040661
EMP07145,Saloni Srivastava,55,28,Sales,85000,3500,5100,1878,1927,72595,0,9015,18730,5503,4257,37505,307,871,Low,0.5166333769543356,0.004228941387147875,0.011998071492527034,0.2580067497761554
EMP07146,Tanvi Bansal,40,12,Finance,93721,4372,5623,1477,1202,81047,0,10861,0,3901,3165,17927,20237,23123,High,0.221192641306896,0.2496946216392957,0.28530358927535876,0.0
EMP07147,Mayank Bhatia,52,34,Data Science,170000,17500,10200,2850,1615,137835,0,22891,38557,5431,4779,71658,35620,7281,Medium,0.5198824681684623,0.2584249283563681,0.05282402873000327,0.2797330141110748
EMP07148,Nikita Swain,48,20,Product Management,196644,24161,11799,2971,1437,156276,0,23852,30633,9866,10449,74800,34262,9363,Medium,0.47864035424505363,0.2192403184110164,0.05991323043845504,0.1960185825078707
EMP07149,Payal Pillai,24,1,Marketing,50000,833,3000,821,1262,44084,13930,4394,3736,7768,2896,32724,1961,1567,Low,0.7423101351964432,0.044483259232374554,0.03554577624534978,0.08474730060793031
EMP07150,Pooja Sai Thomas,43,28,Finance,130000,9500,7800,3317,1432,107951,22082,14592,0,5325,2698,44697,36238,5114,Medium,0.4140489666607998,0.33568934053413124,0.047373345314077685,0.0
EMP07151,Ananya Tanvi Porwal,46,22,Marketing,86722,3672,5203,1767,1844,74236,14876,9756,12621,1890,1816,40959,17748,3366,Medium,0.551740395495447,0.2390753812166604,0.04534188264453904,0.1700118540869659
EMP07152,Siddharth Roy,39,8,Cyber Security,112903,6935,6774,2450,1404,95340,6469,14309,10357,6035,5129,42299,21427,6445,Medium,0.4436647786868051,0.22474302496328927,0.06760016782043214,0.10863226347807846
EMP07153,Priya Reddy,54,27,Finance,130000,9500,7800,3085,1337,108278,27201,12080,4645,6244,8041,58211,188,1256,Medium,0.5376069007554628,0.0017362714494172408,0.011599770959936459,0.04289883448161215
EMP07154,Divya Agarwal,35,12,Sales,64973,1582,3898,1501,1998,55994,15556,8738,0,1707,2664,28665,752,455,Medium,0.5119298496267457,0.01343001035825267,0.008125870628995963,0.0
EMP07155,Arjun Sabharwal,28,5,Cyber Security,107750,6162,6465,2599,1077,91447,0,17923,30037,7517,5466,60943,12822,4188,Low,0.6664297352564874,0.140212363445493,0.04579701903835008,0.3284634815794941
EMP07156,Ritika Gupta,27,5,Finance,79388,2939,4763,1340,1547,68799,15995,11490,4034,4322,4058,39899,6907,8877,Medium,0.5799357548801581,0.10039390107414352,0.12902803819822964,0.05863457317693571
EMP07157,Siddharth Mukherjee,48,21,Product Management,195219,23805,11713,2670,1451,155580,0,23490,0,22211,13038,58739,17387,14573,Medium,0.37754852808844325,0.1117560097698933,0.09366885203753696,0.0
EMP07158,Prachi Reddy,23,0,Cyber Security,95000,4500,5700,1349,1149,82302,22933,7854,0,8724,4633,44144,12519,11084,High,0.5363660664382397,0.15211051979295764,0.13467473451434958,0.0
EMP07159,Sonia Shukla,40,12,IT,106061,5909,6364,2999,1497,89292,7207,11955,4452,4898,3773,32285,23223,6277,High,0.36156654571518165,0.2600792904179546,0.07029745105944542,0.04985888993414864
EMP07160,Kavya Yadav,54,27,HR,70000,2000,4200,1443,1834,60523,0,8808,11215,2459,2977,25459,21637,2221,Medium,0.4206500008261322,0.3575004543727178,0.03669679295474448,0.18530145564496142
EMP07161,Komal Lodha,22,1,IT,82185,3218,4931,1787,1496,70753,0,7598,15879,3959,3457,30893,19985,3316,Medium,0.4366316622616709,0.28246152106624456,0.04686727064576767,0.2244286461351462
EMP07162,Trisha Patel,37,10,Operations,68892,1889,4134,1201,1408,60260,11888,8164,0,2753,2680,25485,17575,3813,Medium,0.4229173581148357,0.29165283770328576,0.06327580484566876,0.0
EMP07163,Pooja Rawat,24,2,Data Science,95653,4565,5739,1200,2030,82119,21818,9142,13763,6590,3141,54454,6269,11808,Low,0.6631108513255154,0.07634043278656584,0.14379132722025353,0.1675982415762491
EMP07164,Abhishek Nair,49,21,Sales,78401,2840,4704,1865,1770,67222,0,10391,19119,2667,2836,35013,19113,2271,Medium,0.5208562672934456,0.2843265597572223,0.033783582755645476,0.2844158162506322
EMP07165,Neha Pradhan,44,26,Customer Support,60000,1333,3600,2168,1873,51026,0,7488,9753,1083,2478,20802,15373,3346,Medium,0.40767451887273154,0.3012777799553169,0.06557441304433034,0.19113785129149846
EMP07166,Jyoti Behera,57,32,Operations,95000,4500,5700,1851,1910,81039,0,12510,14658,5216,5261,37645,18908,4898,Medium,0.46452942410444353,0.23331975962191043,0.06044003504485495,0.18087587457890644
EMP07167,Ishaan Rishabh Iyer,49,15,Sales,66150,1641,3969,1823,1547,57170,0,7595,0,2128,3819,13542,1876,481,Medium,0.23687248556935456,0.03281441315375197,0.008413503585796747,0.0
EMP07168,Aarav Pillai,36,11,Marketing,68501,1850,4110,1930,2305,58306,19832,8877,16887,9632,5417,60645,0,0,Low,1.040115940040476,0.0,0.0,0.2896271395739718
EMP07169,Vihaan Solanki,51,34,Sales,85000,3500,5100,1959,1126,73315,0,12917,25248,4178,4376,46719,12029,3491,Low,0.6372365818727409,0.1640728363909159,0.04761644956693719,0.34437700334174454
EMP07170,Sneha Fernandes,57,32,IT,150000,13333,9000,2574,2059,123034,28920,20885,15358,9442,7482,82087,16222,3828,Low,0.6671895573581287,0.13184973259424224,0.031113350781084903,0.1248272835151259
EMP07171,Sonali Swain,28,4,Operations,56586,1163,3395,1047,1543,49438,0,6549,3573,1646,1557,13325,23640,2081,High,0.2695295117116388,0.4781746834418868,0.04209312674460941,0.07227234111412274
EMP07172,Sonali Wadhwa,26,2,IT,86065,3606,5164,1728,1816,73751,23099,11899,0,12397,5029,52424,4428,2105,Low,0.7108242600100337,0.06003986386625266,0.028541985871378014,0.0
EMP07173,Atharv Sahu,42,25,Finance,126027,8904,7562,3175,1126,105260,0,17584,0,8728,5453,31765,32625,8716,High,0.3017765532965989,0.3099467984039521,0.08280448413452404,0.0
EMP07174,Lokesh Deepak Iyer,51,28,IT,150000,13333,9000,2595,2297,122775,6894,19883,0,2782,4287,33846,46704,9667,High,0.27567501527183874,0.3804031765424557,0.078737527998371,0.0
EMP07175,Nikita Thomas,37,11,Customer Support,48529,760,2912,721,2203,41933,10485,7373,0,3232,2825,23915,6383,2182,Medium,0.5703145494002337,0.15221901604941215,0.05203538978847209,0.0
EMP07176,Ayaan Bhatia,35,10,Operations,70299,2030,4218,1515,1879,60657,11116,6280,0,3355,1497,22248,20304,3589,Medium,0.3667837182847816,0.33473465552203374,0.059168768649949716,0.0
EMP07177,Neha Somani,44,25,Product Management,202999,25900,12180,2637,2123,160159,35369,27111,0,4009,10658,77147,7339,3137,Medium,0.4816900704924481,0.04582321318190049,0.01958678563177842,0.0
EMP07178,Aarav Pawar,38,17,Marketing,78847,2885,4731,1830,1896,67505,13195,10146,6728,2714,1521,34304,19668,2362,Medium,0.5081697652025776,0.2913561958373454,0.034990000740685874,0.09966669135619584
EMP07179,Varun Mohanty,25,3,Sales,50104,839,3006,874,1654,43731,0,4692,0,3888,2024,10604,16393,3461,Medium,0.2424824495209348,0.37485993917358396,0.07914294207770231,0.0
EMP07180,Kavya Jindal,27,4,Customer Support,39499,308,2370,1072,1784,33965,0,4190,8229,2258,2082,16759,453,399,Low,0.493419696746651,0.01333725894302959,0.01174738701604593,0.24227881642867657
EMP07181,Saloni Shinde,46,18,Customer Support,50836,875,3050,789,1529,44593,2258,7571,0,3172,2023,15024,11869,3912,High,0.33691386540488416,0.2661628506716301,0.08772677326037719,0.0
EMP07182,Diya Chopra,29,2,Marketing,50000,833,3000,971,1221,43975,0,6027,6547,7488,3589,23651,4877,2777,Medium,0.5378283115406481,0.11090392268334281,0.06314951677089255,0.14888004548038658
EMP07183,Ashish Tanvi Srivastava,56,31,Finance,130000,9500,7800,3466,1535,107699,0,12627,29971,5611,4019,52228,14840,21163,Medium,0.48494414989925627,0.1377914372463997,0.19650136027261164,0.278284849441499
EMP07184,Nitin Patel,27,6,Data Science,110769,6615,6646,3967,929,92612,20902,10038,10971,7225,2935,52071,21645,4209,Medium,0.5622489526195309,0.23371701291409322,0.04544767416749449,0.11846197037101024
EMP07185,Sakshi Agarwal,57,34,Cyber Security,180000,20000,10800,2843,1706,144651,15645,16978,19739,13340,9353,75055,24397,8226,Medium,0.5188695549978914,0.16866112228743665,0.05686790965841923,0.13645947833060262
EMP07186,Preeti Srivastava,25,3,Sales,49755,821,2985,728,1410,43811,13504,4844,4233,2787,2587,27955,1086,279,Low,0.638081760288512,0.02478829517701034,0.006368263678071718,0.0966195704275182
EMP07187,Payal Chatterjee,51,38,Data Science,170000,17500,10200,3241,1511,137548,13930,18716,0,7600,7769,48015,24627,26645,High,0.34907813999476545,0.17904295227847733,0.19371419431762002,0.0
EMP07188,Monika Rakesh Mathew,24,3,Cyber Security,106617,5993,6397,2568,2158,89501,0,10233,8849,10075,6729,35886,19579,8214,High,0.40095641389481684,0.21875733232030928,0.0917755108881465,0.09887040368264041
EMP07189,Rishabh Iyer,40,8,IT,97580,4758,5855,1653,974,84340,0,7324,18026,7035,4243,36628,12002,19520,Medium,0.434289779464074,0.1423049561299502,0.23144415461228363,0.21373013990988854
EMP07190,Saurabh Sabharwal,40,13,IT,108966,6345,6538,3026,2045,91012,0,12148,21132,1854,3881,39015,35979,2534,Medium,0.4286797345405002,0.3953214960664528,0.027842482310025052,0.23218916186876457
EMP07191,Komal Shinde,60,38,Sales,85000,3500,5100,2120,2000,72280,0,10799,13742,11388,5965,41894,4134,3250,Low,0.5796070835639181,0.057194244604316546,0.044964028776978415,0.19012174875484228
EMP07192,Vihaan Pillai,31,8,Operations,65383,1602,3923,1465,1894,56499,3825,4495,0,4194,1397,13911,22566,3967,Medium,0.24621674719906547,0.39940529920883555,0.07021363209968318,0.0
EMP07193,Komal Rajput,45,26,Finance,126044,8907,7563,2874,2064,104636,24467,16717,0,3345,3602,48131,36469,3856,Medium,0.45998509117320996,0.3485320539775985,0.03685156160403685,0.0
EMP07194,Parth Jadhav,60,22,HR,67958,1796,4077,1266,1811,59008,0,10369,20425,4732,3637,39163,9232,1989,Medium,0.6636896691973969,0.1564533622559653,0.033707293926247286,0.3461395065075922
EMP07195,Ishaan Mehta,58,36,Operations,95000,4500,5700,2048,1546,81206,0,13910,26888,11245,5822,57865,4723,2249,Low,0.7125704997167697,0.0581607270398739,0.02769499790655863,0.3311085387779228
EMP07196,Sakshi Kumawat,30,5,Data Science,98942,4894,5937,1651,1196,85264,0,8886,0,6632,2715,18233,13882,23540,High,0.21384171514355413,0.1628119722274348,0.27608369300056296,0.0
EMP07197,Hemant Swain,41,27,Sales,84546,3455,5073,1844,1459,72715,20696,13651,5914,6021,4476,50758,7810,2750,Medium,0.6980402942996631,0.10740562469916798,0.03781888193632676,0.0813312246441587
EMP07198,Megha Tomar,42,20,Operations,80817,3082,4849,1439,1164,70283,20409,12265,7404,2712,4857,47647,1804,925,Low,0.6779306517934636,0.025667657897357823,0.013161077358678486,0.10534553163638433
EMP07199,Swati Shinde,43,20,IT,128920,9338,7735,2606,1334,107907,28505,17070,3970,13475,9501,72521,8384,2747,Low,0.6720694672264079,0.07769653497919504,0.025457106582520133,0.0367909403467801
EMP07200,Anurag Menon,28,7,Operations,61913,1429,3715,1869,1876,53024,0,5434,0,9540,4886,19860,5115,4603,Medium,0.3745473747736874,0.09646575135787568,0.08680974652987326,0.0
EMP07201,Hemant Mohanty,28,2,IT,83393,3339,5004,1978,1029,72043,0,7458,0,7431,4564,19453,22909,5882,High,0.27001929403273045,0.3179906444762156,0.081645683827714,0.0
EMP07202,Komal Nandini Porwal,22,2,Operations,54837,1075,3290,1043,1555,47874,0,5518,3060,3911,2582,15071,13759,3605,High,0.31480553118603,0.2874002590132431,0.07530183398086644,0.06391778418348164
EMP07203,Dev Nair,38,12,Finance,90682,4068,5441,1732,1577,77864,15211,12070,0,2952,1905,32138,23443,5124,High,0.4127452994965581,0.3010762354875167,0.06580704818658173,0.0
EMP07204,Ritika Swain,58,26,Operations,95000,4500,5700,1423,1550,81827,18724,13103,10208,4205,3534,49774,11295,3924,Medium,0.60828332946338,0.1380351228812006,0.04795483153482347,0.12475099905899031
EMP07205,Pallavi Sandhu,47,20,Sales,76189,2619,4571,1654,1915,65430,16512,11905,0,3330,3881,35628,1505,336,Medium,0.5445208619899129,0.023001681186000305,0.005135259055479138,0.0
EMP07206,Vaishnavi Saini,53,37,Data Science,170000,17500,10200,3011,1997,137292,0,18831,0,8392,5449,32672,46306,10972,Medium,0.2379745360254057,0.33728112344492034,0.07991725665005972,0.0
EMP07207,Manish Sabharwal,47,24,Sales,85000,3500,5100,1487,2244,72669,0,10246,23342,5163,3544,42295,12589,3396,Low,0.5820225956047282,0.1732375565922195,0.046732444371052305,0.32120986940786306
EMP07208,Pooja D'Souza,56,38,Customer Support,60000,1333,3600,2123,999,51945,16813,8759,4820,1269,3091,34752,250,843,Low,0.6690153046491482,0.004812782750986621,0.016228703436326885,0.09279045143902204
EMP07209,Arjun Patel,46,23,Sales,82548,3255,4953,1793,1247,71300,0,12505,20210,9407,4954,47076,5212,2015,Low,0.6602524544179523,0.07309957924263674,0.02826086956521739,0.2834502103786816
EMP07210,Mohit Maheshwari,40,17,IT,124865,8730,7492,2337,2053,104253,0,14855,30973,4940,4698,55466,28010,5126,Medium,0.5320326513385706,0.26867332354944223,0.04916884885806643,0.29709456802202333
EMP07211,Shreya Seth,46,22,Cyber Security,171012,17753,10261,3942,1999,137057,0,18046,19008,8269,7767,53090,19501,37751,Medium,0.38735708500842714,0.1422838672960885,0.27544014534098954,0.1386868237302728
EMP07212,Tanvi Manish Pradhan,38,12,Customer Support,45240,595,2714,884,1262,39785,9899,7358,6998,3344,3006,30605,3306,1312,Low,0.7692597712705793,0.08309664446399397,0.03297725273344225,0.17589543797913787
EMP07213,Nitin Jindal,34,5,Data Science,107177,6077,6431,2497,1537,90635,20427,15955,14166,5127,4167,59842,12417,4001,Medium,0.6602526617752524,0.13700005516632646,0.044144094444750925,0.15629723616704363
EMP07214,Monika Aisha Sahu,60,28,Operations,95000,4500,5700,2079,1199,81522,16799,11627,0,2754,3119,34299,27486,4511,Medium,0.4207330536542283,0.33716052108633254,0.055334756262113295,0.0
EMP07215,Saurabh Mansi Mehta,58,38,IT,150000,13333,9000,2232,1932,123503,28811,18823,0,7474,6080,61188,26760,5351,Medium,0.4954373577969766,0.21667489858545946,0.0433268827477875,0.0
EMP07216,Saloni Rawat,40,8,Operations,64126,1540,3848,2077,1716,54945,15680,9206,0,2624,3519,31029,1642,391,Medium,0.5647283647283647,0.029884429884429884,0.007116207116207116,0.0
EMP07217,Varun Srivastava,38,17,Data Science,139411,11216,8365,3311,1814,114705,0,18374,33967,8296,4918,65555,14096,15920,Medium,0.5715095244322392,0.12288915042936227,0.1387908112113683,0.296124841985964
EMP07218,Hemant Pankaj Bose,51,32,IT,150000,13333,9000,2576,1138,123953,0,20549,30570,6249,2890,60258,43183,4714,Medium,0.486135874081305,0.3483820480343356,0.03803054383516333,0.24662573717457423
EMP07219,Aakash Chauhan,39,12,Operations,72963,2296,4378,2172,1128,62989,0,10274,19982,8883,5572,44711,2335,2213,Low,0.7098223499341155,0.037069964596993125,0.03513311848100462,0.3172299925383797
EMP07220,Tarun Mundra,31,5,Marketing,55408,1104,3324,787,1529,48664,0,4709,2579,2847,1837,11972,3363,992,Medium,0.24601348019069538,0.0691065263850074,0.020384678612526713,0.05299605457833306
EMP07221,Riya Bansal,57,31,Operations,95000,4500,5700,1221,1504,82075,27145,12340,0,9943,8410,57838,4328,3210,Low,0.7046969235455376,0.05273225708193725,0.03911056960097472,0.0
EMP07222,Nisha More,38,11,Sales,64411,1554,3865,1673,1366,55953,16268,10076,2247,4229,3845,36665,6908,2784,Medium,0.6552821117723804,0.1234607617107215,0.04975604525226529,0.040158704627097745
EMP07223,Varun Sharma,31,12,Sales,63744,1521,3825,2155,974,55269,11223,7254,0,2952,2408,23837,11699,3791,Medium,0.43129059689880406,0.21167381353018871,0.06859179648627621,0.0
EMP07224,Rahul Das,29,5,Operations,59077,1287,3545,1095,2158,50992,4425,6444,0,4329,2257,17455,12225,4064,Medium,0.3423085974270474,0.2397434891747725,0.07969877627863194,0.0
EMP07225,Muskan Gill,39,17,HR,61785,1423,3707,1414,1631,53610,0,7443,16705,2814,2553,29515,1825,134,Low,0.5505502704719268,0.0340421563141205,0.0024995336690915872,0.31160231300130575
EMP07226,Mohit Mathew,36,11,Sales,62935,1480,3776,1270,1935,54474,0,7208,11099,3244,2004,23555,9218,11521,Medium,0.432408121305577,0.1692183426955979,0.21149539229724273,0.2037485773029335
EMP07227,Swati Manish Parmar,29,7,Cyber Security,111358,6704,6681,2226,2008,93739,0,11276,0,11250,6336,28862,12018,9706,Medium,0.3078974599686363,0.12820704295970728,0.10354281569037434,0.0
EMP07228,Priya Pradhan,24,1,Operations,56286,1148,3377,850,1585,49326,0,6109,15354,4409,2479,28351,9710,2569,Medium,0.5747678708997284,0.19685358634391598,0.052082066253091676,0.3112760004865588
EMP07229,Namrata Iyer,55,29,Marketing,90000,4000,5400,1615,1139,77846,18176,14353,0,3363,6280,42172,2481,144,Medium,0.5417362484906096,0.03187061634509159,0.0018498060272846388,0.0
EMP07230,Anurag Maheshwari,57,34,Marketing,90000,4000,5400,1802,1375,77423,25019,12478,0,9027,6162,52686,5470,3761,Low,0.6804954600054247,0.07065084018960774,0.04857729615230616,0.0
EMP07231,Vihaan Pandey,38,17,Sales,70592,2059,4236,1839,1729,60729,17230,11121,0,4615,3341,36307,9222,2468,Medium,0.5978527556850928,0.15185496220915873,0.04063956264717022,0.0
EMP07232,Yash Tiwari,38,17,HR,61191,1393,3671,1445,1686,52996,10225,6062,4928,1374,1809,24398,15184,2379,Medium,0.4603743678768209,0.28651218959921504,0.0448901803909729,0.0929881500490603
EMP07233,Ankit Yuvraj Daga,37,18,Operations,85533,3553,5132,1939,1981,72928,0,12815,17686,4537,4498,39536,14917,4330,Medium,0.5421237384817903,0.20454420798595876,0.05937362878455463,0.24251316366827555
EMP07234,Krishna Nagpal,31,11,Operations,70770,2077,4246,2195,906,61346,13989,6961,10248,4385,1471,37054,12156,2688,Medium,0.6040165617970202,0.19815472891468067,0.043817037785674695,0.16705245655788478
EMP07235,Kunal Simran Sharma,55,36,Product Management,220000,31000,13200,3505,1523,170772,0,26197,44233,10185,10024,90639,33447,7286,Medium,0.5307603119949407,0.19585763474105825,0.042665073899702526,0.2590178717822594
EMP07236,Manish Rahul Suri,54,26,IT,149866,13307,8992,3991,1771,121805,25065,14664,0,6909,3806,50444,17539,30554,Medium,0.41413735068346946,0.14399244694388572,0.25084356143015474,0.0
EMP07237,Namrata Daga,57,26,Operations,95000,4500,5700,1961,2068,80771,4506,14643,9176,3289,4641,36255,2426,856,Low,0.448861596365032,0.030035532555001177,0.010597863094427456,0.11360513055428309
EMP07238,Charu Rathore,23,0,Operations,50733,870,3044,756,1787,44276,13488,4415,2637,6515,3504,30559,2277,1919,Medium,0.6901933327310507,0.05142740988345831,0.04334176529045081,0.059558225675309426
EMP07239,Nikita Lodha,41,26,Finance,120718,8108,7243,2908,2226,100233,23277,12968,0,4422,4825,45492,28620,5497,High,0.4538625003741283,0.2855347041393553,0.05484221763291531,0.0
EMP07240,Vidhi Shukla,40,9,Cyber Security,126942,9041,7617,3537,2385,104362,12330,16692,0,7370,6705,43097,14801,23155,High,0.41295682336482625,0.14182365228723098,0.22187194572737204,0.0
EMP07241,Shivam Chopra,47,25,Sales,82423,3242,4945,1415,1749,71072,0,8329,0,3741,3671,15741,1989,1055,Medium,0.22147962629446197,0.02798570463755065,0.014844101755965781,0.0
EMP07242,Tarun Mundra,51,22,Sales,76780,2678,4607,1667,1924,65904,0,12727,18652,1949,2941,36269,2714,642,Low,0.5503307841709153,0.04118111192036902,0.009741442097596503,0.2830177227482399
EMP07243,Rajat Iyer,33,5,Finance,83414,3341,5005,1433,1749,71886,17370,11166,0,4962,3472,36970,16376,3979,Medium,0.5142865091951145,0.2278051359096347,0.05535152880950394,0.0
EMP07244,Prateek Bhavna George,22,2,Operations,55109,1089,3307,982,1565,48166,10595,6843,0,1683,1764,20885,14359,2223,Medium,0.4336046173649462,0.2981148528007308,0.0461528879292447,0.0
EMP07245,Ritika Yadav,49,17,Operations,78297,2830,4698,1777,2182,66810,0,10444,0,4006,2983,17433,21654,4316,Medium,0.26093399191737765,0.3241131567130669,0.06460110761861997,0.0
EMP07246,Charu Mehta,39,15,IT,116401,7460,6984,2520,1509,97928,26558,14918,11760,5611,4577,63424,17124,2708,Medium,0.6476595049424066,0.17486316477411976,0.027652969528633282,0.12008822808594069
EMP07247,Rupal Menon,32,9,Sales,59651,1316,3579,1156,1504,52096,0,7386,0,2529,1106,11021,24480,3397,Medium,0.2115517506142506,0.4699017199017199,0.06520654176904177,0.0
EMP07248,Vaishnavi Bajaj,33,11,IT,108198,6230,6492,2384,1505,91587,33919,10699,0,14375,7789,66782,3716,3534,Low,0.7291646194328889,0.04057344382936443,0.03858626224245799,0.0
EMP07249,Palak Purohit,36,11,IT,107915,6187,6475,2751,1385,91117,19887,12245,0,5205,4339,41676,17883,6009,Medium,0.4573899491862111,0.1962641439028941,0.06594817652029808,0.0
EMP07250,Rahul Thomas,58,26,Sales,85000,3500,5100,2198,1749,72453,0,10142,19069,2912,3922,36045,712,1387,Low,0.4974949277462631,0.009827060301160753,0.01914344471588478,0.26319131022869996
EMP07251,Payal Mohanty,37,13,Customer Support,50016,834,3001,1094,1964,43123,0,7364,12031,5363,3578,28336,3275,2134,Low,0.6570971407369617,0.07594555109802194,0.04948635299028361,0.2789926489344433
EMP07252,Muskan Nandini Porwal,60,37,IT,150000,13333,9000,2249,1025,124393,0,18793,30270,18596,8051,75710,7036,7733,Low,0.6086355341538511,0.056562668317349046,0.062165877501145564,0.24334166713561053
EMP07253,Nitin Daga,39,18,Cyber Security,158630,15059,9518,2899,1485,129669,0,17630,0,8969,7727,34326,34444,10229,Medium,0.26472017213057863,0.26563018146203027,0.07888546992727637,0.0
EMP07254,Akash Iyer,25,1,Sales,50280,847,3017,1192,1764,43460,0,4967,2299,2430,2345,12041,514,1241,Medium,0.277059364933272,0.011826967326277036,0.028554993097100783,0.052899217671422
EMP07255,Harsh Mukherjee,58,38,Sales,85000,3500,5100,1810,1061,73529,0,13893,0,8310,5622,27825,8690,5622,Medium,0.3784221191638673,0.11818466183410627,0.07645962817391777,0.0
EMP07256,Simran Thomas,53,33,Operations,95000,4500,5700,1950,1253,81597,0,8864,16169,4971,3195,33199,28202,4413,Medium,0.40686544848462564,0.34562545191612437,0.05408287069377551,0.1981567949802076
EMP07257,Sneha Purohit,30,4,Data Science,99431,4943,5966,1759,906,85857,17619,13563,0,5972,3442,40596,17586,5055,Medium,0.4728327334987246,0.20482895978196303,0.05887696984520773,0.0
EMP07258,Kavya Sabharwal,32,7,Data Science,110434,6565,6626,2598,1525,93120,24230,12725,0,10659,5707,53321,18188,4581,Medium,0.5726052405498282,0.19531786941580756,0.04919458762886598,0.0
EMP07259,Nisha Yadav,23,2,Finance,75450,2545,4527,1274,1911,65193,16416,6636,0,5415,2996,31463,7067,12258,Medium,0.48261316398999893,0.10840120871872747,0.1880263218443698,0.0
EMP07260,Nikita Porwal,33,10,Sales,59667,1317,3580,1047,1725,51998,0,7130,0,9067,3665,19862,4818,3971,Medium,0.3819762298549944,0.09265740990038078,0.07636832185853303,0.0
EMP07261,Yash Yadav,53,38,Finance,130000,9500,7800,2969,2150,107581,0,14573,0,5446,4173,24192,41083,7119,Medium,0.2248724217101533,0.38187969994701665,0.06617339493033156,0.0
EMP07262,Arjun Srivastava,52,25,Marketing,88058,3806,5283,2109,1376,75484,0,11444,18604,4507,3654,38209,14393,4367,Medium,0.5061867415611255,0.19067616978432517,0.05785331990885486,0.24646282655927085
EMP07263,Vivaan Arora,22,3,Finance,73279,2328,4397,1311,2178,63065,0,6608,2073,4857,1333,14871,25505,5211,High,0.23580432886704195,0.40442400697692854,0.08262903353682709,0.03287084753825418
EMP07264,Dhruv Goel,54,28,IT,150000,13333,9000,3527,1120,123020,28884,18264,0,8553,6326,62027,29768,4974,Medium,0.5042025686880182,0.24197691432287433,0.040432450008128756,0.0
EMP07265,Aditya Pillai,25,0,Data Science,90000,4000,5400,1619,1043,77938,14843,7503,10446,4886,3682,41360,21163,3683,Medium,0.5306782314147143,0.27153634940593807,0.047255510790628445,0.13402961328235263
EMP07266,Vivaan Maheshwari,41,16,Data Science,142869,11907,8572,3707,1409,117274,32045,16594,0,8841,6824,64304,22920,5582,Medium,0.5483227313812098,0.19543973941368079,0.04759793304568788,0.0
EMP07267,Deepak Rathore,51,25,HR,68339,1834,4100,1422,1345,59638,0,10301,0,3154,3782,17237,16861,6321,High,0.28902713035313055,0.2827224252993058,0.10598946980113351,0.0
EMP07268,Vihaan Yadav,22,1,Sales,46560,661,2794,1113,2208,39784,13904,5367,0,8101,2722,30094,2082,1478,Low,0.7564347476372411,0.0523325960184999,0.03715061331188418,0.0
EMP07269,Tarun Menon,60,23,Sales,78963,2896,4738,2062,835,68432,0,11851,21073,11766,5630,50320,3951,2471,Low,0.7353285012859481,0.057736146831891516,0.0361088379705401,0.30794072948328266
EMP07270,Ritika Bedi,55,38,Sales,85000,3500,5100,1643,1678,73079,24030,8029,9592,12492,4866,59009,1589,2137,Low,0.8074686298389414,0.02174359255052751,0.029242326797027873,0.13125521695699174
EMP07271,Shivam Gill,43,26,Sales,83903,3390,5034,1204,2198,72077,0,10392,14422,7126,5241,37181,4374,4150,Low,0.5158511036807858,0.06068510065624263,0.05757731315121328,0.20009156873898748
EMP07272,Dhruv Bansal,54,31,Cyber Security,180000,20000,10800,2323,1006,145871,0,24752,47191,6894,9922,88759,2161,1024,Low,0.6084759822034538,0.014814459351070466,0.007019901145532696,0.32351187007698584
EMP07273,Sneha Saxena,24,1,Finance,72160,2216,4330,1991,1615,62008,0,6046,0,3376,1599,11021,25546,5748,High,0.17773513095084506,0.411979099471036,0.09269771642368727,0.0
EMP07274,Akash Bagri,37,14,Operations,73575,2358,4414,1693,1954,63156,0,9166,14699,3676,3080,30621,13019,4656,Medium,0.48484704541136237,0.20614035087719298,0.07372221166634998,0.2327411489011337
EMP07275,Nandini Das,48,28,Finance,129611,9442,7777,3458,1191,107743,0,12911,0,4753,4170,21834,58515,5640,High,0.20264889598396182,0.5430979274755668,0.052346788190416084,0.0
EMP07276,Krishna Sandhu,57,35,Finance,130000,9500,7800,3139,1265,108296,0,17366,0,13078,10501,40945,10959,9682,Medium,0.37808413976508826,0.1011948733101869,0.0894031173819901,0.0
EMP07277,Reema Thomas,34,11,Sales,59689,1318,3581,718,2227,51845,17648,8125,0,5515,4515,35803,3630,2068,Low,0.6905776834796027,0.07001639502362812,0.03988812807406693,0.0
EMP07278,Megha Purohit,39,15,Finance,98744,4874,5925,1470,880,85595,25506,15441,0,6201,3968,51116,12312,4623,Medium,0.5971844149775104,0.14384017758046616,0.05401016414510194,0.0
EMP07279,Ankit Pandey,52,24,Marketing,90000,4000,5400,1872,2129,76599,16481,10067,3956,2503,2850,35857,28436,2041,Medium,0.46811316074622383,0.37123200041776,0.026645256465489105,0.051645582840507055
EMP07280,Mohit Tiwari,45,21,Operations,86983,3698,5219,1651,1490,74925,0,12800,17723,3709,5892,40124,932,688,Low,0.5355221888555222,0.012439105772439106,0.009182515849182516,0.2365432098765432
EMP07281,Aditya Bagri,33,7,Operations,59297,1298,3558,735,1355,52351,9358,5836,1646,2249,1197,20286,20702,2493,High,0.38749976122710167,0.3954461232832229,0.047620866841130066,0.03144161525090256
EMP07282,Shubham Narang,46,22,Operations,91628,4163,5498,2020,1768,78179,0,11291,21773,4627,3342,41033,13255,4375,Medium,0.524859617032707,0.16954680924544954,0.05596131953593676,0.27850189948707454
EMP07283,Vidhi Pillai,42,27,Sales,85000,3500,5100,2082,1477,72841,15845,10640,3474,5397,4585,39941,11686,3185,Medium,0.5483312969344188,0.1604316250463338,0.04372537444571052,0.04769292019604344
EMP07284,Abhishek Karan Bagri,29,2,Finance,75779,2578,4547,2135,1697,64822,11999,8511,2226,1476,2411,26623,19404,2952,High,0.4107093270803122,0.29934281571071547,0.045540094412390854,0.03434019314430286
EMP07285,Charu Khurana,59,29,Customer Support,60000,1333,3600,1275,1077,52715,14713,9437,8799,3039,2921,38909,6902,1293,Low,0.7381011097410605,0.13093047519681306,0.024528122925163615,0.16691643744664705
EMP07286,Lakshay Saurabh Ahuja,33,9,IT,97602,4760,5856,1678,1572,83736,21560,6742,0,7697,3845,39844,12439,17822,High,0.4758287952612974,0.1485502054074711,0.21283557848476164,0.0
EMP07287,Yash Sharma,49,27,Sales,84231,3423,5054,1357,2090,72307,0,10145,0,7176,4270,21591,5315,8220,Medium,0.2986017951235703,0.07350602293000677,0.11368193950793146,0.0
EMP07288,Swati Charu Saini,38,16,IT,125221,8783,7513,2609,2302,104014,26055,15877,0,5595,5342,52869,23816,6245,Medium,0.5082873459342012,0.22896917722614263,0.06003999461610937,0.0
EMP07289,Sneha Porwal,31,9,Cyber Security,121302,8195,7278,2457,932,102440,29861,16811,6752,14513,7261,75198,3961,4225,Low,0.7340687231550176,0.038666536509176105,0.041243654822335024,0.06591175322139789
EMP07290,Abhishek Reddy,46,16,Sales,72133,2213,4328,1711,1633,62248,0,8748,16044,2979,2872,30643,3040,657,Low,0.4922728441074412,0.04883691042282483,0.010554555969669708,0.2577432206657242
EMP07291,Rupal Gill,35,11,Sales,62613,1464,3757,1996,2290,53106,12941,8823,3524,1312,1998,28598,15752,1880,Medium,0.5385078898806162,0.29661431853274584,0.035400896320566415,0.06635785033706172
EMP07292,Atharv Somani,45,24,Customer Support,57903,1228,3474,907,1567,50727,0,8143,0,3470,2265,13878,16978,4962,High,0.2735821160328819,0.33469355570012027,0.09781773020285055,0.0
EMP07293,Ishita Kumawat,57,34,IT,150000,13333,9000,3095,922,123650,0,20685,25467,9111,7643,62906,25640,8324,Medium,0.508742418115649,0.2073594824100283,0.06731904569348969,0.20596037201779216
EMP07294,Ayush Singh,38,17,Finance,108917,6338,6535,2438,1324,92282,22308,15517,10482,4183,2309,54799,19581,3283,Medium,0.5938211135432695,0.21218655859214147,0.035575735246310226,0.11358661494115863
EMP07295,Saurabh Khandelwal,30,2,IT,87947,3795,5277,1655,1501,75719,17183,12609,0,4155,3627,37574,13668,4354,Medium,0.49622948005124207,0.18050951544526472,0.05750208005916613,0.0
EMP07296,Vihaan Yadav,59,36,Operations,95000,4500,5700,1481,1115,82204,0,11088,0,4052,4014,19154,21919,21624,High,0.23300569315361783,0.26664152595980734,0.26305289280326993,0.0
EMP07297,Sanya Kumawat,57,35,Marketing,90000,4000,5400,1263,1361,77976,0,13645,22387,5743,4039,45814,14139,3901,Medium,0.5875397558223043,0.18132502308402584,0.05002821380937725,0.2871011593310762
EMP07298,Rupal Agarwal,27,3,IT,84936,3494,5096,1887,2124,72335,16170,6724,10030,6454,3967,43345,8588,12078,Medium,0.5992258242897629,0.11872537499135964,0.1669731112186355,0.13866039952996476
EMP07299,Khushi Nair,52,36,IT,150000,13333,9000,3678,1482,122507,31650,13057,0,12475,5057,62239,21601,8294,Medium,0.5080444382769964,0.1763246181850833,0.06770225374876537,0.0
EMP07300,Varun George,41,16,Operations,77051,2705,4623,1439,966,67318,0,9062,23398,2717,2762,37939,2058,1231,Low,0.5635788347841588,0.030571318220981015,0.018286342434415757,0.34757420006536144
EMP07301,Ayush Prachi Sabharwal,30,4,Data Science,100356,5053,6021,3800,1687,83795,23348,13545,0,6416,4098,47407,17146,4589,Medium,0.5657497464049167,0.2046184139865147,0.05476460409332299,0.0
EMP07302,Jyoti Mishra,39,17,Finance,113721,7058,6823,3920,1252,94668,0,12402,30360,2061,4450,49273,26691,4252,Medium,0.5204821058858325,0.28194321206743567,0.04491486035407952,0.3206997084548105
EMP07303,Jyoti Garima Shinde,30,7,Finance,91815,4182,5509,1975,1615,78534,6894,11678,0,6354,4652,29578,20634,6799,High,0.37662668398400695,0.262739705095882,0.08657396796292052,0.0
EMP07304,Nikhil Reddy,42,22,Marketing,85652,3565,5139,2120,1197,73631,0,9768,19882,2183,3617,35450,3078,220,Low,0.4814548220179001,0.04180304491314799,0.002987871956105445,0.2700221374149475
EMP07305,Siddharth Chopra,42,25,Operations,95000,4500,5700,2064,1130,81606,21356,12431,11808,4959,4546,55100,12510,3250,Medium,0.6751954513148543,0.15329755165061393,0.03982550302673823,0.14469524299683847
EMP07306,Amit Soni,36,13,Product Management,165524,16438,9931,2361,1871,134923,0,21985,32082,4890,4824,63781,38337,8034,Medium,0.4727214781764414,0.2841398427251099,0.05954507385694063,0.23778006714941113
EMP07307,Dev Suri,60,23,Marketing,90000,4000,5400,1714,1298,77588,19080,9855,11061,2432,3612,46040,1524,49,Low,0.593390730525339,0.01964221271330618,0.0006315409599422591,0.14256070526370057
EMP07308,Kavya Solanki,29,5,Marketing,56314,1149,3379,730,2163,48893,11946,5508,0,3954,2625,24033,9536,3594,Medium,0.49154275663182867,0.1950381445196654,0.07350745505491584,0.0
EMP07309,Tushar George,46,15,HR,57196,1193,3432,701,1825,50045,0,8055,14810,9016,4031,35912,3105,1500,Low,0.7175941652512738,0.06204416025576981,0.029973024278149664,0.29593365970626434
EMP07310,Rajat Daga,49,18,Operations,83025,3302,4982,1727,1233,71781,0,10987,23237,3683,2979,40886,13100,2905,Medium,0.5695936250539837,0.1824995472339477,0.04047031944386398,0.3237207617614689
EMP07311,Manish Shukla,30,6,Marketing,60636,1365,3638,1510,1571,52552,13078,8701,8471,2571,2431,35252,3605,7656,Low,0.670802253006546,0.06859872126655503,0.14568427462323033,0.16119272339777743
EMP07312,Nitin Pandey,51,26,Data Science,168820,17205,10129,3673,2159,135654,0,18004,35971,6218,4452,64645,16619,21991,Medium,0.4765432644816961,0.12251020979845784,0.1621109587627346,0.2651672637740133
EMP07313,Sanya Lakhotia,37,18,Sales,70894,2089,4254,2194,790,61567,0,10188,0,11308,6465,27961,8324,4999,Medium,0.45415563532411846,0.13520229993340588,0.08119609531079962,0.0
EMP07314,Ayush Pradhan,60,33,Finance,130000,9500,7800,3479,1002,108219,0,11817,26878,10420,5362,54477,19606,6422,Medium,0.5033958916641256,0.18116966521590477,0.05934262929799758,0.2483667378186825
EMP07315,Charu Das,58,27,IT,147047,12743,8823,2690,1521,121270,31895,18876,0,7784,6295,64850,25698,4720,Medium,0.5347571534592233,0.21190731425744208,0.03892141502432588,0.0
EMP07316,Shreya Trivedi,52,31,Product Management,220000,31000,13200,2620,1869,171311,0,24066,0,3543,10916,38525,8006,5308,Medium,0.22488339919794992,0.0467337182084046,0.030984583593581264,0.0
EMP07317,Pallavi Soni,50,28,HR,70000,2000,4200,2186,975,60639,0,6741,0,6563,3055,16359,20567,5657,High,0.2697768762677485,0.33917116047428225,0.09328979699533303,0.0
EMP07318,Saurabh Prachi Bedi,30,5,Marketing,58378,1252,3503,1010,1641,50972,10657,8028,0,1792,2339,22816,18782,1407,Medium,0.4476183002432708,0.3684768107980852,0.027603390096523583,0.0
EMP07319,Vivek Khurana,43,18,IT,129187,9378,7751,2494,1783,107781,0,16301,19573,4376,5034,45284,14319,21478,Medium,0.42014826360861374,0.13285272914521112,0.1992744546812518,0.18159972536903535
EMP07320,Ishita Shetty,50,16,Marketing,77923,2792,4675,1858,2233,66365,0,9986,20080,3026,3254,36346,1952,1176,Low,0.5476681985986589,0.029413094251487984,0.01772018383183907,0.3025691252919461
EMP07321,Mayank Khanna,57,37,Operations,95000,4500,5700,1491,1190,82119,20431,10769,5316,4664,4911,46091,14726,3727,Medium,0.5612708386609676,0.17932512573216916,0.04538535539887237,0.0647353231286304
EMP07322,Payal Arora,44,26,IT,150000,13333,9000,2922,2263,122482,0,16868,0,6403,6990,30261,29797,32813,High,0.2470648748387518,0.2432765630868209,0.26790058947437173,0.0
EMP07323,Aditi Solanki,36,14,Sales,66663,1666,4000,2184,1948,56865,16248,5588,0,10023,4710,36569,2322,2794,Low,0.6430844983733404,0.040833553152202585,0.04913391365514816,0.0
EMP07324,Bhavna Swain,43,16,Marketing,79286,2929,4757,1807,1298,68495,12405,8648,6708,1641,2845,32247,24970,2087,High,0.47079348857580844,0.36455215709175853,0.030469377326812177,0.097934155777794
EMP07325,Sonia Bohra,39,11,Sales,59247,1296,3555,744,1947,51705,12914,9984,0,3087,3348,29333,10998,1968,Medium,0.5673145730586984,0.21270670147954743,0.03806208297069916,0.0
EMP07326,Nikita Saloni Solanki,51,27,Operations,95000,4500,5700,1498,1668,81634,8448,13188,0,5998,4764,32398,20037,4586,Medium,0.3968689516622976,0.24544920008819854,0.05617757307004435,0.0
EMP07327,Lakshay Iyer,59,27,Sales,85000,3500,5100,1930,1158,73312,0,12920,25413,5995,4959,49287,9879,2455,Low,0.6722910301178525,0.13475283718900044,0.03348701440419031,0.34664175032736794
EMP07328,Vaishnavi D'Souza,59,34,Data Science,170000,17500,10200,3523,1063,137714,30329,13449,0,9042,4663,57483,52496,4276,Medium,0.41740854234137414,0.38119581160956767,0.031049856949910686,0.0
EMP07329,Parth Gill,34,6,Operations,59954,1331,3597,1110,2446,51470,3846,6814,5492,5115,3576,24843,9926,3622,Medium,0.48266951622304255,0.19285020400233147,0.07037108995531377,0.10670293374781425
EMP07330,Garima Yadav,27,5,Marketing,58389,1253,3503,709,1144,51780,0,8503,3836,4993,3394,20726,4191,3812,Medium,0.4002703746620317,0.08093858632676709,0.07361915797605253,0.07408265739667826
EMP07331,Anjali Bose,37,14,HR,55823,1124,3349,1100,1771,48479,0,6549,13295,3019,2448,25311,8137,3172,Medium,0.5221023535964026,0.16784587140823862,0.06543039254110027,0.27424245549619425
EMP07332,Komal Solanki,34,8,Finance,92896,4290,5574,1821,2294,78917,0,8924,25334,14465,6600,55323,3413,3034,Low,0.7010276619739727,0.04324796938555698,0.038445455351825336,0.3210208193418402
EMP07333,Yuvraj Nair,57,24,Sales,85000,3500,5100,1448,1576,73376,18995,12086,0,2711,5035,38827,1647,1304,Medium,0.5291512211077192,0.022446031399912778,0.017771478412559966,0.0
EMP07334,Vikram Yadav,50,24,Sales,78389,2839,4703,1559,980,68308,0,10395,22165,7258,5120,44938,3761,3556,Low,0.6578731627335012,0.055059436669204195,0.05205832406160332,0.3244861509632839
EMP07335,Abhishek Dubey,43,25,Sales,85000,3500,5100,1878,2221,72301,0,11516,20120,9856,4972,46464,2802,4268,Low,0.6426467130468458,0.03875465069639424,0.05903099542191671,0.27828107495055393
EMP07336,Kunal Bajaj,39,15,Sales,73957,2396,4437,1621,1702,63801,0,9573,0,3296,4130,16999,22908,4894,Medium,0.26643783012805444,0.3590539333239291,0.07670726164166705,0.0
EMP07337,Rohit Ghosh,38,10,Product Management,151249,13583,9075,3853,1560,123178,29434,18971,3878,7239,6772,66294,25790,7567,Medium,0.5381967559142055,0.20937180340645245,0.06143142444267645,0.031482894672750006
EMP07338,Siddharth Joshi,58,30,HR,70000,2000,4200,1852,2014,59934,14036,8975,0,2814,3384,29209,11415,4160,Medium,0.4873527546968332,0.1904595054560016,0.06940968398571762,0.0
EMP07339,Amit Gupta,59,30,Cyber Security,180000,20000,10800,2947,1613,144640,27478,21591,0,6443,4657,60169,43666,9720,High,0.41599142699115044,0.3018943584070796,0.06720132743362832,0.0
EMP07340,Manish Mukherjee,37,15,Finance,108691,6304,6521,2492,1715,91659,20668,13500,4429,2226,2405,43228,25853,3598,High,0.47161762620146414,0.2820563174374584,0.03925419216879957,0.04832040497932554
EMP07341,Priya Goel,23,3,IT,80625,3062,4838,2033,1243,69449,21206,9168,10688,9378,6351,56791,1560,1440,Low,0.8177367564687756,0.022462526458264336,0.02073463980762862,0.15389710434995466
EMP07342,Pooja Dubey,35,11,IT,107418,6113,6445,2271,1295,91294,5248,9835,13001,8892,6300,43276,19003,4712,Medium,0.47402896137752754,0.20815168576248166,0.05161346857405744,0.14240804434026333
EMP07343,Pallavi Gupta,47,25,IT,147121,12758,8827,3128,1875,120533,0,16089,28989,3012,3134,51224,40705,5200,Medium,0.42497905138012,0.3377083454323712,0.04314171222818647,0.24050674918901876
EMP07344,Gaurav Srivastava,57,29,HR,70000,2000,4200,1659,1260,60881,0,5857,18754,4247,1400,30258,15521,2996,Medium,0.4970023488444671,0.2549399648494604,0.049210755408091195,0.3080435603882985
EMP07345,Mansi Deshmukh,27,7,HR,44108,539,2646,715,2091,38117,8037,5222,1256,1833,1905,18253,10308,2197,Medium,0.4788676968281869,0.27043051656741085,0.05763832410735367,0.0329511766403442
EMP07346,Rishabh Sumit Bose,36,12,Finance,102617,5393,6157,2446,1402,87219,21558,13380,0,5269,5795,46002,15900,4296,Medium,0.5274309496783958,0.18229972827021634,0.04925532280810374,0.0
EMP07347,Pankaj Nandini Reddy,32,5,Customer Support,39683,317,2381,1006,1801,34178,7873,4006,0,2733,1878,16490,679,104,Medium,0.48247410615015507,0.019866580841476973,0.003042893089121657,0.0
EMP07348,Riya Roy,24,1,Customer Support,35000,83,2100,779,2098,29940,8081,3369,0,1642,1973,15065,721,341,Medium,0.5031730126920507,0.024081496325985306,0.011389445557782232,0.0
EMP07349,Ayush Deshmukh,58,23,Sales,78090,2809,4685,1818,1628,67150,0,7938,20672,3124,1573,33307,18349,3870,Medium,0.4960089352196575,0.27325390915860015,0.05763216679076694,0.3078481012658228
EMP07350,Harsh Chopra,22,3,IT,87042,3704,5223,1904,1675,74536,0,10489,0,11803,4798,27090,11448,6657,Medium,0.36344853493613827,0.1535902114414511,0.08931254695717505,0.0
EMP07351,Yash Shukla,29,7,Cyber Security,120905,8136,7254,3644,1425,100446,25843,16230,6847,5513,6142,60575,16858,5209,Medium,0.6030603508352747,0.1678314716365012,0.051858710152718875,0.0681659797304024
EMP07352,Ishaan Mathew,29,6,Product Management,141708,11675,8502,2955,2311,116265,0,19369,28972,5898,4505,58744,22428,5906,Medium,0.5052595364039049,0.19290414140110954,0.05079774652732981,0.2491893519115813
EMP07353,Sonali Bhardwaj,29,4,Finance,75479,2548,4529,1605,1774,65023,13512,5819,0,3834,3109,26274,26098,2837,High,0.4040724051489473,0.40136567060886147,0.04363071528536056,0.0
EMP07354,Diya Mehta,44,25,Marketing,90000,4000,5400,1566,1022,78012,0,10856,25254,11159,6416,53685,3939,3939,Low,0.6881633594831564,0.05049223196431318,0.05049223196431318,0.32371942778034146
EMP07355,Krishna Mehta,46,16,Customer Support,52750,971,3165,884,1697,46033,11642,6669,0,2928,1715,22954,11243,2570,Medium,0.4986422783655204,0.24423782938326852,0.055829513609801665,0.0
EMP07356,Vivek Daga,58,32,Customer Support,60000,1333,3600,1284,1865,51918,0,5650,0,3011,1434,10095,23948,2751,Medium,0.19444123425401594,0.46126584228976464,0.052987403212758584,0.0
EMP07357,Rohan Ashish Goel,24,2,Product Management,127518,9128,7651,2808,1409,106522,24528,14364,0,7932,6416,53240,479,1109,Medium,0.4998028576256548,0.0044967236814930246,0.010410994911849195,0.0
EMP07358,Aakash Singh,28,6,IT,97220,4722,5833,1992,782,83891,25877,15099,0,14168,6246,61390,2493,3625,Low,0.7317829087744812,0.029717132946323204,0.04321083310486226,0.0
EMP07359,Divya Chauhan,58,38,HR,70000,2000,4200,1930,2018,59852,0,10145,14360,4861,3694,33060,11481,2881,Medium,0.5523624941522421,0.19182316380404998,0.048135400654948875,0.239925148700127
EMP07360,Rohan Mohanty,57,28,Operations,95000,4500,5700,1217,1923,81660,24648,13829,0,9784,5562,53823,6743,3233,Medium,0.6591109478324761,0.08257408768062699,0.03959098701934852,0.0
EMP07361,Muskan Gupta,58,26,Finance,130000,9500,7800,3896,2004,106800,28955,12383,7032,9750,3817,61937,15540,13537,Medium,0.5799344569288389,0.1455056179775281,0.126750936329588,0.06584269662921348
EMP07362,Shivam Chopra,32,11,Sales,60489,1358,3629,1624,1514,52364,16384,8810,0,7181,4896,37271,2382,1460,Low,0.7117676266137041,0.045489267435642806,0.027881750821174854,0.0
EMP07363,Priya Harsh Mishra,31,5,Finance,86601,3660,5196,1644,2095,74006,17173,6571,0,4041,1740,29525,27191,3737,Medium,0.3989541388536065,0.3674161554468557,0.05049590573737264,0.0
EMP07364,Mayank Verma,45,27,Operations,95000,4500,5700,1819,1314,81667,24991,12251,12822,11725,5610,67399,3034,1852,Low,0.8252905090183306,0.0371508687719642,0.022677458459353227,0.15700344080228243
EMP07365,Priya Chopra,55,37,Operations,95000,4500,5700,2101,1121,81578,0,12693,0,2084,2566,17343,33906,5614,High,0.2125940817377234,0.4156267621172375,0.06881757336536812,0.0
EMP07366,Bhavna Harsh Chaudhary,28,2,IT,82706,3271,4962,1438,1465,71570,19964,12739,0,4533,4133,41369,14259,3606,Medium,0.5780215173955568,0.19923152158725724,0.05038423920637138,0.0
EMP07367,Saurabh Tanvi Trivedi,60,29,Operations,95000,4500,5700,1526,1372,81902,0,12192,23188,2356,2361,40097,25042,2948,Medium,0.4895729042025836,0.3057556592024615,0.03599423701496911,0.2831188493565481
EMP07368,Priya Kapoor,42,26,Data Science,164539,16241,9872,3408,1044,133974,7679,19641,9855,5408,6867,49450,19784,29161,High,0.369101467448908,0.14767044351889172,0.2176616358397898,0.073559048770657
EMP07369,Prateek Srivastava,33,5,Operations,59144,1291,3549,798,1220,52286,13831,7569,2654,4694,2682,31430,7776,2265,Medium,0.6011169337872471,0.14872049879508856,0.04331943541292124,0.05075928546838542
EMP07370,Prateek Parmar,28,5,Operations,56722,1169,3403,931,1994,49225,15916,7039,3893,6566,3891,37305,1401,1234,Low,0.7578466226510919,0.02846114779075673,0.02506856272219401,0.07908583037074657
EMP07371,Nandini Mishra,31,5,Operations,58460,1256,3508,1054,1875,50767,0,6108,14105,3401,2148,25762,2010,209,Low,0.5074556306261941,0.03959264876790041,0.004116847558453326,0.27783796560757973
EMP07372,Siddharth Tarun Reddy,32,10,Operations,66850,1685,4011,2065,2027,57062,13103,8226,0,2140,2309,25778,1553,111,Medium,0.45175423223861766,0.027216010655076932,0.0019452525323332514,0.0
EMP07373,Amit Seth,55,37,HR,70000,2000,4200,1771,1567,60462,6177,10197,4861,4189,3099,28523,15228,3302,High,0.4717508517746684,0.2518606728192915,0.054612814660447886,0.08039760510734015
EMP07374,Parth Soni,41,21,Sales,78259,2826,4696,1450,1986,67301,6500,7190,0,11877,5800,31367,6144,5537,Medium,0.46607034070816183,0.09129136268406116,0.08227218020534613,0.0
EMP07375,Rahul Reema George,53,35,Operations,95000,4500,5700,1531,1268,82001,22174,12859,0,5886,5018,45937,13290,5355,Medium,0.5602004853599346,0.16207119425372862,0.06530408165754076,0.0
EMP07376,Avantika Shubham Jadhav,49,23,Sales,79618,2962,4777,1964,1089,68826,0,9658,18776,5251,3616,37301,12472,4087,Medium,0.5419608868741465,0.18121058902159068,0.059381629035538896,0.2728038822537994
EMP07377,Shivam Roy,60,28,Data Science,164522,16238,9871,2599,1906,133908,0,15469,44898,7461,6423,74251,17831,25066,Medium,0.5544926367356693,0.13315858649221854,0.18718821877707081,0.3352899005287212
EMP07378,Akash Iyer,56,32,Operations,95000,4500,5700,1382,1253,82165,0,10861,28303,3463,3253,45880,24463,2180,Medium,0.5583886082882006,0.29773017708269944,0.02653197833627457,0.3444654049777886
EMP07379,Simran Lodha,33,9,IT,96086,4609,5765,1998,1196,82518,15267,8458,13648,5436,3403,46212,12473,13003,Medium,0.5600232676506944,0.1511548995370707,0.15757774061416904,0.165394217019317
EMP07380,Vidhi Ahuja,32,6,Finance,77370,2737,4642,2090,1964,65937,13950,8438,0,5795,3707,31890,16888,3337,Medium,0.483643477865235,0.2561232691811881,0.0506089145699683,0.0
EMP07381,Monika Vihaan Chaudhary,42,25,Sales,83083,3308,4985,1792,992,72006,23547,13368,11032,8096,7547,63590,884,1338,Low,0.8831208510401911,0.012276754714884871,0.018581784851262394,0.15320945476765824
EMP07382,Arjun Shinde,52,30,IT,150000,13333,9000,2838,1283,123546,0,16150,29574,10530,7504,63758,22087,8126,Medium,0.5160668900652389,0.17877551681155196,0.06577307237789973,0.23937642659414307
EMP07383,Yuvraj Khanna,50,18,Operations,79370,2937,4762,1676,1533,68462,0,9532,14537,3412,2304,29785,9283,15232,Medium,0.4350588647716982,0.1355934679092051,0.22248838771873447,0.21233677076334317
EMP07384,Nikhil Bansal,28,3,Sales,54543,1060,3273,970,1759,47481,0,7108,2548,6457,3623,19736,2833,4697,Medium,0.4156610012426023,0.059665971651818625,0.09892378003833112,0.053663570691434466
EMP07385,Mansi Solanki,47,26,Marketing,90000,4000,5400,1637,1909,77054,0,10269,18452,2636,3774,35131,26611,2617,Medium,0.4559270122251927,0.34535520544034054,0.033963194642718096,0.23946842474109067
EMP07386,Riya Bansal,43,17,Cyber Security,148571,13048,8914,2720,1792,122097,27456,15320,6444,11131,5920,66271,25725,5007,Medium,0.542773368715038,0.2106931374235239,0.0410083785842404,0.05277770952603258
EMP07387,Harsh Pillai,29,2,Data Science,97807,4781,5868,2060,2059,83039,21297,8931,0,7252,3677,41157,16735,3963,Medium,0.49563458134129745,0.20153181035417092,0.04772456315707077,0.0
EMP07388,Rashmi Chauhan,57,34,Customer Support,60000,1333,3600,2009,1307,51751,10840,6937,3829,2633,1507,25746,8482,9571,High,0.4974976328959827,0.16390021448860892,0.18494328612007496,0.0739889084268903
EMP07389,Prachi Tayal,39,12,Sales,63828,1525,3830,1849,1219,55405,15992,9841,2692,4606,3768,36899,8544,1909,Medium,0.6659868242938363,0.1542099088529916,0.034455374063712664,0.04858767259272629
EMP07390,Pallavi Sandhu,43,19,Customer Support,59056,1286,3543,1105,1415,51707,10906,6936,0,1349,3528,22719,2721,267,Medium,0.43937958110120484,0.052623435898427676,0.00516371090954803,0.0
EMP07391,Rohan Pawar,39,12,Marketing,71598,2160,4296,1498,1982,61662,18067,11148,0,10747,6209,46171,2714,1935,Low,0.7487755830170932,0.044014141610716484,0.03138075313807531,0.0
EMP07392,Prachi Chaudhary,35,6,Product Management,145051,12344,8703,3296,2213,118495,0,13163,0,12826,5616,31605,36016,9368,High,0.26672011477277524,0.3039453141482763,0.07905818810920293,0.0
EMP07393,Aman Sandhu,45,25,Marketing,90000,4000,5400,1616,2187,76797,21284,13115,0,2103,3335,39837,727,177,Medium,0.5187312004375171,0.009466515619099704,0.00230477753037228,0.0
EMP07394,Anurag Sabharwal,22,0,IT,80000,3000,4800,1519,1569,69112,0,7013,0,5129,3043,15185,13917,17721,High,0.21971582359069336,0.20136879268433847,0.25640988540340315,0.0
EMP07395,Vivaan Deepak Gupta,59,29,Sales,85000,3500,5100,1794,2065,72541,0,11471,0,5981,4777,22229,22038,6318,High,0.30643360306585243,0.30380060931059677,0.0870955735377235,0.0
EMP07396,Megha Solanki,48,20,Sales,75781,2578,4547,1858,1442,65356,17054,11448,0,4587,2931,36020,12568,3683,Medium,0.5511353203990452,0.19230063039353693,0.05635289797417223,0.0
EMP07397,Karan Simran D'Souza,26,6,IT,90985,4098,5459,1452,1965,78011,18835,12931,5208,5935,5366,48275,12480,3928,Medium,0.6188229865019036,0.15997743907910422,0.0503518734537437,0.06675981592339542
EMP07398,Megha Verma,40,8,Operations,62001,1433,3720,1313,1227,54308,17557,7801,6380,8808,4357,44903,2179,1437,Low,0.8268210944980482,0.04012300213596524,0.02646019002725197,0.11747808794284452
EMP07399,Neha Pandey,53,22,Sales,81433,3143,4886,1822,1239,70343,0,10045,20455,2532,3063,36095,17898,2546,Medium,0.513128527358799,0.2544389633652247,0.036194077591231534,0.29078941756820154
EMP07400,Jyoti Narang,38,8,Finance,82484,3248,4949,1301,1186,71800,16979,10797,0,5297,4139,37212,12291,3593,Medium,0.5182729805013928,0.17118384401114206,0.050041782729805015,0.0
EMP07401,Sonali Pradhan,41,21,Product Management,186781,21695,11207,3649,1260,148970,34036,21659,0,10441,9582,75718,27316,8899,Medium,0.5082768342619319,0.18336577834463313,0.059736859770423575,0.0
EMP07402,Varun Mohit Solanki,24,1,IT,83492,3349,5010,2185,1799,71149,12904,5491,5921,3630,2238,30184,23080,3067,Medium,0.4242364615103515,0.32438966113367723,0.04310671970090936,0.0832197219918762
EMP07403,Abhishek Megha Rawat,50,21,Data Science,153720,14077,9223,2505,1060,126855,0,20393,29928,8195,4892,63408,14954,26362,Medium,0.4998462811871822,0.11788262189113555,0.2078120688975602,0.23592290410310984
EMP07404,Sonali Mayank Roy,52,29,Finance,130000,9500,7800,2536,1416,108748,0,18294,0,2762,2932,23988,51786,7288,Medium,0.22058336705042852,0.47620186118365393,0.06701732445654172,0.0
EMP07405,Abhishek Riya Jain,36,15,IT,121978,8297,7319,3528,1911,100923,28645,12864,0,10245,7228,58982,16706,5536,Medium,0.5844257503245048,0.16553213836291034,0.05485370034580819,0.0
EMP07406,Saloni Deshmukh,55,28,HR,70000,2000,4200,1309,1493,60998,4616,9960,8090,4808,2671,30145,14239,2993,Medium,0.4941965310338044,0.2334338830781337,0.04906718253057477,0.13262729925571332
EMP07407,Nitin Gupta,36,18,HR,64518,1559,3871,1993,1960,55135,19492,9761,0,6619,5019,40891,2660,1379,Low,0.7416523079713431,0.04824521628729482,0.02501133581209758,0.0
EMP07408,Akash Prateek Tayal,56,28,Operations,95000,4500,5700,1629,1348,81823,0,9384,22698,3180,2631,37893,9638,20060,Medium,0.4631093946689806,0.11779084120601786,0.24516334038106644,0.27740366400645294
EMP07409,Rohit Saini,56,36,IT,150000,13333,9000,3578,1924,122165,0,21804,35441,7317,7829,72391,18096,6369,Low,0.5925674292964433,0.14812753243564034,0.052134408382106166,0.2901076413047927
EMP07410,Lokesh Lodha,34,5,Sales,57105,1189,3426,965,2219,49306,16189,7029,0,5445,4574,33237,2439,1844,Low,0.6740964588488216,0.049466596357441286,0.03739909950107492,0.0
EMP07411,Simran Khurana,34,10,Sales,60558,1361,3633,1268,1617,52679,17317,9882,0,9268,5040,41507,2779,877,Low,0.7879230813037453,0.05275346912431899,0.01664800015186317,0.0
EMP07412,Simran Arora,44,15,Customer Support,49071,787,2944,825,1518,42997,0,6811,13192,2181,2402,24586,1340,837,Low,0.5718073353954927,0.03116496499755797,0.01946647440519106,0.3068121031699886
EMP07413,Aarav Pooja Sahu,30,4,Product Management,137741,10882,8264,2238,2313,114044,0,17958,0,6742,5262,29962,29746,11548,High,0.26272315948230507,0.2608291536599909,0.10125916313002,0.0
EMP07414,Garima Gupta,41,21,IT,129058,9359,7743,2573,1824,107559,39054,18849,0,18210,8558,84671,3794,2162,Low,0.7872051618181649,0.03527366375663589,0.02010059595198914,0.0
EMP07415,Hemant Jain,52,25,Customer Support,59385,1303,3563,1126,2037,51356,4216,8175,0,982,2373,15746,2816,809,Medium,0.3066048757691409,0.054832930913622555,0.015752784484772957,0.0
EMP07416,Charu Iyer,36,12,Customer Support,46224,645,2773,827,1601,40378,0,6136,0,849,2258,9243,191,1137,Medium,0.2289117836445589,0.004730298677497647,0.028158898410025262,0.0
EMP07417,Namrata Srivastava,59,26,HR,70000,2000,4200,1656,1583,60561,14228,9884,0,4282,3650,32044,10754,4062,Medium,0.5291194002741038,0.17757302554449234,0.067072868677862,0.0
EMP07418,Nandini Verma,51,23,Marketing,87349,3735,5241,1829,1819,74725,0,9020,9905,6550,4300,29775,19036,6168,High,0.3984610237537638,0.25474740715958516,0.08254265640682502,0.1325526932084309
EMP07419,Karan Singh,41,20,Cyber Security,158015,14936,9481,2790,882,129926,0,20476,29281,7001,6995,63753,27770,6380,Medium,0.49068700644982527,0.21373705032095192,0.049104875082739405,0.22536674722534367
EMP07420,Diya Somani,26,7,Product Management,152478,13829,9149,2816,1626,125058,26727,10339,0,10106,5192,52364,21208,25123,High,0.4187177149802492,0.16958531241503944,0.2008907866749828,0.0
EMP07421,Avantika Porwal,49,15,Sales,69534,1953,4172,2102,1412,59895,0,11236,17649,4508,2689,36082,9035,2739,Low,0.6024209032473495,0.15084731613657235,0.045730027548209366,0.2946656649135988
EMP07422,Divya Kumawat,39,17,Operations,79119,2912,4747,1981,1992,67487,0,11107,22551,1820,4952,40430,689,367,Low,0.5990783410138248,0.010209373657148784,0.00543808437180494,0.3341532443285373
EMP07423,Anurag Saxena,49,15,Sales,73640,2364,4418,2068,1867,62923,0,10119,11997,9605,5154,36875,5576,3099,Medium,0.5860337237576085,0.08861624525213356,0.04925067145558858,0.1906616022757974
EMP07424,Prachi Kulkarni,43,24,Sales,85000,3500,5100,1305,2020,73075,0,10441,19520,9822,5191,44974,6668,3484,Low,0.6154498802600068,0.09124871707150188,0.047677044132740334,0.2671228190215532
EMP07425,Akash Agarwal,44,23,Customer Support,53373,1002,3202,1074,1284,46811,0,7201,10368,901,2512,20982,323,850,Low,0.44822798060284974,0.006900087586251095,0.018158125226976567,0.22148640276858003
EMP07426,Aarav Yadav,44,27,Operations,95000,4500,5700,1575,2346,80879,16456,12481,0,3610,3709,36256,29105,3571,Medium,0.44827458301907785,0.35985855413642603,0.04415237577121379,0.0
EMP07427,Tushar Sneha Rawat,54,30,Sales,85000,3500,5100,1775,1387,73238,0,11914,24889,5008,3913,45724,10062,3664,Low,0.624320707829269,0.13738769491247713,0.05002867363936754,0.33983724296130424
EMP07428,Nisha Parth Khanna,44,26,Finance,121951,8293,7317,3310,1949,101082,0,14303,22558,9316,6363,52540,20950,5324,Medium,0.519776023426525,0.20725747412991433,0.052670109416117605,0.2231653509032271
EMP07429,Pallavi Rajput,22,0,HR,40993,383,2460,1117,1424,35609,11732,4780,0,7611,3169,27292,1344,906,Low,0.766435451711646,0.03774326715156281,0.025443005981633855,0.0
EMP07430,Parth Pradhan,59,24,Finance,125362,8804,7522,3752,2079,103205,19419,15301,10953,4510,4742,54925,31418,3070,Medium,0.5321932076934257,0.30442323530836685,0.029746620803255658,0.10612857904171309
EMP07431,Ashish Parmar,50,15,Sales,71531,2153,4292,2169,2183,60734,13492,10040,9781,3418,2378,39109,9290,2574,Medium,0.6439391444660322,0.15296209701320512,0.04238153258471367,0.16104653077353706
EMP07432,Anjali Shetty,28,3,Sales,48854,776,2931,963,1937,42247,14082,4769,0,8370,4249,31470,1967,1515,Low,0.7449049636660592,0.04655951901910195,0.03586053447582077,0.0
EMP07433,Vaishnavi Krishna Menon,32,10,IT,99485,4948,5969,1419,1360,85789,0,11710,24798,7972,4102,48582,13712,4271,Medium,0.5662963783235613,0.15983401135343692,0.04978493746284489,0.2890580377437667
EMP07434,Lokesh Ishaan Goel,22,2,IT,85400,3540,5124,2153,1574,73009,16533,7307,8494,5637,4393,42364,14509,2774,Medium,0.5802572285608624,0.19872892383130847,0.03799531564601624,0.11634182087139942
EMP07435,Tushar Thomas,25,3,Data Science,99321,4932,5959,1506,1890,85034,0,11974,6917,7206,3521,29618,23001,7636,High,0.34830773572923773,0.27049180327868855,0.08979937436789989,0.08134393301502928
EMP07436,Varun Agarwal,49,17,Sales,69169,1917,4150,2138,1055,59909,0,9922,17808,1138,4243,33111,2444,1156,Low,0.5526882438364853,0.04079520606252817,0.019295932163781736,0.2972508304261463
EMP07437,Priya Dubey,49,25,Marketing,90000,4000,5400,1447,1828,77325,20060,11964,8516,4356,3047,47943,14564,3647,Medium,0.6200193986420951,0.18834788231490462,0.04716456514710637,0.11013255738764953
EMP07438,Ritika Das,60,22,Product Management,192031,23008,11522,3756,1048,152697,0,23126,48615,10838,9731,92310,29534,5074,Medium,0.6045305408750663,0.19341571871091115,0.033229205550862166,0.31837560659344977
EMP07439,Trisha Rathore,34,5,Operations,58852,1276,3531,1182,2160,50703,12456,5688,0,5115,2218,25477,11461,2446,Medium,0.502475198706191,0.22604185156696843,0.04824172139715599,0.0
EMP07440,Aisha Thomas,41,19,IT,123770,8566,7426,2394,1235,104149,22008,16428,0,5817,4546,48799,25292,5834,Medium,0.4685498660572833,0.2428443864079348,0.05601590029669032,0.0
EMP07441,Lokesh D'Souza,34,10,Operations,70649,2065,4239,2001,1237,61107,0,10321,18260,2083,3148,33812,1192,405,Low,0.5533244963752108,0.019506766818858722,0.006627718591978006,0.2988201024432553
EMP07442,Jyoti Tayal,33,9,IT,105527,5829,6332,2579,1561,89226,20670,11078,0,8315,4579,44642,15606,4967,Medium,0.5003250173716182,0.1749041759128505,0.05566763051128595,0.0
EMP07443,Ayaan Rupal Shukla,33,10,Sales,62834,1475,3770,1233,1922,54434,12049,7578,5566,3848,2972,32013,10435,1922,Medium,0.5881066980196201,0.1917000404159165,0.03530881434397619,0.10225226880258662
EMP07444,Swati More,22,1,HR,43316,499,2599,1038,1428,37752,3299,2986,0,1962,1312,9559,19554,1920,Medium,0.2532051282051282,0.5179593134138589,0.0508582326764145,0.0
EMP07445,Tushar Mohit Thomas,30,2,Cyber Security,98831,4883,5930,1275,2053,84690,6423,11787,0,4447,3412,26069,24952,6960,High,0.30781674341716847,0.2946274648718857,0.08218207580588027,0.0
EMP07446,Abhishek Porwal,42,19,Sales,75081,2508,4505,2192,1427,64449,14456,6804,9924,3918,1652,36754,18651,2130,Medium,0.5702803767319896,0.28939161197225716,0.03304938788809757,0.15398221849834753
EMP07447,Vivek Roy,56,34,Sales,85000,3500,5100,2112,1896,72392,24942,12045,0,9562,7413,53962,3560,1514,Low,0.7454138578848492,0.049176704608244005,0.020913913139573432,0.0
EMP07448,Simran Behera,23,0,Sales,46940,680,2816,740,1575,41129,10233,7007,0,2922,2332,22494,8428,2382,Medium,0.5469133701281335,0.2049162391499915,0.057915339541442776,0.0
EMP07449,Priya Mundra,31,12,Marketing,69354,1935,4161,1659,2361,59238,13215,9273,0,2658,2903,28049,18583,2302,High,0.4734967419561768,0.3137006651136095,0.03886019109355481,0.0
EMP07450,Rishabh Solanki,37,18,IT,129012,9352,7741,2524,2208,107187,0,16762,33631,8224,7479,66096,20214,4885,Medium,0.61664194351927,0.18858630244339333,0.04557455661600754,0.31376006418688834
EMP07451,Tushar Chatterjee,60,30,Customer Support,60000,1333,3600,1234,1558,52275,0,7747,0,1625,3330,12702,2188,1341,Medium,0.2429842180774749,0.04185557149689144,0.025652797704447634,0.0
EMP07452,Charu Kulkarni,36,16,IT,124402,8660,7464,3646,1282,103350,22396,15990,0,6177,4542,49105,17479,17722,High,0.47513304305757137,0.16912433478471214,0.17147556845670053,0.0
EMP07453,Siddharth Goel,29,6,Sales,54312,1049,3259,978,1527,47499,10833,6632,5593,2608,1929,27595,8336,2041,Medium,0.5809595991494558,0.17549843154592729,0.0429693256700141,0.11774984736520769
EMP07454,Preeti Pillai,55,30,Sales,85000,3500,5100,1475,1279,73646,0,10236,19113,13282,7285,49916,5756,2026,Low,0.6777829074219917,0.07815767319338457,0.02750998017543383,0.25952529668956903
EMP07455,Khushi Patel,58,32,Finance,130000,9500,7800,3365,1379,107956,0,19176,32724,18974,9860,80734,5303,2940,Low,0.7478417132905999,0.049121864463299865,0.027233317277409314,0.30312349475712325
EMP07456,Dhruv Fernandes,32,7,Marketing,58263,1246,3496,829,1449,51243,12952,6651,0,3637,1784,25024,6106,11329,Medium,0.48833987081162306,0.11915773861795757,0.22108385535585348,0.0
EMP07457,Sumit Menon,24,3,IT,90479,4048,5429,1927,2033,77042,14451,7298,5707,4210,3094,34760,21711,4508,High,0.451182471898445,0.2818073258741985,0.05851353807014356,0.07407647776537474
EMP07458,Ishita Nagpal,53,26,Marketing,90000,4000,5400,1402,2205,76993,0,9686,23222,16280,5879,55067,2350,2503,Low,0.7152208642344109,0.03052225526995961,0.03250944891093996,0.3016118348421285
EMP07459,Mansi Neha Tiwari,59,28,Marketing,90000,4000,5400,1715,1573,77312,20571,13068,0,4333,3888,41860,17294,3137,Medium,0.5414424668874173,0.22369101821192053,0.04057584850993377,0.0
EMP07460,Neha Banerjee,57,33,Operations,95000,4500,5700,1711,2011,81078,0,12473,18131,5438,4110,40152,15929,3969,Medium,0.4952268186191075,0.19646513234169566,0.04895286020868793,0.22362416438491328
EMP07461,Aditi Bagri,41,16,Marketing,77393,2739,4644,2182,1371,66457,21344,6786,0,9113,6232,43475,2406,3468,Low,0.6541824036595092,0.036203861143295664,0.05218411905442617,0.0
EMP07462,Ishaan Tomar,22,3,HR,44663,566,2680,716,1383,39318,10810,4297,2328,3680,2350,23465,7166,1532,Medium,0.5968004476321278,0.1822574902080472,0.038964342031639454,0.059209522356172745
EMP07463,Sonali Suri,35,12,Marketing,75115,2512,4507,1340,1542,65214,16813,7978,4856,3514,4631,37792,1040,578,Medium,0.5795074677216548,0.015947495936455364,0.00886312754929923,0.07446253871868004
EMP07464,Shruti Verma,24,0,Sales,45000,583,2700,886,1545,39286,10461,3798,1965,6298,2571,25093,1793,1546,Low,0.6387262638089904,0.04563966807514127,0.03935244107315583,0.05001781805223235
EMP07465,Prateek Reddy,37,8,IT,103389,5508,6203,3499,2366,85813,23366,13881,0,6608,4590,48445,15796,4696,Medium,0.5645415030356706,0.18407467400044283,0.05472364327083309,0.0
EMP07466,Riya More,36,15,IT,116072,7411,6964,2338,1432,97927,11196,19137,14129,6711,7147,58320,19741,4965,Medium,0.5955456615642264,0.20158893869923514,0.05070103240168697,0.1442809439684663
EMP07467,Akash Porwal,33,9,Finance,91567,4157,5494,1982,922,79012,17081,12577,0,4990,2745,37393,11833,13655,Medium,0.473257226750367,0.14976206145901888,0.17282184984559307,0.0
EMP07468,Pooja Lakhotia,30,4,IT,89633,3963,5378,1488,1881,76923,18425,7462,0,4616,3154,33657,24878,3872,Medium,0.43754143754143754,0.3234143234143234,0.050336050336050334,0.0
EMP07469,Mayank Saini,54,36,Sales,85000,3500,5100,1851,1752,72797,0,12377,0,13804,6936,33117,5984,3911,Medium,0.4549225929639958,0.08220118960946193,0.053724741404178745,0.0
EMP07470,Karan D'Souza,38,14,IT,110798,6620,6648,2348,1144,94038,20858,12483,4065,6537,5687,49630,16771,4945,Medium,0.5277653714455858,0.17834279759246263,0.05258512516216848,0.04322720602309705
EMP07471,Jyoti Solanki,39,10,Sales,63019,1484,3781,1963,1896,53895,0,8743,16508,2225,1994,29470,2336,869,Low,0.5468039706837369,0.043343538361629096,0.016123944707301233,0.3062992856480193
EMP07472,Dev Kapoor,34,11,Finance,94748,4475,5685,1470,1235,81883,18407,9345,13174,7901,5177,54004,10851,2561,Medium,0.6595263974207101,0.13251834935212436,0.03127633330483739,0.16088809643027246
EMP07473,Aisha Soni,49,21,Operations,90451,4045,5427,1338,1624,78017,0,11365,16314,9102,5007,41788,5835,3515,Low,0.5356268505582117,0.07479139161977517,0.045054283040875706,0.20910827127420947
EMP07474,Hemant Kunal Shinde,24,0,HR,40000,333,2400,1142,1879,34246,6967,4664,1684,830,788,14933,10397,2117,High,0.43605092565555104,0.3035975004380074,0.06181743853296735,0.049173626116918764
EMP07475,Shruti Banerjee,27,3,Marketing,52973,982,3178,861,1016,46936,12981,8589,0,3328,2290,27188,9238,2606,Medium,0.5792568604056588,0.1968212033407193,0.055522413499232995,0.0
EMP07476,Akash Mittal,28,3,HR,45107,589,2706,903,1967,38942,0,4194,11974,2251,1624,20043,10980,1874,Medium,0.5146885111191002,0.2819577833701402,0.048122849365723384,0.3074829233218633
EMP07477,Reema Sahu,36,14,Sales,66016,1634,3961,1722,1957,56742,3844,8273,5346,1293,1452,20208,23044,2629,High,0.3561383102463783,0.40611892425363927,0.04633252264636425,0.09421592471185365
EMP07478,Sakshi Reema Banerjee,25,2,Marketing,50000,833,3000,904,2154,43109,4000,5238,3795,4306,2323,19662,10066,2870,Medium,0.4560996543645178,0.2335011250550929,0.06657542508524902,0.08803266139321256
EMP07479,Yash Patel,43,16,Sales,71355,2136,4281,2175,2233,60530,0,7727,0,3656,3431,14814,3951,768,Medium,0.244738146373699,0.06527341813976541,0.012687923343796464,0.0
EMP07480,Arjun More,43,17,Operations,77170,2717,4630,1974,1615,66234,0,7024,13366,4217,3239,27846,24770,3207,Medium,0.4204185161699429,0.3739771114533321,0.04841924087326751,0.20179967992269832
EMP07481,Vikram Mishra,41,19,Customer Support,56403,1153,3384,885,2025,48956,0,7132,11482,1330,3339,23283,2221,468,Low,0.4755903260070267,0.045367268567693436,0.009559604542854809,0.234537135386878
EMP07482,Aarav Pradhan,22,1,Sales,46421,654,2785,932,1569,40481,0,5382,12563,4542,2998,25485,7329,1295,Low,0.6295546058644796,0.18104789901435242,0.03199031644475186,0.3103431239346854
EMP07483,Ishaan Trivedi,54,34,Customer Support,60000,1333,3600,1211,1457,52399,0,7902,18023,2119,3732,31776,1275,608,Low,0.6064237867134868,0.024332525429874616,0.011603274871657855,0.3439569457432394
EMP07484,Nandini Dev Soni,59,30,IT,150000,13333,9000,2401,1694,123572,0,19580,25017,8182,6589,59368,14608,23250,Medium,0.48043246042792864,0.11821448224516881,0.18814941896222445,0.20244877480335352
EMP07485,Vaishnavi Chauhan,55,29,Sales,85000,3500,5100,2149,907,73344,0,12357,0,9073,7193,28623,9097,6346,Medium,0.3902568717277487,0.12403195898778359,0.08652377835951135,0.0
EMP07486,Sneha Sneha Soni,47,26,Operations,95000,4500,5700,1618,2231,80951,0,11616,24519,3360,5796,45291,2076,167,Low,0.5594866030067571,0.025645143358327877,0.0020629763684204025,0.3028869316005979
EMP07487,Manish Kulkarni,28,2,Data Science,100336,5050,6020,3386,1953,83927,22145,14127,11684,6484,3820,58260,11502,2992,Medium,0.694174699441181,0.13704767238195098,0.035650029192035936,0.1392162236229104
EMP07488,Muskan Tayal,34,10,Sales,65702,1618,3942,1234,1812,57096,0,7884,16674,3214,1985,29757,5759,10500,Medium,0.5211748633879781,0.10086520947176685,0.183900798654897,0.29203446826397644
EMP07489,Shivam Parmar,31,6,HR,47839,725,2870,804,1466,41974,9986,3737,4499,2977,2052,23251,12426,1199,Medium,0.5539381521894506,0.2960404059655978,0.02856530233001382,0.10718540048601516
EMP07490,Ravi Rajput,57,31,Data Science,170000,17500,10200,2347,1397,138556,0,20445,0,3009,6076,29530,67004,7140,Medium,0.21312682236785127,0.4835878633909755,0.05153151072490545,0.0
EMP07491,Vivek Arjun Jindal,34,6,Sales,56765,1172,3406,1174,1430,49583,10711,5534,0,4408,2385,23038,13200,2747,High,0.46463505637012686,0.26622027711110663,0.055402053123046205,0.0
EMP07492,Prateek Seth,39,8,Sales,56854,1176,3411,829,1724,49714,0,7846,17213,6418,3963,35440,2097,1374,Low,0.7128776602164381,0.04218127690389025,0.027638089874079737,0.3462404956350324
EMP07493,Komal Chopra,54,37,HR,70000,2000,4200,2172,1992,59636,0,6017,19294,4753,3377,33441,9871,2613,Low,0.560751894828627,0.16552082634650211,0.04381581595009726,0.3235294117647059
EMP07494,Vivek Goel,49,20,Sales,82551,3255,4953,1612,1423,71308,0,11540,14359,10334,6532,42765,3973,4247,Low,0.5997223312952263,0.05571604869018904,0.0595585348067538,0.20136590564873508
EMP07495,Siddharth Harsh Pawar,48,23,Marketing,89468,3947,5368,1618,1046,77489,17644,9812,0,4581,4245,36282,3844,1546,Medium,0.46822129592587336,0.04960704099936765,0.019951218882680123,0.0
EMP07496,Atharv Ghosh,45,22,Customer Support,55434,1105,3326,1020,1337,48646,0,7259,16388,3122,2793,29562,9016,2182,Medium,0.6076964190272581,0.18533897956666529,0.044854664309501295,0.3368827858405624
EMP07497,Ashish Pradhan,36,16,Marketing,79330,2933,4760,1313,1029,69295,7588,11114,8420,5589,3761,36472,16287,3807,Medium,0.5263294610000722,0.23503860307381486,0.05493902878995598,0.12150948841907785
EMP07498,Mayank Bohra,59,34,Cyber Security,180000,20000,10800,2512,1815,144873,0,26162,45787,18482,10030,100461,7160,6842,Low,0.6934418421652068,0.049422597723523365,0.04722757173524397,0.316049229324995
EMP07499,Pankaj Rashmi George,33,6,HR,47094,688,2826,712,2184,40684,11113,4367,0,3903,2317,21700,9446,1621,Medium,0.5333792154163799,0.2321797266738767,0.03984367318847704,0.0
EMP07500,Aisha Kumawat,46,18,HR,64590,1563,3875,1305,2065,55782,0,8383,13708,6658,3841,32590,5435,2667,Low,0.5842386432899501,0.09743286364777168,0.04781112186726901,0.2457423541644258
EMP07501,Palak Tayal,24,3,Sales,51144,891,3069,725,1371,45088,14817,5497,0,9776,3679,33769,1398,1511,Low,0.7489575940383251,0.031006032647267565,0.03351224272533712,0.0
EMP07502,Akash Pallavi Bagri,47,25,Data Science,165834,16500,9950,3226,962,135196,0,16251,38873,4581,4953,64658,38115,7470,Medium,0.4782537944909613,0.28192402142075207,0.05525311399745555,0.28753069617444305
EMP07503,Muskan Aman Mittal,25,2,Customer Support,35000,83,2100,941,2329,29547,0,4174,0,2166,1603,7943,10163,2140,High,0.2688259383355332,0.3439604697600433,0.07242698074254578,0.0
EMP07504,Ananya Banerjee,39,16,Marketing,82399,3240,4944,1259,1691,71265,18134,12510,0,4581,4296,39521,15490,2483,Medium,0.5545639514488178,0.2173577492457728,0.03484178769381884,0.0
EMP07505,Divya Muskan Bhardwaj,51,30,IT,150000,13333,9000,3463,1811,122393,0,14210,42141,6914,6594,69859,11117,19579,Medium,0.5707761064766775,0.09083035794530733,0.15996829884061997,0.3443089065551134
EMP07506,Vihaan Ghosh,28,6,Operations,63128,1490,3788,1964,1070,54816,16185,5315,8981,9396,3773,43650,1835,1667,Low,0.7963003502626971,0.033475627553998834,0.03041082895504962,0.16383902510215995
EMP07507,Vihaan Porwal,47,21,Cyber Security,160257,15385,9615,3398,1271,130588,0,18833,29266,7785,5883,61767,15849,22472,Medium,0.4729913927772843,0.12136643489447729,0.17208319294268998,0.2241094128097528
EMP07508,Hemant Rajput,32,9,Product Management,153642,14062,9219,3131,2303,124927,0,21642,3967,6463,6124,38196,32397,10116,High,0.3057465559886974,0.25932744722918183,0.08097528956910836,0.03175454465407798
EMP07509,Sai Shinde,58,27,Operations,94072,4407,5644,1346,1801,80874,0,10732,16025,2834,3611,33202,16,1119,Medium,0.41053985211563665,0.0001978386131513218,0.01383633800727057,0.19814773598437074
EMP07510,Ritika Tomar,36,9,Finance,94799,4480,5688,1465,1408,81758,26215,14523,0,12209,7432,60379,4263,3187,Low,0.7385087697839967,0.05214168644047066,0.03898089483597935,0.0
EMP07511,Akash Mishra,34,5,IT,93843,4384,5631,1209,1478,81141,6552,11141,0,16098,5566,39357,5191,6185,Medium,0.4850445520760158,0.06397505576712142,0.0762253361432568,0.0
EMP07512,Pankaj Rathore,60,29,Operations,95000,4500,5700,1722,2092,80986,4766,11002,0,3160,3359,22287,17334,22303,High,0.27519571283925615,0.21403699404835402,0.27539327785049267,0.0
EMP07513,Nikhil Shinde,24,1,IT,80000,3000,4800,2115,1204,68881,0,9769,6117,7703,5095,28684,17642,4179,High,0.4164283329219959,0.2561228785877092,0.06066985090228075,0.08880533093305847
EMP07514,Preeti Parmar,51,27,Sales,85000,3500,5100,1446,1787,73167,18207,9767,0,4922,2928,35824,16049,3241,Medium,0.4896196372681673,0.21934752005685623,0.04429592575888037,0.0
EMP07515,Nikita Saxena,56,37,Customer Support,60000,1333,3600,1408,1995,51664,0,5131,15189,4384,2446,27150,16199,1523,Medium,0.5255109941158254,0.3135452152369155,0.029478940848559926,0.2939958191390523
EMP07516,Reema Bajaj,46,18,Data Science,145635,12460,8738,2464,1202,120771,28519,17619,0,5841,4979,56958,42454,3860,High,0.4716198425118613,0.35152478657955966,0.03196131521640129,0.0
EMP07517,Ishita Pawar,22,1,Sales,45000,583,2700,1112,1231,39374,8555,5057,6762,3455,2400,26229,5180,1531,Low,0.6661502514349571,0.1315588967338853,0.03888352720069081,0.1717376949255854
EMP07518,Vivaan Pillai,49,23,Sales,80590,3059,4835,1968,1651,69077,0,11119,20397,4084,3542,39142,13224,3543,Medium,0.5666430215556553,0.19143853960073542,0.051290588763264186,0.29527918120358443
EMP07519,Dhruv Sahu,40,16,Data Science,143970,12127,8638,3133,1827,118245,28709,15500,0,5546,4943,54698,37414,3975,Medium,0.46258192735422216,0.3164108418960633,0.03361664340986934,0.0
EMP07520,Gaurav Bose,50,24,Sales,82698,3270,4962,1724,1847,70895,19620,13544,0,4588,4911,42663,11404,2528,Medium,0.6017772762536145,0.16085760631920445,0.035658368009027434,0.0
EMP07521,Nisha Shinde,42,22,Operations,93675,4368,5620,2063,1725,79899,0,13061,26256,1834,2959,44110,20790,3630,Medium,0.5520719908884967,0.26020350692749594,0.04543235835241993,0.32861487628130515
EMP07522,Sanya Mehta,59,28,Data Science,170000,17500,10200,2710,1051,138539,0,17988,28363,6627,4111,57089,26490,26803,Medium,0.4120789091880265,0.19120969546481495,0.19346898707223237,0.20472935418907312
EMP07523,Tushar Goel,49,18,Finance,111277,6692,6677,2334,1652,93922,0,13413,30839,3379,4573,52204,22312,3720,Low,0.555822916888482,0.23755882540831755,0.03960733374502247,0.32834692617278166
EMP07524,Shreya Trivedi,40,18,Marketing,78176,2818,4691,2001,1971,66695,16332,9003,0,1654,2081,29070,21937,3493,High,0.4358647574780718,0.32891521103531,0.05237274158482645,0.0
EMP07525,Arjun Thomas,24,0,Operations,50434,855,3026,795,1179,44579,0,4385,0,3125,1221,8731,23043,3161,High,0.19585455034881896,0.5169025774467799,0.07090782655510443,0.0
EMP07526,Dev Kohli,30,5,Customer Support,40510,359,2431,734,1204,35782,3360,5306,5626,1544,918,16754,11293,1854,Medium,0.4682242468280141,0.3156056117601028,0.051813761108937456,0.1572298921245319
EMP07527,Garima Avantika Nagpal,28,2,Sales,50505,859,3030,983,1026,44607,15112,5054,0,7708,4501,32375,2852,1074,Low,0.725782948864528,0.06393615351850607,0.024076938597081175,0.0
EMP07528,Shubham Khandelwal,60,25,Sales,85000,3500,5100,1804,1358,73238,0,12050,21150,13107,7178,53485,3344,2792,Low,0.7302902864633114,0.04565935716431361,0.03812228624484557,0.2887845107730959
EMP07529,Prachi Kunal Sahu,43,22,Sales,83054,3305,4983,1533,1181,72052,0,12162,0,9051,6140,27353,10015,6307,Medium,0.379628601565536,0.1389968356187198,0.08753400321989674,0.0
EMP07530,Rupal Bhardwaj,36,15,IT,116129,7419,6968,3415,2048,96279,24407,15174,5316,5781,6665,57343,14005,4024,Medium,0.5955919774821092,0.14546266579420228,0.041795199368501956,0.055214532764154174
EMP07531,Kunal Thomas,50,25,Finance,128745,9312,7725,2484,1778,107446,0,18039,20932,6678,4936,50585,24805,6297,Medium,0.47079463172198127,0.23086015300709192,0.05860618357128232,0.19481413919550286
EMP07532,Deepak Chaudhary,24,1,Marketing,56900,1178,3414,731,1701,49876,0,5818,0,4254,3385,13457,17766,2948,Medium,0.26980912663405243,0.35620338439329535,0.05910658432913626,0.0
EMP07533,Sumit Banerjee,55,28,Operations,95000,4500,5700,1487,973,82340,0,12043,23695,5797,4542,46077,13258,5371,Low,0.5595943648287588,0.16101530240466358,0.06522953606995385,0.28777022103473404
EMP07534,Ishaan Srivastava,29,4,Sales,54164,1042,3250,937,1904,47031,16551,7814,0,6116,4417,34898,2146,1987,Low,0.7420212200463524,0.04562947842912122,0.04224872956135315,0.0
EMP07535,Aman Bedi,31,10,HR,48794,773,2928,1193,1818,42082,12583,7988,2158,1856,3542,28127,1059,312,Medium,0.6683855330069863,0.025165153747445462,0.00741409628819923,0.05128083266004468
EMP07536,Parth Mathew,45,28,Sales,85000,3500,5100,2050,1676,72674,0,10963,17862,2906,3260,34991,26373,2614,Medium,0.48147893331865593,0.36289457027272476,0.03596884718055976,0.24578253570740569
EMP07537,Reema Pillai,40,12,Customer Support,46627,665,2798,912,1738,40514,9617,6278,0,964,1261,18120,14812,1581,High,0.4472528015007158,0.3656020141185763,0.03902354741570815,0.0
EMP07538,Ayaan Narang,24,0,Sales,48003,733,2880,1075,2436,40879,0,4370,1969,5736,2959,15034,5707,3025,Medium,0.3677682917879596,0.13960713324689938,0.07399887472785538,0.048166540277404045
EMP07539,Ravi Roy,53,33,Sales,85000,3500,5100,1951,1851,72598,19013,9526,0,9895,5106,43540,5312,3237,Low,0.5997410396980634,0.07317005978126119,0.04458800517920604,0.0
EMP07540,Aakash Arora,58,22,Marketing,82404,3240,4944,1324,1888,71008,16963,12176,10953,4922,3932,48946,8950,2361,Low,0.6893026137899955,0.12604213609734113,0.03324977467327625,0.15425022532672375
EMP07541,Sonali Yadav,53,33,Data Science,170000,17500,10200,3467,1565,137268,31946,18347,14901,10977,7797,83968,23887,5510,Medium,0.6117084826762246,0.17401725092519743,0.04014045516799254,0.10855406941166186
EMP07542,Varun Kulkarni,50,22,Cyber Security,160561,15446,9634,2797,1531,131153,0,20960,25455,8536,5816,60767,30608,7328,Medium,0.4633290889266734,0.23337628571210722,0.055873674258309,0.19408629615792242
EMP07543,Shruti Thomas,41,26,IT,142980,11929,8579,2788,2236,117448,0,9990,41089,11419,7189,69687,10881,15553,Low,0.5933434370955657,0.09264525577276753,0.1324245623595123,0.34984844356651457
EMP07544,Vidhi Ishita Chopra,40,13,Data Science,131053,9658,7863,2593,1097,109842,9837,18332,44026,4598,5806,82599,1471,1189,Low,0.7519801168951767,0.013391963001402014,0.010824639026966006,0.4008120755266656
EMP07545,Nisha Suri,42,21,Operations,89157,3916,5349,1474,1501,76917,0,10942,8080,4728,4149,27899,22181,4384,Medium,0.3627156545367084,0.28837578168675326,0.056996502723715176,0.10504829881560643
EMP07546,Gaurav Akash Patel,41,16,IT,122299,8345,7338,2227,1710,102679,26134,13573,0,6006,3998,49711,26437,6341,Medium,0.484139892285667,0.2574723166372871,0.061755568324584384,0.0
EMP07547,Sonia Reddy,31,6,Finance,87334,3733,5240,1731,1116,75514,18064,11560,10204,4345,4777,48950,8948,7435,Medium,0.6482241703525174,0.11849458378578806,0.09845856397489207,0.13512726117011414
EMP07548,Nikhil Sandhu,26,3,Customer Support,35149,91,2109,850,775,31324,6708,3781,4921,3155,1749,20314,4837,1396,Medium,0.6485123228195633,0.15441833737709104,0.044566466607074445,0.1570999872302388
EMP07549,Neha Bose,22,2,Sales,50467,857,3028,701,1129,44752,0,5174,2944,2397,2594,13109,3113,734,Medium,0.2929254558455488,0.0695611369324276,0.016401501608866643,0.06578476939578119
EMP07550,Shubham Joshi,28,6,Customer Support,41647,416,2499,1092,1775,35865,3751,4363,1988,673,1525,12300,14037,2097,Medium,0.34295273943956506,0.3913843580092012,0.05846925972396487,0.055430085041126446
EMP07551,Khushi Khandelwal,46,26,Marketing,90000,4000,5400,1943,1231,77426,0,12926,24052,3054,4604,44636,1568,1327,Low,0.5764988505153308,0.020251595071423035,0.017138945573838247,0.31064500297057834
EMP07552,Divya Bose,33,5,Sales,50059,836,3004,967,981,44271,3737,8482,0,5257,4408,21884,2273,2688,Medium,0.49431908021052157,0.051342865532741526,0.06071694788913736,0.0
EMP07553,Payal Tayal,58,35,Marketing,90000,4000,5400,1868,1891,76841,0,11245,0,1618,2439,15302,40670,3445,Medium,0.1991384807589698,0.5292747361434651,0.044832836636691346,0.0
EMP07554,Sakshi Chauhan,54,27,Marketing,90000,4000,5400,2015,1907,76678,0,10330,23871,12183,5507,51891,5452,3816,Low,0.6767390907431076,0.0711025326690837,0.049766556248206785,0.3113148491092621
EMP07555,Bhavna Arora,34,10,Sales,59786,1323,3587,754,1984,52138,16468,5344,0,9716,3404,34932,4006,1428,Low,0.6699911772603475,0.07683455445164755,0.027388852660247803,0.0
EMP07556,Rupal Kulkarni,35,11,Marketing,70402,2040,4224,2161,1121,60856,22753,11774,10432,11264,4670,60893,0,0,Low,1.0006079926383593,0.0,0.0,0.1714210595504141
EMP07557,Diya Shukla,28,7,Sales,57602,1213,3456,1073,1822,50038,11918,8722,4708,3409,2728,31485,7165,1734,Medium,0.6292217914385068,0.1431911747072225,0.03465366321595587,0.09408849274551341
EMP07558,Pooja Mukherjee,52,34,IT,150000,13333,9000,3632,1557,122478,0,12330,40905,9493,7548,70276,12436,23062,Medium,0.5737846796975783,0.10153660249187609,0.1882950407420108,0.3339783471317298
EMP07559,Sumit Wadhwa,39,13,Sales,67987,1799,4079,1635,1750,58724,15807,7892,0,8456,5330,37485,2293,3506,Medium,0.6383250459777944,0.03904706763844425,0.05970301750561951,0.0
EMP07560,Sai Mukherjee,60,32,IT,150000,13333,9000,2236,1705,123726,0,20543,27871,12682,10999,72095,12197,5072,Low,0.5826988668509449,0.09858073484958699,0.04099380890031198,0.2252638895624202
EMP07561,Rajat Rathore,57,34,Operations,95000,4500,5700,1882,1528,81390,0,11722,0,3194,3143,18059,2630,2499,Medium,0.22188229512225088,0.03231355203341934,0.030704017692591228,0.0
EMP07562,Komal Somani,40,15,Finance,100367,5055,6022,2604,1854,84832,0,14076,0,2400,2725,19201,36176,5281,High,0.22634147491512638,0.42644285175405505,0.06225245190494153,0.0
EMP07563,Trisha Saxena,45,25,IT,138148,10963,8289,2212,1306,115378,26519,16282,0,7094,5074,54969,23847,7475,Medium,0.4764253150513963,0.20668584998873268,0.06478704779074,0.0
EMP07564,Rupal Mishra,54,26,IT,150000,13333,9000,2775,862,124030,24643,15475,0,3902,5673,49693,38723,5742,Medium,0.40065306780617593,0.31220672417963397,0.046295251148915584,0.0
EMP07565,Rajat Pandey,55,34,HR,70000,2000,4200,2179,2266,59355,0,7765,0,1223,2406,11394,29942,4213,High,0.19196360879454133,0.5044562378906579,0.07097969842473253,0.0
EMP07566,Hemant Nitin Mukherjee,58,37,Customer Support,60000,1333,3600,1842,1669,51556,0,7850,14924,8849,4892,36515,2358,1624,Low,0.70825898052603,0.045736674683838935,0.031499728450616805,0.2894716424858406
EMP07567,Sakshi Somani,56,28,IT,150000,13333,9000,3760,1670,122237,44577,17934,0,12852,10589,85952,5163,4230,Low,0.7031586180943576,0.04223762036044733,0.03460490686126132,0.0
EMP07568,Reema Rashmi Sahu,58,22,Marketing,88091,3809,5285,2110,1823,75064,0,10393,16135,3846,3684,34058,19009,4090,Medium,0.453719492699563,0.25323723755728444,0.05448683789832676,0.21494990941063627
EMP07569,Trisha Dubey,39,15,Data Science,134125,10158,8048,2679,1101,112139,0,12561,32260,8038,3498,56357,32673,5309,Medium,0.5025637824485683,0.2913616137115544,0.04734302963286635,0.287678684489785
EMP07570,Nikhil Purohit,35,5,IT,98102,4810,5886,2037,1740,83629,19157,12788,0,6161,5013,43119,19484,4936,Medium,0.5155986559686233,0.23298138205646365,0.059022587858278824,0.0
EMP07571,Rishabh Rawat,25,0,IT,83934,3393,5036,1283,1450,72772,0,10203,0,7780,3801,21784,24609,5077,Medium,0.2993459022701039,0.3381657780465014,0.06976584400593636,0.0
EMP07572,Anurag Singh,38,8,Marketing,64742,1570,3885,1860,1991,55436,0,10789,4160,7401,5619,27969,5871,3437,Medium,0.504527743704452,0.10590590951728118,0.06199942275777473,0.0750414892849412
EMP07573,Nitin Solanki,59,28,Operations,93353,4335,5601,1975,1829,79613,0,12636,17935,4949,5444,40964,16988,3759,Medium,0.5145390828131085,0.2133822365694045,0.04721590694987,0.22527727883637094
EMP07574,Nisha Kartik Purohit,43,20,HR,60649,1366,3639,2019,1432,52193,18651,6411,6980,10291,5330,47663,740,723,Low,0.9132067518632767,0.014178146494740675,0.013852432318510145,0.13373440882877013
EMP07575,Ayush Amit Rawat,26,4,IT,91537,4154,5492,1315,1897,78679,5778,11554,0,4279,4261,25872,24010,5365,Medium,0.32882980210729673,0.30516402089502914,0.06818846197841864,0.0
EMP07576,Neha Bajaj,45,22,Data Science,158186,14971,9491,3550,1792,128382,29832,18353,0,6650,6485,61320,33442,6860,High,0.4776370519231668,0.2604882304372887,0.053434282064463864,0.0
EMP07577,Sonia Sabharwal,48,26,Sales,85000,3500,5100,1580,1632,73188,0,10297,16857,12772,6048,45974,6647,2412,Medium,0.6281630868448379,0.09082089960102749,0.03295622233152976,0.23032464338416134
EMP07578,Gaurav Maheshwari,28,4,IT,91211,4121,5473,1221,2171,78225,0,10233,15498,1889,1853,29473,26609,4335,Medium,0.3767721316714605,0.3401597954618089,0.05541706615532119,0.19812080536912752
EMP07579,Vivek Suri,36,12,Marketing,72482,2248,4349,1346,1597,62942,0,6531,15577,3671,3776,29555,1388,964,Low,0.4695592767945092,0.022052047917130058,0.015315687458294938,0.24748180864923264
EMP07580,Anjali Bhatia,42,28,IT,145749,12483,8745,3560,1111,119850,26750,13451,7417,7868,3102,58588,32722,6473,Medium,0.48884438881935754,0.2730246141009595,0.05400917813934084,0.06188569044639132
EMP07581,Aditya Sabharwal,27,5,Operations,57340,1200,3440,1178,1072,50450,0,7489,5015,2270,3488,18262,1260,1032,Medium,0.36198216055500493,0.02497522299306244,0.02045589692765114,0.09940535183349851
EMP07582,Krishna Tomar,26,4,IT,91297,4130,5478,2113,1533,78043,19542,10342,4748,6493,3870,44995,13141,4176,Medium,0.5765411375780018,0.16838153325730687,0.05350896300757275,0.060838255833322655
EMP07583,Shivam Palak Dubey,37,16,Sales,69786,1979,4187,1202,1995,60423,16340,8940,9684,4071,2877,41912,6688,1942,Medium,0.693643149131953,0.11068632805388677,0.03214007910894858,0.1602700958244377
EMP07584,Ankit Deepak Naidu,39,17,Marketing,77120,2712,4627,1313,1429,67039,15944,12362,0,4998,3573,36877,13088,2995,Medium,0.5500827876310804,0.1952296424469339,0.044675487402855055,0.0
EMP07585,Ayaan Goel,50,25,HR,67357,1736,4041,1972,1370,58238,0,8558,15436,1791,1377,27162,16483,3468,Medium,0.4663965108691919,0.28302826333321884,0.05954874823998077,0.2650503107936399
EMP07586,Rishabh Singh,22,3,Sales,45000,583,2700,723,1727,39267,9750,3875,0,3220,1305,18150,14207,1069,Medium,0.462220184888074,0.36180507805536455,0.02722387755621769,0.0
EMP07587,Abhishek Jain,26,4,Operations,61982,1432,3719,1268,1041,54522,10845,6417,0,1115,1474,19851,19155,3406,High,0.36409155937052934,0.35132607021019036,0.06247019551740582,0.0
EMP07588,Dhruv Gupta,56,35,Customer Support,60000,1333,3600,1816,1845,51406,0,5796,16588,3403,2006,27793,15152,1335,Medium,0.5406567326771194,0.2947515854180446,0.025969731159786794,0.3226860677741898
EMP07589,Divya Parmar,53,29,Finance,130000,9500,7800,2333,1294,109073,19722,14834,5719,3241,3518,47034,31228,4808,High,0.431215791259065,0.2863036681855271,0.04408056989355753,0.05243277438046079
EMP07590,Rakesh Abhishek Rawat,52,23,Finance,124625,8694,7478,2957,1312,104184,0,16254,22763,7076,4890,50983,19354,5774,Medium,0.4893553712662213,0.18576748828994855,0.055421177915994775,0.21848844352299776
EMP07591,Nikita Reddy,22,2,IT,86578,3658,5195,1675,1492,74558,0,8037,0,7426,4536,19999,25724,6100,High,0.2682341264518898,0.3450199844416427,0.08181549934279353,0.0
EMP07592,Namrata Narang,31,5,Sales,52616,964,3157,807,1752,45936,0,5013,14786,2203,2986,24988,541,1010,Low,0.5439742250087077,0.01177725531173807,0.021987112504353885,0.3218826192964124
EMP07593,Monika Aakash Sandhu,25,2,Operations,51587,913,3095,865,2296,44418,5239,5322,3358,2464,2203,18586,1308,539,Medium,0.4184339682110856,0.02944752127515872,0.012134720158494304,0.07559998198928362
EMP07594,Mayank Kapoor,24,3,HR,40000,333,2400,759,2232,34276,8618,4633,0,2353,2367,17971,1196,723,Medium,0.524302719103746,0.03489321974559458,0.021093476485004085,0.0
EMP07595,Vivek Shetty,34,9,IT,106656,5998,6399,3369,1283,89607,0,10138,3340,9174,5512,28164,27885,7806,High,0.31430580200207575,0.31119220596605174,0.08711372995413305,0.037273873692903456
EMP07596,Saloni Shinde,36,15,IT,115308,7296,6918,2285,2262,96547,5859,14307,0,2721,6189,29076,6488,2707,Medium,0.30115902099495584,0.06720043087822511,0.028038157581281656,0.0
EMP07597,Aditya Bansal,49,26,IT,146491,12632,8789,3295,1350,120425,0,21528,22066,9398,7348,60340,22538,6959,Medium,0.5010587502594976,0.1871538301847623,0.05778700435955989,0.18323437824372016
EMP07598,Amit Nagpal,43,18,Product Management,184363,21091,11062,3576,1269,147365,0,23365,29275,8873,6171,67684,35870,7796,Medium,0.45929494791843384,0.24340922199979642,0.05290265666881552,0.1986563973806535
EMP07599,Simran Krishna Behera,32,5,Sales,53664,1017,3220,1076,1836,46515,0,6908,0,3380,2986,13274,7587,11231,High,0.2853703106524777,0.16310867462108997,0.24144899494786629,0.0
EMP07600,Namrata Somani,57,29,Sales,84716,3472,5083,1628,1279,73254,0,12679,15015,4436,4836,36966,17087,4036,Medium,0.5046277336391187,0.23325688699593197,0.055095967455702076,0.20497174215742486
EMP07601,Pankaj Shukla,47,19,Operations,87363,3736,5242,1831,1070,75484,17522,13100,9558,3678,3487,47345,178,85,Low,0.627219013300832,0.002358115627152774,0.0011260664511684596,0.12662286047374277
EMP07602,Sneha Mishra,31,6,Finance,84528,3453,5072,2037,1277,72689,18874,12000,2385,5281,3896,42436,12465,2718,Medium,0.5838022259213911,0.17148399345155388,0.03739217763347962,0.03281101679758973
EMP07603,Karan Patel,43,28,Data Science,169410,17352,10165,2987,2184,136722,33707,14013,0,11739,6490,65949,20541,23716,High,0.48235836222407513,0.15023917145740992,0.17346147657289976,0.0
EMP07604,Aisha Roy,37,13,Product Management,160287,15391,9617,3339,1928,130012,28351,18378,4000,5509,5041,61279,34934,5984,Medium,0.4713334153770421,0.2686982740054764,0.04602652062886503,0.030766390794695873
EMP07605,Sanya Chauhan,29,5,Marketing,56417,1154,3385,878,1474,49526,12407,6718,0,3044,2926,25095,9124,3664,Medium,0.5067035496506885,0.18422646690627145,0.07398134313289989,0.0
EMP07606,Anjali Bhardwaj,25,1,Product Management,123041,8456,7382,3912,1318,101973,24987,8447,18272,9276,5752,66734,9959,15109,Low,0.6544281329371501,0.0976631069008463,0.14816667156992538,0.17918468614241023
EMP07607,Pallavi Swain,25,1,Customer Support,35000,83,2100,1032,2185,29600,7279,3793,1852,2989,1834,17747,4241,1474,Medium,0.5995608108108108,0.14327702702702702,0.049797297297297295,0.06256756756756757
EMP07608,Vidhi Bajaj,26,7,IT,98070,4807,5884,2184,2135,83060,17691,11208,0,3128,2136,34163,24948,5193,High,0.4113050806645798,0.30036118468576933,0.06252106910666988,0.0
EMP07609,Shubham Krishna Shukla,43,18,Customer Support,52631,965,3158,1084,1563,45861,10264,6858,0,1235,2795,21152,2152,603,Medium,0.4612197727916966,0.046924401997339785,0.013148426767841958,0.0
EMP07610,Pallavi Pradhan,57,37,IT,150000,13333,9000,2754,1989,122924,0,19237,36781,9098,6404,71520,18495,6237,Medium,0.5818229149718526,0.1504588200839543,0.05073866779473496,0.29921740262275875
EMP07611,Riya Chatterjee,41,23,Operations,94058,4406,5643,2106,1629,80274,0,11503,0,4002,5153,20658,26094,5629,High,0.25734359817624636,0.32506166380147994,0.07012233101626927,0.0
EMP07612,Sai Suri,29,6,HR,48855,776,2931,1173,1038,42937,11721,5144,0,3815,2685,23365,8504,2467,Medium,0.5441693644176352,0.1980576193026993,0.05745627314437431,0.0
EMP07613,Vaishnavi Roy,29,5,Operations,53799,1023,3228,712,2058,46778,13393,8102,0,5911,3650,31056,2413,2116,Low,0.663901834195562,0.051584077985377744,0.04523493950147505,0.0
EMP07614,Diya George,59,33,Operations,95000,4500,5700,1257,1211,82332,0,13651,28508,2997,3627,48783,21288,2056,Medium,0.5925156682699315,0.2585628917067483,0.02497206432492834,0.34625661954039744
EMP07615,Aakash Dhruv Rathore,60,35,Operations,95000,4500,5700,1285,2181,81334,20329,13203,0,5139,3984,42655,15433,4877,Medium,0.5244424226030934,0.18974844468487964,0.05996262325718642,0.0
EMP07616,Pooja Sai D'Souza,55,37,Customer Support,60000,1333,3600,2178,1572,51317,14812,7920,1682,2499,2445,29358,1406,681,Medium,0.572091119901787,0.02739832803944112,0.013270456184110529,0.03277666270436697
EMP07617,Kartik Dubey,42,16,Data Science,140937,11521,8456,3419,1953,115588,32342,20819,0,7785,6593,67539,21662,5301,Medium,0.5843080596601723,0.1874069972661522,0.04586116205834516,0.0
EMP07618,Saloni Reddy,31,12,Operations,72673,2267,4360,2107,1958,61981,0,10568,0,3115,3542,17225,1639,651,Medium,0.2779077459221374,0.0264435875510237,0.010503218728319969,0.0
EMP07619,Muskan Namrata Porwal,23,2,Sales,49890,828,2993,942,740,44387,10480,5608,0,3603,2621,22312,5669,8107,Medium,0.50266970058801,0.1277175749656431,0.18264356681010205,0.0
EMP07620,Priya Agarwal,57,30,Finance,130000,9500,7800,3340,1899,107461,26272,15076,14779,3966,4076,64169,23252,4681,Medium,0.5971375661868027,0.21637617368161471,0.04355998920538614,0.13752896399624048
EMP07621,Ashish Sahu,40,14,Product Management,172442,18110,10347,2895,1312,139778,34087,14844,0,9987,5366,64284,49811,4816,High,0.4599006996809226,0.356357939017585,0.03445463520725722,0.0
EMP07622,Mohit Namrata Lodha,28,7,Marketing,64185,1543,3851,2191,2261,54339,15475,6358,0,9034,3912,34779,3418,3120,Medium,0.6400375420968365,0.06290141518982682,0.05741732457351074,0.0
EMP07623,Garima Yadav,30,6,Cyber Security,107165,6075,6430,2970,1366,90324,0,14335,29952,4887,4079,53253,17114,4659,Low,0.5895775209246712,0.18947345113148223,0.05158097515610469,0.3316062176165803
EMP07624,Vivaan D'Souza,37,18,Marketing,80162,3016,4810,1915,2388,68033,0,8121,12481,1712,1905,24219,25274,2996,Medium,0.3559890053356459,0.3714961856745991,0.044037452412799674,0.18345508797201357
EMP07625,Priya Mishra,23,1,Operations,50000,833,3000,1074,1789,43304,7734,3584,7129,3011,2066,23524,12016,1683,Medium,0.5432292628856457,0.27748014040273417,0.038864769998152596,0.16462682431184186
EMP07626,Abhishek Bedi,27,4,HR,45424,605,2725,922,1675,39497,11291,6571,0,5370,2497,25729,2565,1683,Medium,0.6514165632832873,0.06494164113730157,0.0426108312023698,0.0
EMP07627,Shruti Mukherjee,32,5,Data Science,102272,5341,6136,3699,1072,86024,31088,15606,6092,15254,8765,76805,1075,1160,Low,0.8928322328652469,0.012496512601134567,0.013484608946340557,0.07081744629405748
EMP07628,Bhavna Ahuja,58,23,Finance,112693,6904,6762,2242,1502,95283,0,10581,32063,3984,3699,50327,25662,2988,Medium,0.528184461026626,0.26932401372752746,0.03135921413053745,0.3365028389114533
EMP07629,Tarun More,46,17,Sales,70720,2072,4243,1545,1830,61030,6642,7471,0,3197,4163,21473,2906,1827,Medium,0.3518433557266918,0.047615926593478616,0.029936097001474683,0.0
EMP07630,Diya Tomar,29,4,Sales,48751,771,2925,1194,1821,42040,11232,6117,0,1231,1962,20542,3,297,Medium,0.4886298763082778,7.1360608943863e-05,0.0070647002854424355,0.0
EMP07631,Nikita Chauhan,50,20,Sales,73414,2341,4405,2036,866,63766,20435,10137,4947,10917,6143,52579,1401,1349,Low,0.8245616786375184,0.021970956309004797,0.02115547470438792,0.07758052880845592
EMP07632,Varun Mukherjee,47,25,Data Science,166100,16553,9966,2608,1526,135447,33353,13401,10076,12396,6056,75282,19100,20998,Medium,0.5558041152627965,0.1410145665832392,0.1550274277023485,0.0743907210938596
EMP07633,Shreya Deshmukh,30,3,Cyber Security,107397,6110,6444,2899,1126,90818,21859,13154,9642,4343,3772,52770,17928,3368,Medium,0.5810522143187474,0.19740580061221344,0.03708515932964831,0.10616838071747892
EMP07634,Trisha Somani,38,14,Cyber Security,137267,10787,8236,3999,1854,112391,24358,18794,11387,4373,5813,64725,757,1480,Low,0.5758913080228844,0.006735414757409401,0.013168314188858539,0.10131594166792715
EMP07635,Diya Wadhwa,52,23,Finance,117039,7556,7022,3338,1739,97384,0,13782,0,4031,4414,22227,50252,5375,Medium,0.22824077877269366,0.5160190585722501,0.055193871683233385,0.0
EMP07636,Aakash Bose,60,37,Sales,85000,3500,5100,1247,1388,73765,0,12884,18130,4278,3841,39133,12282,5576,Medium,0.5305090490069816,0.16650172846200773,0.07559140513793805,0.24578051921643054
EMP07637,Atharv Porwal,35,12,Data Science,121823,8273,7309,3852,1173,101216,0,14273,0,7052,4433,25758,32511,10061,High,0.25448545684476764,0.32120415744546316,0.09940128042997154,0.0
EMP07638,Manish Kulkarni,39,18,Data Science,138656,11065,8319,2813,1482,114977,26502,17781,0,4886,6658,55827,16710,23472,High,0.48554928376979745,0.14533341450898876,0.20414517686145925,0.0
EMP07639,Mayank Rawat,53,27,Sales,85000,3500,5100,2080,1530,72790,17185,9777,0,4448,3800,35210,13865,3936,Medium,0.4837202912487979,0.19047946146448688,0.05407336172551175,0.0
EMP07640,Shivam Maheshwari,30,3,HR,43791,523,2627,713,1967,37961,0,6535,0,2308,2202,11045,10071,3775,High,0.2909565079950476,0.2652985959273992,0.09944416638128606,0.0
EMP07641,Ishaan Parth Chauhan,43,16,Data Science,136540,10641,8192,2446,1380,113881,30462,18290,0,7132,5433,61317,15756,16780,Medium,0.5384304668908774,0.13835494946479218,0.1473467918265558,0.0
EMP07642,Pankaj Lakshay Suri,35,5,Finance,78264,2826,4696,1217,1781,67744,16907,8386,9159,7083,4402,45937,9203,2561,Medium,0.678096953235711,0.13584966934341047,0.037804085970713275,0.13520016532829476
EMP07643,Anjali Thomas,49,15,IT,117164,7575,7030,3112,1905,97542,0,15774,25444,5245,5552,52015,12182,16542,Medium,0.5332574685776383,0.12488979106436202,0.16958848496032478,0.26085173566258635
EMP07644,Amit Gupta,27,5,Customer Support,40250,346,2415,917,1840,34732,3369,4049,1199,2771,1528,12916,7856,3430,Medium,0.3718760796959576,0.22618910514799032,0.09875619025682368,0.034521478751583554
EMP07645,Saurabh Shetty,55,24,Sales,85000,3500,5100,1840,1854,72706,0,10330,21382,4440,3322,39474,13857,4361,Medium,0.5429263059444888,0.1905894974279977,0.05998129452864963,0.29408852089236104
EMP07646,Lakshay Mehta,57,37,Product Management,220000,31000,13200,3398,1945,170457,35070,27577,5226,11298,6472,85643,27689,26830,High,0.5024316983168776,0.16243979420029686,0.15740040010090522,0.0306587585138774
EMP07647,Rishabh Khandelwal,32,8,Customer Support,45426,605,2726,817,1525,39753,9319,5327,3917,725,2774,22062,27,638,Low,0.5549769828692174,0.0006791940230925968,0.016049103212336175,0.09853344401680376
EMP07648,Sanya Nagpal,50,28,Cyber Security,180000,20000,10800,3135,2138,143927,0,23467,0,7498,7015,37980,43783,14307,High,0.2638837744134179,0.3042028250432511,0.09940455925573381,0.0
EMP07649,Shreya Fernandes,27,5,Operations,60465,1357,3628,1781,1223,52476,0,7586,0,2538,2269,12393,17768,4701,High,0.2361651040475646,0.3385928805549203,0.08958380974159616,0.0
EMP07650,Aditi George,42,19,Sales,72284,2228,4337,1222,2310,62187,0,7885,15137,8457,5095,36574,3159,3239,Low,0.5881293517937832,0.05079839837908245,0.05208484088314278,0.24341100229951598
EMP07651,Sakshi Purohit,50,28,Data Science,170000,17500,10200,2539,1245,138516,0,19869,0,9620,8422,37911,39587,14625,High,0.27369401368794943,0.2857936989228681,0.1055834705016027,0.0
EMP07652,Aditya Bansal,56,29,Marketing,90000,4000,5400,1998,1430,77172,0,11473,7665,9141,5665,33944,17661,4810,Medium,0.4398486497693464,0.22885243352511273,0.06232830560306847,0.09932358886642824
EMP07653,Trisha Pillai,59,26,HR,66256,1646,3975,1922,1674,57039,11480,6879,0,5519,3614,27492,12285,3209,Medium,0.48198600957239784,0.21537895124388576,0.05625975209944074,0.0
EMP07654,Mansi Nagpal,51,25,Operations,95000,4500,5700,1788,1592,81420,27002,13749,12675,8907,5182,67515,2681,1643,Low,0.8292188651436994,0.032928027511667894,0.020179317121100465,0.15567428150331614
EMP07655,Harsh Arora,55,31,Customer Support,60000,1333,3600,1934,1994,51139,0,6979,15047,1475,1907,25408,14709,1660,Medium,0.49684194059328496,0.2876278378536929,0.03246054870060033,0.29423727487827295
EMP07656,Pooja Roy,29,6,HR,46673,667,2800,733,1624,40849,13804,5057,0,8015,2731,29607,2072,1774,Low,0.7247913045606992,0.05072339592156479,0.04342823569732429,0.0
EMP07657,Ayaan Khurana,58,28,Marketing,90000,4000,5400,1374,1749,77477,14766,8910,0,2618,2953,29247,32919,3079,Medium,0.37749267524555674,0.4248873859338901,0.039740826309743536,0.0
EMP07658,Sai Chaudhary,57,28,Operations,95000,4500,5700,2136,1322,81342,0,13288,18769,2091,4719,38867,837,197,Low,0.4778220353568882,0.010289887143173268,0.002421873079098129,0.2307418062009786
EMP07659,Aakash Sahu,22,0,Sales,46161,641,2770,778,2207,39765,0,4923,0,5501,2648,13072,6572,2821,Medium,0.3287312963661511,0.16527096693071797,0.070941782974978,0.0
EMP07660,Krishna Rajput,30,5,HR,46996,683,2820,973,1551,40969,9204,5690,0,1139,1103,17136,12442,1950,Medium,0.41826747052649565,0.303693036198101,0.047596963557812004,0.0
EMP07661,Aditya Jindal,26,6,HR,47929,730,2876,733,1567,42023,8710,6772,2635,2115,2670,22902,7728,2048,Medium,0.5449872688765676,0.1838992932441758,0.04873521642909835,0.06270375746614949
EMP07662,Simran Sharma,23,3,Finance,76868,2687,4612,1804,1755,66010,0,7642,0,1442,1992,11076,30458,4477,High,0.16779275867292834,0.4614149371307378,0.0678230571125587,0.0
EMP07663,Vikram D'Souza,34,10,Marketing,65205,1594,3912,1955,2131,55613,5588,6806,0,3678,1769,17841,23874,2713,High,0.3208062862999658,0.429288116087965,0.04878355780123352,0.0
EMP07664,Preeti Ghosh,36,13,IT,112622,6893,6757,3562,1308,94102,0,14270,0,5355,5435,25060,17808,28889,High,0.26630677350109455,0.18924146139295658,0.3069966631952562,0.0
EMP07665,Tanvi Roy,44,15,Marketing,76601,2660,4596,1533,2027,65785,16972,9279,11232,4604,3085,45172,9758,2372,Medium,0.6866610929543209,0.14833168655468573,0.03605685186592688,0.17073801018469256
EMP07666,Priya Solanki,58,38,HR,70000,2000,4200,2106,1850,59844,0,9160,15840,2944,2416,30360,12052,4118,Medium,0.5073190294766393,0.20139028139830226,0.06881224517077736,0.2646881892921596
EMP07667,Ishaan Ravi D'Souza,33,7,HR,52016,934,3121,820,2041,45100,9610,4118,6994,2343,1299,24364,11019,1471,Medium,0.5402217294900221,0.24432372505543237,0.03261640798226164,0.15507760532150777
EMP07668,Manish Sakshi Roy,40,9,Cyber Security,119469,7920,7168,2946,2080,99355,18813,12991,4256,3344,2314,41718,31799,4179,High,0.41988827940214385,0.3200543505611192,0.04206129535504001,0.042836294096925166
EMP07669,Prachi Nikita Bagri,39,14,Data Science,135426,10419,8126,3972,1297,111612,38615,17800,0,18180,8843,83438,2972,3162,Low,0.7475719456689245,0.026627961151130704,0.02833028706590689,0.0
EMP07670,Shruti Mohanty,44,15,IT,113774,7066,6826,3534,1348,95000,20595,12130,0,5964,3682,42371,23103,6429,Medium,0.44601052631578947,0.24318947368421054,0.06767368421052632,0.0
EMP07671,Dev Chatterjee,48,24,IT,143713,12076,8623,3494,2124,117396,0,14471,22612,4541,3163,44787,38261,6012,Medium,0.38150362874373916,0.32591400047701796,0.05121128488193805,0.19261303621929196
EMP07672,Gaurav Chatterjee,59,32,Customer Support,60000,1333,3600,1961,1989,51117,0,8523,10083,1196,3953,23755,2651,783,Medium,0.4647181955122562,0.05186141596729073,0.015317800340395564,0.19725335993896356
EMP07673,Aakash Iyer,25,3,Finance,77171,2717,4630,1657,1586,66581,4830,7738,0,12018,6031,30617,8977,4862,Medium,0.4598459019840495,0.13482825430678422,0.07302383562878298,0.0
EMP07674,Sonia Ashish Bajaj,22,2,Sales,45430,605,2726,718,1457,39924,12190,4563,0,7276,3244,27273,2880,1742,Medium,0.6831229335737902,0.0721370604147881,0.043632902514778076,0.0
EMP07675,Vihaan Parmar,32,8,Marketing,61872,1427,3712,1490,1513,53730,16621,7074,0,5784,3754,33233,3652,1706,Low,0.6185185185185185,0.06796947701470314,0.03175134933928904,0.0
EMP07676,Bhavna Lodha,24,2,HR,41978,432,2519,748,1616,36663,0,3881,0,1902,1585,7368,15904,3336,High,0.2009655511005646,0.4337888334287974,0.09099091727354554,0.0
EMP07677,Aditi Mohit Das,57,36,Finance,130000,9500,7800,2564,2164,107972,0,15677,21318,5142,3388,45525,16689,25909,Medium,0.421637091097692,0.15456785092431372,0.23996036009335753,0.19744007705701477
EMP07678,Sonia Kumawat,27,3,Marketing,58831,1275,3530,1002,1466,51558,12543,7392,0,2447,1531,23913,7145,11538,High,0.4638077504945886,0.1385817913805811,0.22378680321191669,0.0
EMP07679,Ayush Das,41,22,Sales,79299,2930,4758,1580,2220,67811,17334,11057,6602,4202,4814,44009,9705,2852,Medium,0.6489950008110779,0.14311837312530415,0.04205807317396883,0.09735883558714663
EMP07680,Preeti Jindal,30,7,Sales,58031,1235,3482,796,1699,50819,0,7878,12947,3967,2932,27724,9758,2379,Medium,0.5455439894527637,0.19201479761506524,0.04681319978748106,0.254766917885043
EMP07681,Shruti Sabharwal,37,15,Cyber Security,147776,12889,8867,2281,979,122760,44192,23088,4478,23156,8646,103560,4776,2066,Low,0.8435972629521017,0.03890518084066471,0.016829586184424893,0.036477680026067126
EMP07682,Ishita Verma,57,32,Operations,95000,4500,5700,1364,1326,82110,16477,8598,0,5107,2367,32549,31754,3450,Medium,0.39640725855559616,0.38672512483254173,0.04201680672268908,0.0
EMP07683,Tanvi Tomar,43,24,Cyber Security,172306,18076,10338,3894,1007,138991,0,23268,35710,10318,8134,77430,16551,22017,Medium,0.5570864300566224,0.11907965263937953,0.1584059399529466,0.25692311012943286
EMP07684,Lakshay Agarwal,41,20,Sales,76476,2648,4589,1625,1429,66185,6631,10063,0,10268,6380,33342,4566,4698,Medium,0.5037697363450933,0.06898844148976355,0.07098285109919165,0.0
EMP07685,Namrata Khanna,57,33,Finance,130000,9500,7800,3428,1884,107388,12398,15603,0,7046,4440,39487,27329,7751,High,0.3677040265206541,0.2544883972138414,0.0721775244906321,0.0
EMP07686,Lakshay Shetty,37,18,Data Science,140248,11383,8415,2426,1648,116376,19913,9109,11571,6513,2804,49910,40947,6061,Medium,0.42886849522238263,0.351850897092184,0.05208118512408057,0.0994277170550629
EMP07687,Prateek Daga,58,33,Cyber Security,180000,20000,10800,3992,1649,143559,29418,21602,0,5501,4058,60579,47093,6105,Medium,0.4219798131778572,0.3280393427092694,0.042526069420934946,0.0
EMP07688,Vivek Atharv Reddy,45,19,Marketing,79984,2998,4799,1887,1847,68453,18324,10920,8101,4448,2766,44559,10527,2463,Medium,0.6509429827765035,0.1537843483850233,0.03598089199888975,0.1183439732371116
EMP07689,Nitin Joshi,32,8,Sales,56069,1137,3364,935,2000,48633,18329,7780,0,6418,5342,37869,1933,1673,Low,0.7786688051323175,0.03974667406904776,0.03440050994180906,0.0
EMP07690,Sumit Pillai,27,6,IT,90914,4091,5455,1294,1025,79049,24589,12696,0,14296,6746,58327,3772,2485,Low,0.7378587964427128,0.047717238674746046,0.03143619780136371,0.0
EMP07691,Sumit Ghosh,36,13,Operations,78352,2835,4701,1628,991,68197,0,9851,0,4197,3611,17659,24772,4999,Medium,0.2589410091352992,0.3632417848292447,0.07330234467791838,0.0
EMP07692,Anjali Solanki,34,6,Operations,61665,1417,3700,1205,2064,53279,0,7076,17516,8249,4724,37565,3366,2254,Low,0.705062031945044,0.06317686142757935,0.04230559882880685,0.328759924172751
EMP07693,Kavya Bhardwaj,55,32,Sales,85000,3500,5100,1435,1572,73393,0,10096,22013,4790,3565,40464,15987,3608,Medium,0.5513332334146308,0.21782731323150709,0.04916000163503331,0.29993323613968637
EMP07694,Pankaj Joshi,35,8,Finance,88664,3866,5320,1831,1390,76257,13114,9508,2976,1459,3215,30272,29459,4081,High,0.3969733926065804,0.38631207626840813,0.05351639849456443,0.03902592548880759
EMP07695,Pankaj Nagpal,42,17,Data Science,148951,13124,8937,3729,1294,121867,35935,17624,0,13581,7755,74895,7111,5863,Low,0.6145634174961229,0.05835049685312677,0.04810982464489977,0.0
EMP07696,Swati Krishna Khandelwal,24,3,Data Science,99464,4946,5968,1221,1739,85590,18751,8902,0,5048,3686,36387,32834,2535,Medium,0.4251314405888538,0.38361958172683724,0.02961794602173151,0.0
EMP07697,Sonali Iyer,22,1,Data Science,90000,4000,5400,1721,1340,77539,5875,7619,4084,8037,4569,30184,16685,7206,Medium,0.38927507447864945,0.21518203742632738,0.092933878435368,0.0526702691548769
EMP07698,Parth Naidu,54,36,Finance,130000,9500,7800,3172,1196,108332,0,16668,22818,5309,4917,49712,30812,6254,Medium,0.45888564782335783,0.2844219621164568,0.057729941291585124,0.21063028468042683
EMP07699,Krishna Mayank Saxena,42,23,Data Science,155529,14439,9332,3718,1751,126289,30775,20478,0,7125,7421,65799,29597,5172,Medium,0.5210192494991646,0.23435928703212472,0.04095368559415309,0.0
EMP07700,Sumit Bose,51,36,Operations,95000,4500,5700,1490,2388,80922,0,11903,26087,5255,3349,46594,14139,4365,Low,0.5757890314129656,0.1747238081115148,0.05394083191221176,0.322372160846247
EMP07701,Pooja Somani,38,8,Data Science,119680,7952,7181,2731,1418,100398,28086,16118,0,4127,4110,52441,3438,2009,Medium,0.5223311221339071,0.03424371003406442,0.020010358772087095,0.0
EMP07702,Rahul Gill,32,12,Marketing,72644,2264,4359,1823,2130,62068,11509,9014,9878,1711,1368,33480,15464,2969,Medium,0.5394083907971902,0.24914609782818845,0.04783463298317974,0.15914803119159632
EMP07703,Mayank Prachi Mathew,52,24,Operations,92231,4223,5534,1574,1690,79210,0,13654,20484,3376,3459,40973,1356,368,Low,0.5172705466481505,0.017119050624921094,0.0046458780457013,0.2586037116525691
EMP07704,Mansi Banerjee,34,10,HR,46507,659,2790,1014,1652,40392,0,4440,11144,3989,1750,21323,8464,1624,Medium,0.5279015646662706,0.20954644484056248,0.04020598138245197,0.2758962170726877
EMP07705,Ananya Lodha,60,35,HR,70000,2000,4200,2196,2120,59484,15490,10336,8380,4343,2481,41030,8119,2394,Low,0.6897653150427006,0.1364904848362585,0.04024611660278394,0.14087821935310335
EMP07706,Vihaan Tushar Parmar,55,22,Data Science,152743,13882,9165,3546,1970,124180,14256,21752,0,8352,7550,51910,29830,7089,Medium,0.41802222580125625,0.24021581575132872,0.05708648735706233,0.0
EMP07707,Hemant Roy,28,3,Sales,51647,916,3099,1054,2051,44527,0,6352,10844,7446,4279,28921,1952,2368,Low,0.649516023985447,0.043838569856491566,0.05318121589148157,0.24353762885440294
EMP07708,Sakshi Mundra,25,1,Marketing,53464,1007,3208,1045,1942,46262,0,5336,3931,2922,1391,13580,20026,2478,High,0.29354545847563873,0.4328822791924257,0.053564480567204184,0.08497254766330897
EMP07709,Rohit Parmar,55,27,Finance,130000,9500,7800,3984,1895,106821,9862,14569,0,2959,4454,31844,45829,5540,High,0.2981061776242499,0.42902612782130856,0.05186246150101572,0.0
EMP07710,Swati Malhotra,25,3,Finance,73379,2338,4403,1528,797,64313,14877,6332,0,4635,2791,28635,8183,13332,Medium,0.4452443518417738,0.1272371060283302,0.20729867989364514,0.0
EMP07711,Amit Porwal,30,4,Marketing,60836,1375,3650,1302,2104,52405,13483,6203,0,5683,3661,29030,9689,2282,Medium,0.5539547753076997,0.18488693826924912,0.043545463219158476,0.0
EMP07712,Trisha Mohanty,28,5,IT,91205,4120,5472,1856,2078,77679,19388,13244,0,4967,3287,40886,13590,4621,Medium,0.5263456017713926,0.17495075889236472,0.0594884074202809,0.0
EMP07713,Ishita Seth,50,22,Sales,77870,2787,4672,1211,1758,67442,18859,11812,0,5120,3675,39466,12110,2597,Medium,0.5851843065152279,0.179561697458557,0.0385071617093206,0.0
EMP07714,Ayaan Bedi,50,17,Customer Support,50717,869,3043,834,1867,44104,0,7435,12255,1181,2616,23487,795,342,Low,0.5325367313622347,0.01802557591148195,0.007754398693996009,0.2778659532015237
EMP07715,Dhruv Mundra,57,22,Sales,83111,3311,4987,1461,2293,71059,14960,11244,0,5147,3626,34977,14922,3584,Medium,0.49222477096497275,0.2099945116030341,0.050436960835362164,0.0
EMP07716,Sai Dubey,39,12,Finance,102686,5403,6161,2839,1916,86367,0,13747,16200,3834,5441,39222,4487,1909,Medium,0.4541317864462121,0.0519527134206352,0.02210334965901328,0.18757164194657683
EMP07717,Shreya Ravi Ghosh,39,14,IT,116383,7457,6983,3403,1379,97161,21950,15689,16378,4411,5335,63763,15550,3496,Medium,0.6562612570887496,0.1600436389086156,0.03598151521701094,0.16856557672317082
EMP07718,Hemant Ahuja,23,1,Cyber Security,95000,4500,5700,1979,1788,81033,0,10049,3695,16587,7438,37769,8998,6722,Medium,0.46609406044451024,0.11104118075352017,0.08295385830464132,0.04559870669973961
EMP07719,Khushi Roy,36,12,Sales,66731,1673,4004,1669,1236,58149,4271,9874,3100,6858,4705,28808,6500,4248,Medium,0.4954169461211715,0.11178180192264699,0.07305370685652376,0.05331132091695472
EMP07720,Ashish Kapoor,34,11,Product Management,166296,16593,9978,2828,1682,135215,0,19859,46019,3936,9216,79030,504,2398,Low,0.5844765743445623,0.0037273971083089893,0.01773471878120031,0.3403394593795067
EMP07721,Vaishnavi Sumit Das,50,23,Sales,85000,3500,5100,1819,2198,72383,0,11118,16474,12928,6936,47456,2559,2284,Low,0.6556235580177666,0.035353605128275976,0.03155437050136082,0.22759487725018304
EMP07722,Parth Gill,52,35,Sales,85000,3500,5100,1581,1842,72977,0,11460,7128,2725,4641,25954,560,1083,Medium,0.35564629951902654,0.007673650602244543,0.014840292146840786,0.09767460980856982
EMP07723,Sonali Rajat Maheshwari,59,26,Sales,85000,3500,5100,1530,1882,72988,19108,7449,0,7073,3375,37005,15965,4834,Medium,0.5070011508741163,0.21873458650737107,0.06623006521619992,0.0
EMP07724,Shubham Bhatia,30,5,Data Science,104066,5610,6244,2638,1673,87901,15917,10038,6373,6261,3950,42539,23033,3392,High,0.48394216220520814,0.26203342396559764,0.038588867020853006,0.07250201931718638
EMP07725,Vihaan Kohli,58,34,IT,150000,13333,9000,3026,1701,122940,0,18276,28600,18912,8993,74781,5089,5431,Low,0.6082723279648609,0.04139417602082317,0.044176020823165775,0.23263380510818285
EMP07726,Ishaan Purohit,33,5,HR,44353,551,2661,855,996,39290,10122,4583,0,3728,2093,20526,7115,2154,Medium,0.5224230083990837,0.18108933570883176,0.05482311020615933,0.0
EMP07727,Mayank Shetty,23,3,Operations,58764,1272,3526,1118,1398,51450,0,6205,0,6120,3622,15947,13062,5252,High,0.3099514091350826,0.25387755102040815,0.10207968901846452,0.0
EMP07728,Trisha Nair,24,1,Sales,45000,583,2700,865,1830,39022,10806,4584,6359,7761,2322,31832,761,1159,Low,0.8157449643790682,0.019501819486443545,0.029701194198144636,0.16295935626057095
EMP07729,Riya Swain,43,25,Data Science,170000,17500,10200,3231,2033,137036,12567,19011,17581,21145,9531,79835,13455,4965,Medium,0.5825841384745615,0.09818587816340232,0.03623135526431011,0.12829475466300827
EMP07730,Lokesh Jain,30,3,Sales,49164,792,2950,831,1291,43300,13668,5394,3457,7968,2537,33024,2226,1146,Low,0.7626789838337182,0.05140877598152425,0.02646651270207852,0.07983833718244804
EMP07731,Bhavna Tayal,29,3,Sales,47202,693,2832,713,1365,41599,13692,6806,0,6331,3188,30017,1857,1854,Low,0.7215798456693671,0.044640496165773216,0.044568379047573256,0.0
EMP07732,Rajat Gupta,31,9,IT,103679,5552,6221,3335,1988,86583,0,14297,0,6086,3668,24051,28317,7568,High,0.27777970271300373,0.32705034475589895,0.08740745873901343,0.0
EMP07733,Saurabh Lakhotia,31,8,IT,98916,4892,5935,1624,1821,84644,21015,9386,0,8532,5564,44497,18629,4475,Medium,0.5256958555833845,0.22008647984499788,0.052868484476158974,0.0
EMP07734,Dev D'Souza,47,16,Operations,76000,2600,4560,1794,1589,65457,0,10710,21274,6360,5535,43879,3464,3506,Low,0.670348473043372,0.05292023771330797,0.05356188031837695,0.3250072566723192
EMP07735,Aakash Pandey,27,4,IT,93089,4309,5585,2119,1570,79506,20395,11869,0,7174,3669,43107,17291,3718,Medium,0.5421854954343068,0.21748044172766834,0.04676376625663472,0.0
EMP07736,Avantika Bedi,32,12,Marketing,67416,1742,4045,1337,1437,58855,19535,8427,0,9458,4745,42165,2965,1450,Low,0.7164217143828052,0.050378047744456714,0.024636819301673604,0.0
EMP07737,Palak Menon,43,19,Customer Support,53207,994,3192,1049,1260,46712,0,6805,8061,7013,3811,25690,4871,1686,Medium,0.5499657475595137,0.10427727350573729,0.03609350916252783,0.1725680767254667
EMP07738,Charu Yash Pradhan,49,15,Marketing,69403,1940,4164,1816,2145,59338,0,9483,13535,3482,2397,28897,11417,3561,Medium,0.4869897873200984,0.19240621524149787,0.06001213387711079,0.22810003707573562
EMP07739,Ishaan Pallavi Jadhav,42,27,Cyber Security,180000,20000,10800,3594,2206,143400,0,18363,48641,4921,6204,78129,36849,7069,Medium,0.5448326359832636,0.2569665271966527,0.04929567642956764,0.33919804741980475
EMP07740,Aisha Mishra,41,16,Operations,79344,2934,4761,1230,1084,69335,18943,11596,0,4496,4224,39259,10620,4111,Medium,0.5662219658181293,0.15316939496646714,0.05929184394605899,0.0
EMP07741,Rahul Mittal,59,30,Operations,95000,4500,5700,2176,1153,81471,0,11212,22494,2203,5015,40924,548,679,Low,0.5023137067177278,0.006726319794773601,0.008334253906297946,0.27609824354678353
EMP07742,Rohit Somani,46,16,Operations,78649,2865,4719,2041,1561,67463,6009,8239,0,5748,3688,23684,19722,3636,Medium,0.35106651053169885,0.2923380223233476,0.053896209774246626,0.0
EMP07743,Neha Sahu,25,2,Sales,45000,583,2700,777,1559,39381,7191,3325,0,2208,1747,14471,17151,1749,High,0.3674614661892791,0.43551458825321854,0.0444122800335187,0.0
EMP07744,Vivek Khushi Bedi,50,23,Cyber Security,162416,15817,9745,3072,1558,132224,0,20118,31790,7507,7046,66461,28896,7281,Medium,0.5026394603097774,0.2185382381413359,0.05506564617618587,0.24042533881897385
EMP07745,Diya Soni,50,28,Data Science,170000,17500,10200,3997,1266,137037,32675,17307,0,7039,6492,63513,18801,24788,Medium,0.4634733685063158,0.13719652356662798,0.18088545429336603,0.0
EMP07746,Rohan Nair,40,18,Operations,84142,3414,5049,2067,2008,71604,6797,9246,11207,1424,2326,31000,25523,3234,Medium,0.43293670744651136,0.356446567230881,0.045165074576839284,0.15651360259203395
EMP07747,Aditi Deshmukh,35,12,Product Management,159956,15325,9597,2820,1269,130945,35592,21342,0,8100,7380,72414,23257,6698,Medium,0.5530108060636145,0.17760891977547824,0.051151246706632555,0.0
EMP07748,Gaurav Kartik Rajput,44,16,HR,54365,1052,3262,706,1669,47676,13234,7699,3783,7561,3941,36218,1492,1708,Low,0.7596694353553151,0.031294571692256065,0.03582515311687222,0.07934809967279134
EMP07749,Gaurav Agarwal,57,29,Operations,95000,4500,5700,1767,1915,81118,19807,12656,0,5638,3837,41938,18774,5024,Medium,0.5169999260336793,0.23144061737222318,0.06193446583988757,0.0
EMP07750,Saurabh Abhishek Thomas,56,22,IT,135561,10446,8134,3132,1054,112795,23195,16764,10291,2372,3116,55738,34746,4519,High,0.49415310962365355,0.3080455693958066,0.040063832616694,0.09123631366638592
EMP07751,Aditya Somani,32,5,Customer Support,40616,364,2437,1081,1377,35357,7868,3987,0,2735,1714,16304,7651,1922,Medium,0.46112509545493113,0.21639279350623639,0.05435981559521453,0.0
EMP07752,Muskan Kumawat,22,1,Operations,51286,898,3077,1141,1744,44426,2736,5044,0,2690,3524,13994,372,20,Medium,0.3149957232251384,0.00837347499212173,0.0004501868275334264,0.0
EMP07753,Pallavi Palak Joshi,37,17,Sales,76161,2616,4570,1656,1220,66099,0,7742,18232,6007,4544,36525,13652,2662,Low,0.5525802205782235,0.20653867683323499,0.04027292394741221,0.27582868122059334
EMP07754,Aditi Jain,42,23,Customer Support,57099,1188,3426,847,2067,49571,13454,7517,5596,983,2127,29677,1237,587,Low,0.5986766456194146,0.02495410623146598,0.011841600936031147,0.11288858405115894
EMP07755,Tarun Soni,25,0,HR,43915,529,2635,1077,2283,37391,3008,4004,0,3066,1886,11964,12059,2158,High,0.31997004626781844,0.3225107646225027,0.05771442325693349,0.0
EMP07756,Shivam Pandey,26,5,IT,93446,4345,5607,1838,1830,79826,14059,11499,0,2512,3226,31296,24656,5760,High,0.39205271465437325,0.3088717961566407,0.07215694134743066,0.0
EMP07757,Simran Dubey,45,25,HR,70000,2000,4200,1341,1178,61281,13165,8247,9368,3007,2917,36704,9140,3336,Medium,0.5989458396566636,0.14914900213769358,0.05443775395310129,0.15286956805535157
EMP07758,Tanvi Jain,43,17,HR,64027,1535,3842,1356,1440,55854,0,7228,11220,2904,3833,25185,366,620,Low,0.45090772370823934,0.006552798367171555,0.011100368818705911,0.20088086797722635
EMP07759,Prachi Saxena,39,14,IT,117020,7553,7021,2501,2151,97794,0,13157,0,18733,8521,40411,10127,5598,Medium,0.4132257602715913,0.1035544102910199,0.05724277563040677,0.0
EMP07760,Anurag Mittal,35,8,IT,99048,4905,5943,2060,1403,84737,21051,10056,0,6737,4235,42079,19514,4338,Medium,0.4965835467387328,0.23028901188382878,0.05119369342790044,0.0
EMP07761,Nisha Sandhu,38,15,Sales,68524,1852,4111,1216,2075,59270,17149,8822,4360,5787,4790,40908,3322,2301,Medium,0.6901974017209381,0.056048591192846296,0.03882233845115573,0.0735616669478657
EMP07762,Muskan Diya Bagri,54,31,Finance,130000,9500,7800,3712,1991,106997,0,16867,0,7421,5216,29504,31205,9019,High,0.2757460489546436,0.2916436909446059,0.08429208295559688,0.0
EMP07763,Ishaan Aarav Reddy,30,3,Sales,50159,841,3010,861,1249,44198,13822,4268,5607,6277,2905,32879,1750,1287,Low,0.7439024390243902,0.03959455178967374,0.029118964659034345,0.12686094393411468
EMP07764,Sakshi Sandhu,27,3,IT,86882,3688,5213,1404,1065,75512,16108,11258,5916,2322,3748,39352,21277,3152,High,0.5211357135289755,0.2817697849348448,0.04174170992689904,0.07834516368259349
EMP07765,Aman Ashish Jindal,26,7,Sales,59808,1324,3588,1165,1383,52348,0,7492,0,1749,1749,10990,28867,2785,High,0.2099411629861695,0.5514441812485673,0.0532016504928555,0.0
EMP07766,Manish Patel,44,15,Data Science,136105,10554,8166,2534,2046,112805,24910,16256,0,6485,6356,54007,20108,18172,High,0.4787642391737955,0.17825450999512432,0.16109215017064846,0.0
EMP07767,Simran Solanki,35,12,Sales,59057,1286,3543,718,1110,52400,0,8650,4878,3478,2715,19721,13638,4528,High,0.3763549618320611,0.2602671755725191,0.08641221374045802,0.09309160305343511
EMP07768,Nitin Sonia Parmar,50,28,Sales,85000,3500,5100,1280,2155,72965,0,7491,0,12390,5039,24920,10250,4921,Medium,0.34153361200575616,0.14047831151922155,0.06744329473035017,0.0
EMP07769,Rishabh Amit Somani,22,0,HR,40000,333,2400,780,2184,34303,0,3827,0,3670,2341,9838,8923,2346,High,0.28679707314229075,0.2601230213100895,0.06839051977961111,0.0
EMP07770,Jyoti Porwal,50,25,IT,140419,11417,8425,2434,1653,116490,21239,16528,0,4976,2932,45675,43172,6127,High,0.3920937419520989,0.3706069190488454,0.052596789423984894,0.0
EMP07771,Jyoti Gupta,45,25,Product Management,212874,28862,12772,2464,1937,166839,15705,26262,0,16339,12001,70307,20173,13845,Medium,0.42140626592103764,0.12091297598283375,0.08298419434304928,0.0
EMP07772,Manish Gupta,46,17,Sales,77703,2770,4662,1923,2106,66242,14347,10742,3364,2805,2559,33817,19117,2226,Medium,0.510506929138613,0.28859333957308053,0.03360405784849491,0.05078349083662933
EMP07773,Simran Singh,50,17,Customer Support,55815,1124,3349,769,1255,49318,11286,6555,0,2948,3158,23947,9280,2555,Medium,0.48556308041688634,0.18816659231923435,0.051806642605134026,0.0
EMP07774,Nikhil Kapoor,47,20,Operations,86595,3660,5196,1797,1894,74048,0,13007,18525,5398,3552,40482,16533,3458,Medium,0.5466994382022472,0.22327409248055316,0.046699438202247194,0.2501755617977528
EMP07775,Rohit Gupta,40,11,Operations,71283,2128,4277,1211,1232,62435,0,6002,0,5595,3921,15518,20785,6386,High,0.2485464883478818,0.33290622247137025,0.10228237366861535,0.0
EMP07776,Atharv Yadav,52,22,Data Science,161609,15655,9697,3434,1223,131600,0,21044,28617,7947,5929,63537,33641,7312,Medium,0.48280395136778115,0.2556306990881459,0.055562310030395134,0.2174544072948328
EMP07777,Arjun Trisha Mohanty,52,28,Data Science,170000,17500,10200,2559,2217,137524,0,21529,29153,10144,8614,69440,33468,5636,Medium,0.5049300485733399,0.24336115877955847,0.04098193769814723,0.21198481719554405
EMP07778,Ankit Purohit,41,24,Sales,82798,3280,4968,2150,1048,71352,14457,9203,22360,1870,3955,51845,1612,702,Low,0.7266089247673506,0.022592218858616436,0.009838546922300706,0.3133759390066151
EMP07779,Neha Mittal,60,32,IT,150000,13333,9000,2776,1483,123408,0,11976,27979,19271,8081,67307,6062,9071,Low,0.5454022429664204,0.049121612861402826,0.07350414883962142,0.22671949954622067
EMP07780,Sonali Chatterjee,60,31,Cyber Security,180000,20000,10800,2479,1062,145659,0,19993,36846,8353,5890,71082,19521,31278,Medium,0.4880028010627562,0.13401849525261056,0.21473441393940643,0.25296068214116535
EMP07781,Trisha Fernandes,43,20,HR,62600,1463,3756,2150,1063,54168,0,8100,0,2103,1978,12181,29243,2506,Medium,0.22487446462856298,0.5398574804312509,0.04626347659134544,0.0
EMP07782,Ravi Chopra,45,22,Marketing,85766,3577,5146,1942,1402,73699,19033,10291,0,3423,4388,37135,16951,4511,Medium,0.5038738653170328,0.23000312080218185,0.061208428879632015,0.0
EMP07783,Sneha Lakhotia,26,2,Operations,54024,1035,3241,961,1520,47267,13937,7726,0,5279,4463,31405,2842,1888,Medium,0.6644170351407959,0.06012651532781856,0.03994330082298432,0.0
EMP07784,Ayaan Kapoor,43,22,Sales,80258,3026,4815,2198,1921,68298,15739,7384,0,6486,2952,32561,17827,3034,High,0.4767489531172216,0.26101789217839466,0.04442296992591291,0.0
EMP07785,Dhruv Ananya Rajput,52,38,IT,150000,13333,9000,2760,1856,123051,7727,19298,0,16415,9997,53437,12729,8960,Medium,0.43426709250635914,0.10344491308481849,0.07281533673029882,0.0
EMP07786,Anurag Mayank Chauhan,52,30,Sales,85000,3500,5100,1503,970,73927,0,13910,18568,11058,5258,48794,3218,3713,Low,0.660029488549515,0.043529427678655974,0.05022522217863568,0.25116669146590553
EMP07787,Pooja Roy,39,14,HR,56873,1177,3412,706,1435,50143,13816,8157,2909,3339,2676,30897,8678,2117,Medium,0.6161777316873741,0.17306503400275214,0.04221925293660132,0.058014079731966574
EMP07788,Jyoti Kapoor,49,28,Sales,85000,3500,5100,1694,1869,72837,0,12681,0,3081,3585,19347,4321,2298,Medium,0.26562049507805097,0.05932424454604116,0.03154989908974834,0.0
EMP07789,Diya Deshmukh,36,18,Marketing,83478,3348,5009,1337,1860,71924,17208,10612,0,3256,4493,35569,14204,5434,Medium,0.49453589900450473,0.1974862354707747,0.07555197152549914,0.0
EMP07790,Shivam Pillai,36,9,Operations,67360,1736,4042,1453,2076,58053,10553,6894,4133,2652,1902,26134,19440,2574,High,0.4501748402322016,0.3348664151723425,0.04433879386078239,0.07119356450140389
EMP07791,Parth Deshmukh,44,27,IT,147443,12822,8847,3231,1382,121161,0,20547,24606,5685,6399,57237,19899,22030,Medium,0.4724044865922203,0.16423601653997574,0.1818241843497495,0.20308515116250278
EMP07792,Rashmi More,53,37,Marketing,90000,4000,5400,1346,1104,78150,21995,12757,0,5396,3539,43687,13652,3285,Medium,0.5590147152911068,0.17468969929622521,0.042034548944337814,0.0
EMP07793,Tushar George,52,25,Operations,95000,4500,5700,2119,1436,81245,0,12782,24845,3839,3798,45264,22002,2425,Medium,0.5571296695181241,0.27081051141608714,0.02984799064557819,0.30580343405748045
EMP07794,Dhruv Preeti Ahuja,35,9,Cyber Security,120883,8132,7253,2604,1955,100939,18424,9703,0,7122,4251,39500,37083,5538,High,0.3913254539870615,0.3673802989924608,0.054864819346337884,0.0
EMP07795,Hemant Gupta,60,26,Operations,95000,4500,5700,1723,1386,81691,0,13527,0,2475,5357,21359,1516,1542,Medium,0.26146087084256525,0.018557735858295284,0.018876008373015386,0.0
EMP07796,Abhishek Rathore,24,1,Operations,50000,833,3000,1132,1551,43484,11338,5335,0,4461,2425,23559,8564,2377,Medium,0.5417854843160703,0.19694600312758717,0.05466378438046178,0.0
EMP07797,Tarun Behera,26,2,Marketing,54770,1072,3286,1032,1935,47445,0,7530,7710,2374,2526,20140,1785,262,Medium,0.4244915164927811,0.03762251027505533,0.005522183580988513,0.16250395194435663
EMP07798,Vidhi Chauhan,39,11,Customer Support,45853,626,2751,958,2116,39402,9490,5427,0,3431,2116,20464,7965,1674,Medium,0.5193644992639967,0.20214709913202375,0.042485153037916855,0.0
EMP07799,Shreya Malhotra,56,27,IT,139035,11140,8342,3728,2021,113804,32252,17642,0,8106,5701,63701,20787,7025,Medium,0.559743067027521,0.18265614565393132,0.061728937471442126,0.0
EMP07800,Shreya Pillai,33,12,Cyber Security,133922,10118,8035,3799,1260,110710,26402,16303,16705,7624,7421,74455,15002,4251,Medium,0.6725228073344774,0.13550718092313252,0.03839761539156354,0.15088971185981392
EMP07801,Kartik Yash Sahu,31,8,Operations,67326,1733,4040,2180,1479,57894,11906,9531,2787,3224,3031,30479,13529,3186,Medium,0.5264621549728815,0.23368570145438214,0.05503160949321173,0.04813970359622759
EMP07802,Reema Sakshi Shinde,29,3,Customer Support,39258,296,2355,963,1089,34555,0,5387,1322,2350,1539,10598,11826,2987,High,0.30669946462161773,0.342237013456808,0.08644190421067863,0.03825784980465924
EMP07803,Yash Aisha Kapoor,25,0,Operations,52855,976,3171,817,1069,46822,0,3790,0,3299,1847,8936,11094,11364,High,0.1908504549143565,0.23693990004698645,0.24270642005894666,0.0
EMP07804,Vivek Ankit Srivastava,29,7,HR,51607,914,3096,808,1295,45494,0,4971,0,3593,2436,11000,13430,4324,High,0.241790126170484,0.29520376313360003,0.09504550050556117,0.0
EMP07805,Nandini Bhatia,22,3,IT,92599,4260,5556,1436,1179,80168,19443,9556,6927,6398,3572,45896,16536,2878,Medium,0.5724977547150983,0.2062668396367628,0.035899610817283704,0.0864060473006686
EMP07806,Krishna Kunal Mohanty,33,7,Sales,54207,1044,3252,1024,1605,47282,0,7322,14716,3078,2728,27844,8321,2181,Medium,0.5888921788418425,0.1759866333911425,0.04612749037688761,0.31123894928302526
EMP07807,Aisha Palak Kumawat,53,30,Marketing,90000,4000,5400,1702,1143,77755,7031,11170,0,3048,2332,23581,36158,4031,Medium,0.3032731014082696,0.4650247572503376,0.05184232525239534,0.0
EMP07808,Prateek Porwal,46,27,Marketing,90000,4000,5400,1216,1437,77947,0,12932,25219,2788,5949,46888,2060,1295,Low,0.6015369417681244,0.02642821404287529,0.016613853002681308,0.32354035434333583
EMP07809,Reema Gill,30,7,Cyber Security,118074,7711,7084,3947,1108,98224,26465,18297,0,7598,5702,58062,17920,5550,Medium,0.591118260302981,0.18244013683010263,0.05650350219905522,0.0
EMP07810,Sumit Ghosh,55,37,Finance,130000,9500,7800,2459,1354,108887,24933,18664,7177,7432,6927,65133,16778,4738,Medium,0.5981705805100701,0.15408634639580482,0.04351299971530118,0.06591236786760586
EMP07811,Nitin Bose,59,22,IT,139513,11236,8371,3701,1454,114751,0,18095,23664,7185,6394,55338,26134,5019,Medium,0.482244163449556,0.22774529198002633,0.043738180930885134,0.2062204250943347
EMP07812,Prateek Nagpal,36,15,Sales,71466,2147,4288,1647,2444,60940,0,9768,13213,4642,2838,30461,11244,4581,Medium,0.49985231375123074,0.18450935346242206,0.07517230062356416,0.21681982277650147
EMP07813,Yash Somani,27,4,Data Science,96311,4631,5779,1582,1373,82946,22186,14070,0,4470,5395,46121,13622,4480,Medium,0.5560364574542473,0.16422732862344175,0.05401104332939503,0.0
EMP07814,Rupal Srivastava,57,38,Product Management,220000,31000,13200,2472,1961,171367,0,30806,53257,29624,14435,128122,5209,4726,Low,0.74764686316502,0.03039675083300752,0.027578238517334142,0.3107774542356463
EMP07815,Yash Goel,56,35,IT,150000,13333,9000,3563,1828,122276,0,17131,40560,6710,5467,69868,26079,4371,Low,0.5713958585495109,0.21327979325460433,0.0357469985933462,0.33170859367332917
EMP07816,Vivek Goel,44,15,Product Management,170149,17537,10209,2376,1334,138693,14663,21862,11345,23349,11725,82944,10546,6960,Low,0.5980402760052779,0.07603844462229528,0.05018277778979473,0.08179936983120994
EMP07817,Ishaan Thomas,50,20,Sales,71085,2108,4265,1527,2033,61152,0,9145,0,4817,4244,18206,15319,5209,High,0.29771716378859236,0.2505069335426478,0.08518118785975928,0.0
EMP07818,Hemant Goel,36,13,Finance,100153,5023,6009,3420,1046,84655,0,12178,17928,11543,7583,49232,5362,5998,Low,0.5815604512432816,0.06333943653653062,0.07085228279487331,0.21177721339554664
EMP07819,Prateek Chauhan,35,10,Finance,87099,3710,5226,2061,1419,74683,20669,10052,0,9405,5959,46085,5174,3024,Low,0.617074836308129,0.06927948796914961,0.04049114256256444,0.0
EMP07820,Hemant Nair,28,3,Cyber Security,103917,5588,6235,3462,1924,86708,0,11965,6439,5032,3762,27198,19053,21344,High,0.3136734788024173,0.219737509803017,0.24615952391936152,0.0742607371868801
EMP07821,Vivek Sabharwal,53,28,Sales,85000,3500,5100,1918,1914,72568,23246,12056,10388,11903,7049,64642,1120,931,Low,0.8907783044868262,0.015433800022048286,0.012829346268327638,0.14314849520449785
EMP07822,Nikhil Behera,39,14,Finance,99065,4906,5944,1426,1781,85008,21793,13914,15240,5729,6447,63123,8160,2898,Low,0.7425536420101637,0.09599096555618294,0.03409090909090909,0.1792772444946358
EMP07823,Yuvraj Ghosh,25,0,IT,86305,3630,5178,1910,2244,73343,0,9426,0,3777,2313,15516,16923,18453,High,0.21155393152720778,0.2307377663853401,0.25159865290484434,0.0
EMP07824,Aarav Monika Jindal,33,7,Finance,84069,3407,5044,2050,1021,72547,0,8773,0,3628,3676,16077,13232,23025,High,0.22160806098115704,0.182392104428853,0.31738045680731114,0.0
EMP07825,Rohan Jindal,34,9,Customer Support,46913,679,2815,816,1524,41079,0,6900,8393,1309,3577,20179,860,268,Low,0.4912242264904209,0.02093527106307359,0.006524014703376421,0.204313639572531
EMP07826,Vivek Porwal,48,16,Operations,73024,2302,4381,1604,1047,63690,0,11178,19142,10229,5554,46103,2510,1778,Low,0.7238655989951327,0.039409640445909874,0.027916470403517035,0.30054953681896684
EMP07827,Muskan Pillai,60,28,IT,148866,13107,8932,3900,1766,121161,7209,19938,0,22544,12252,61943,8862,7582,Medium,0.5112453677338418,0.0731423477851784,0.06257789222604633,0.0
EMP07828,Rohit Pawar,28,5,Operations,58762,1271,3526,955,1598,51412,0,9330,0,3221,2957,15508,16486,3351,High,0.30164164008402705,0.3206644363183693,0.06517933556368163,0.0
EMP07829,Ayush Arjun Pawar,34,12,Marketing,70547,2055,4233,2031,2069,60159,16715,8222,0,5908,5344,36189,2884,3101,Low,0.6015558769261458,0.04793962665602819,0.051546734486942934,0.0
EMP07830,Ankit Suri,31,9,Finance,91340,4134,5480,1984,1743,77999,20436,12758,0,6403,4649,44246,15518,4070,Medium,0.5672636828677291,0.19895126860600776,0.05218015615584815,0.0
EMP07831,Simran Pandey,35,5,Sales,54452,1056,3267,733,1108,48288,4083,7665,2848,2696,2991,20283,13379,3005,Medium,0.42004224652087474,0.2770667660702452,0.06223078197481776,0.058979456593770706
EMP07832,Sonali Goel,59,26,Customer Support,57858,1226,3471,990,1659,50512,0,8623,0,1531,2707,12861,1511,502,Medium,0.25461276528349697,0.029913683877098512,0.009938232499208109,0.0
EMP07833,Aisha Saini,58,35,Finance,130000,9500,7800,2303,1295,109102,0,12045,22712,9455,6650,50862,21517,5835,Medium,0.46618760426023353,0.19721911605653425,0.05348206265696321,0.2081721691628018
EMP07834,Rashmi Khanna,22,2,Operations,50243,845,3015,971,2125,43287,0,5323,3383,6233,3629,18568,4373,2588,Medium,0.4289509552521542,0.10102340194515674,0.05978700302631275,0.07815279414142814
EMP07835,Pooja Gupta,53,37,Customer Support,60000,1333,3600,1560,1997,51510,0,7729,11005,3771,3520,26025,11576,2430,Medium,0.5052417006406523,0.22473306154144826,0.04717530576587071,0.21364783537177248
EMP07836,Nisha Gupta,25,1,Cyber Security,104946,5742,6297,2849,1084,88974,0,7668,10242,7262,3347,28519,12748,22594,Medium,0.32053184076246993,0.14327781149549307,0.253939353069436,0.11511227999190775
EMP07837,Aditi Das,57,26,Marketing,90000,4000,5400,2074,1641,76885,0,10177,16187,13815,4671,44850,4177,3895,Low,0.5833387526825778,0.05432789230669181,0.0506600767379853,0.21053521493139105
EMP07838,Trisha Dubey,39,13,Customer Support,47104,689,2826,1155,1299,41135,9600,4709,6751,2360,1348,24768,10151,1014,Medium,0.602114987237146,0.24677282119849278,0.024650540901908352,0.16411814756290263
EMP07839,Deepak Thomas,38,10,Marketing,72051,2205,4323,1259,1243,63021,16792,11428,6233,4704,2684,41841,8566,2223,Medium,0.6639215499595373,0.13592294631948082,0.03527395630028086,0.09890354008981134
EMP07840,Vihaan Khanna,30,3,HR,41540,410,2492,1113,2271,35254,0,5844,10995,1170,1461,19470,1008,666,Low,0.5522777557156635,0.02859250014182788,0.018891473307993418,0.3118795030351166
EMP07841,Vihaan Rajput,23,2,Cyber Security,105797,5870,6348,3495,1238,88846,0,9567,0,6583,2936,19086,21928,26269,High,0.21482115120545664,0.24680908538369764,0.2956689102491952,0.0
EMP07842,Amit Varun Behera,46,22,HR,70000,2000,4200,2113,1618,60069,0,7880,0,1183,2816,11879,26042,4096,Medium,0.1977559140321963,0.43353476834973115,0.06818825017896087,0.0
EMP07843,Komal Soni,45,23,IT,139227,11179,8354,2292,1713,115689,31225,16519,0,10977,5717,64438,24659,4578,Medium,0.5569933182930097,0.2131490461495907,0.03957161009257579,0.0
EMP07844,Aarav Sabharwal,49,27,Operations,92852,4285,5571,1715,2402,78879,0,10041,20199,2342,3243,35825,25199,3025,Medium,0.454176650312504,0.31946398914793545,0.03834987766072085,0.25607576160955386
EMP07845,Lakshay Patel,33,11,Sales,61464,1407,3688,1470,1629,53270,14989,6008,7024,2716,2614,33351,701,443,Low,0.6260747137225455,0.013159376759902384,0.008316125398911207,0.13185657968837994
EMP07846,Nisha Naidu,55,30,HR,70000,2000,4200,1956,1103,60741,11607,7215,4412,1986,1510,26730,22181,1797,Medium,0.44006519484368056,0.3651734413328724,0.029584629821701982,0.07263627533297114
EMP07847,Hemant Tomar,42,15,Finance,103122,5468,6187,3347,922,87198,0,14368,0,3662,3864,21894,22345,22929,High,0.25108374045276266,0.2562558774283814,0.26295327874492536,0.0
EMP07848,Mansi Pillai,42,25,Cyber Security,178796,19699,10728,3206,1206,143957,0,21761,37942,6758,7676,74137,15395,23825,Medium,0.5149940607264669,0.10694165618900088,0.1655008092694346,0.2635648144932167
EMP07849,Parth Narang,27,5,Sales,55981,1132,3359,1008,1698,48784,12047,6740,3387,5578,3221,30973,6355,2829,Medium,0.6349007871433257,0.13026812069530994,0.057990324696621846,0.06942850114791735
EMP07850,Swati Mukherjee,29,3,Product Management,135148,10363,8109,3747,1327,111602,0,11455,31361,10972,5013,58801,24238,6707,Medium,0.5268812386874787,0.2171824877690364,0.06009748929230659,0.2810075088260067
EMP07851,Sanya Khanna,49,27,Finance,130000,9500,7800,3463,1032,108205,10243,20051,0,7133,7442,44869,23756,9808,High,0.41466660505521924,0.21954623168984796,0.09064276142507278,0.0
EMP07852,Divya Sneha Yadav,23,0,Customer Support,35000,83,2100,968,1816,30033,0,3053,2672,2188,1202,9115,13168,1828,High,0.3034994839010422,0.4384510371924217,0.06086638031498685,0.08896880098558252
EMP07853,Nandini Chatterjee,39,15,IT,117260,7589,7036,3734,1811,97090,20401,13099,0,2113,3490,39103,32636,4108,High,0.4027500257493048,0.33614172417344734,0.042311257596044906,0.0
EMP07854,Trisha Deshmukh,55,23,Finance,118587,7788,7115,3360,1178,99146,22137,16263,0,7313,4523,50236,19019,6203,Medium,0.5066871079014786,0.19182821293849475,0.0625642991144373,0.0
EMP07855,Vaishnavi Shinde,43,18,Customer Support,55577,1112,3335,819,1473,48838,0,7717,13199,1447,2585,24948,2274,77,Low,0.5108317293910479,0.04656210328023261,0.001576641140095827,0.2702608624431795
EMP07856,Rishabh Sahu,55,34,Customer Support,60000,1333,3600,1260,1763,52044,0,9793,16467,1345,2891,30496,847,953,Low,0.5859657213127354,0.016274690646376145,0.01831142879102298,0.3164053493198063
EMP07857,Neha Mehta,27,5,Data Science,109386,6408,6563,3202,1285,91928,26015,12463,0,10269,6046,54793,16335,4746,Medium,0.5960425550430772,0.17769341223566268,0.05162736054303368,0.0
EMP07858,Sonia Pillai,38,8,Data Science,112085,6813,6725,2801,1602,94144,23312,16602,0,7409,5620,52943,14509,5851,Medium,0.562361913664174,0.15411497280761388,0.062149473147518695,0.0
EMP07859,Aarav Jain,55,36,Cyber Security,180000,20000,10800,2400,2265,144535,0,24603,0,11134,7060,42797,40244,14391,High,0.2961012903448992,0.2784377486421974,0.09956757878714498,0.0
EMP07860,Mayank Pawar,39,8,Product Management,155982,14530,9359,3300,1727,127066,0,19522,0,6664,6882,33068,44139,7642,High,0.2602427085136858,0.3473706577684038,0.06014197346260998,0.0
EMP07861,Kartik Trivedi,22,0,Operations,50000,833,3000,1066,912,44189,0,6220,0,4193,2020,12433,15414,2603,High,0.28135961438367013,0.3488198420421372,0.0589060625947634,0.0
EMP07862,Sanya Narang,41,21,Sales,77998,2800,4680,1556,1774,67188,0,10519,0,3658,3907,18084,20834,6701,High,0.2691552062868369,0.3100851342501637,0.09973507173900101,0.0
EMP07863,Monika Reddy,53,38,Finance,130000,9500,7800,3615,1068,108017,27180,17730,10663,5185,4709,65467,15873,4418,Medium,0.606080524361906,0.14694909134673245,0.040900969291870724,0.09871594286084598
EMP07864,Jyoti Deshmukh,26,3,Data Science,97409,4741,5845,1509,1734,83580,20869,7290,0,9016,4706,41881,8421,19769,Medium,0.5010887772194305,0.1007537688442211,0.23652787748265136,0.0
EMP07865,Komal Gupta,43,19,Finance,106998,6050,6420,3637,1462,89429,0,17314,29839,7643,4336,59132,14374,3799,Low,0.6612172785114449,0.16073085911728857,0.04248062708964653,0.3336613402811169
EMP07866,Ishita Thomas,60,26,Customer Support,58645,1266,3519,873,1316,51671,0,7148,13902,2221,2798,26069,7563,7411,Medium,0.5045189758278338,0.14636836910452672,0.14342668034293898,0.26904840239205746
EMP07867,Ananya Solanki,33,5,Customer Support,38932,280,2336,1013,1702,33601,2909,4675,0,3135,2086,12805,9165,1764,High,0.3810898485164132,0.2727597392934734,0.05249843754650159,0.0
EMP07868,Priya Gupta,35,11,Operations,67237,1724,4034,1253,2151,58075,16624,10362,9388,3496,3754,43624,7187,1808,Low,0.7511665949203616,0.12375376668101593,0.03113215669393026,0.16165303486870425
EMP07869,Ananya Parmar,59,25,Sales,85000,3500,5100,1987,951,73462,0,9272,0,7527,6253,23052,6863,8390,Medium,0.31379488715254145,0.09342244970188669,0.11420870654215785,0.0
EMP07870,Nisha Swain,37,11,Cyber Security,128954,9343,7737,2912,1979,106983,26713,15133,0,5187,4165,51198,26052,6902,Medium,0.4785620145256723,0.24351532486469812,0.06451492293168073,0.0
EMP07871,Nisha Tomar,22,0,IT,84355,3436,5061,1690,1650,72518,0,7136,10233,9808,4638,31815,9790,4673,Medium,0.4387186629526462,0.13500096527758626,0.06443917372238617,0.14110979343059654
EMP07872,Vaishnavi Jain,31,11,Sales,63656,1516,3819,1458,1155,55708,0,5936,10701,5244,3778,25659,13085,3424,Medium,0.46059811876211676,0.23488547425863432,0.06146334458246571,0.1920909025633661
EMP07873,Mansi Rajput,47,27,Marketing,90000,4000,5400,1858,1133,77609,0,12326,0,2799,3981,19106,2672,514,Medium,0.24618278807870222,0.03442899663698798,0.006622943215348735,0.0
EMP07874,Rohit Saini,30,5,HR,43264,497,2596,1173,2032,36966,4043,6221,3650,1106,2087,17107,890,689,Medium,0.4627766055294054,0.02407617810961424,0.01863874912081372,0.0987393821349348
EMP07875,Parth Chauhan,27,4,Finance,78755,2876,4725,1216,2385,67553,0,6530,0,4141,3320,13991,36916,2507,High,0.20711145322931623,0.5464746199280565,0.03711160126123192,0.0
EMP07876,Rashmi Jindal,49,15,Marketing,75849,2585,4551,1924,1888,64901,0,10044,18030,10358,6236,44668,3585,2875,Low,0.6882482550345912,0.05523797784317653,0.044298238856103914,0.27780773793932295
EMP07877,Pankaj Aditya Agarwal,37,11,Product Management,158154,14964,9489,2446,2061,129194,31742,16634,0,8384,7004,63764,18667,25556,High,0.4935523321516479,0.14448813412387573,0.19781104385652584,0.0
EMP07878,Sonali Sandhu,24,0,Data Science,94078,4408,5645,1675,2085,80265,0,7610,6391,7833,3257,25091,26809,5834,Medium,0.3126020058556033,0.33400610477792314,0.07268423347660874,0.07962374634024792
EMP07879,Shreya Patel,48,21,Sales,76304,2630,4578,1368,2107,65621,0,11257,22459,9643,5528,48887,2554,2149,Low,0.7449901708294601,0.03892046753325917,0.032748662775635845,0.3422532421023758
EMP07880,Tushar Suri,26,3,Sales,50505,859,3030,796,2111,43709,0,6768,0,3476,2497,12741,13044,3355,High,0.2914960305657874,0.29842824132329726,0.07675764716648745,0.0
EMP07881,Shruti Mundra,57,36,Sales,85000,3500,5100,1351,1468,73581,5251,12996,0,4112,4180,26539,19903,4465,Medium,0.3606773487721015,0.2704910234979139,0.06068142591158043,0.0
EMP07882,Saloni Kapoor,46,19,HR,62804,1474,3768,1966,2277,53319,0,7173,0,2516,1641,11330,21362,3221,Medium,0.21249460792588007,0.40064517339034866,0.06040998518351807,0.0
EMP07883,Anjali Kapoor,33,11,Operations,75158,2516,4509,1877,1167,65089,0,9402,18754,1393,1617,31166,17741,3026,Medium,0.47882130621149505,0.27256525680222465,0.04649019035474504,0.28812856242990365
EMP07884,Neha Mittal,54,38,IT,150000,13333,9000,3433,1348,122886,0,21888,0,12801,11160,45849,18534,10907,High,0.3731018993213222,0.15082271373468092,0.08875705938837622,0.0
EMP07885,Rahul Muskan Reddy,46,25,Data Science,170000,17500,10200,3263,2067,136970,0,19789,28448,9540,7814,65591,30939,6137,Medium,0.47887128568299625,0.22588157990800906,0.04480543184638972,0.20769511571877053
EMP07886,Krishna Reddy,51,36,HR,70000,2000,4200,1368,1760,60672,0,8397,19839,2034,3699,33969,2105,896,Low,0.5598793512658228,0.034694752109704644,0.014767932489451477,0.32698773734177217
EMP07887,Prachi Aarav Chopra,29,4,Sales,53460,1006,3208,1056,1450,46740,10645,4877,0,3875,2879,22276,8799,3875,High,0.4765939238339752,0.18825417201540437,0.08290543431750107,0.0
EMP07888,Reema Shukla,32,10,Customer Support,45007,584,2700,704,1763,39256,10611,5947,5904,807,2032,25301,1186,211,Low,0.6445129406969635,0.030211942123497044,0.005374974526187079,0.15039739148155695
EMP07889,Komal Mohanty,35,8,Sales,58424,1255,3505,710,1807,51147,4341,7652,5740,8157,3965,29855,5140,2724,Low,0.5837096994936164,0.10049465266780065,0.05325825561616517,0.11222554597532602
EMP07890,Ishita Goel,45,22,Data Science,153350,14003,9201,3505,1777,124864,0,24074,27557,10075,8533,70239,23416,6595,Low,0.5625240261404408,0.18753203485392106,0.052817465402357766,0.22069611737570477
EMP07891,Anurag Pillai,30,7,Sales,60003,1333,3600,1469,1040,52561,0,8106,0,3803,3714,15623,16935,4984,High,0.2972355929301193,0.32219706626586253,0.09482315785468313,0.0
EMP07892,Shubham Narang,50,15,Finance,104341,5651,6260,2540,1294,88596,22451,8226,6596,6858,3609,47740,27822,2782,High,0.5388505124384848,0.3140322362183394,0.03140096618357488,0.074450313783918
EMP07893,Shivam Mathew,46,17,IT,126175,8926,7570,3518,1215,104946,0,16303,0,15828,7889,40020,13279,9985,Medium,0.38133897432965524,0.1265317401330208,0.09514416938234901,0.0
EMP07894,Shivam Porwal,22,0,Operations,50253,846,3015,1098,1003,44291,0,4153,6973,2732,1591,15449,17969,2460,Medium,0.3488067553227518,0.4057031902643878,0.055541757919216096,0.1574360479555666
EMP07895,Saloni Vaishnavi Maheshwari,60,29,IT,150000,13333,9000,2267,1543,123857,27708,10741,0,11392,4309,54150,24382,18614,High,0.43719773609888823,0.1968560517370839,0.15028621716980065,0.0
EMP07896,Pooja Reddy,49,27,Sales,85000,3500,5100,2076,1445,72879,0,7573,24384,5193,4934,42084,1336,990,Low,0.5774502943234676,0.01833175537534818,0.013584160046103817,0.33458197834767217
EMP07897,Shreya More,54,33,Sales,85000,3500,5100,1579,1468,73353,0,10688,15218,2435,1720,30061,29880,2699,Medium,0.40981282292476107,0.40734530285059917,0.03679467779095606,0.20746254413589083
EMP07898,Muskan Bhardwaj,39,9,IT,103519,5528,6211,3045,968,87767,9009,10318,14156,7116,4462,45061,12663,15719,Medium,0.513416204268119,0.14427974067701985,0.17909920585185776,0.16129069012271127
EMP07899,Vidhi Ahuja,26,2,IT,80000,3000,4800,1503,1555,69142,16568,9244,0,4968,3600,34380,12938,4035,Medium,0.4972375690607735,0.18712215440687283,0.05835816146481155,0.0
EMP07900,Payal Iyer,37,14,HR,59261,1296,3556,1113,1479,51817,4443,6204,0,2831,3638,17116,182,929,Medium,0.3303163054595982,0.0035123608082289594,0.017928479070575293,0.0
EMP07901,Swati Nair,40,17,Operations,77586,2759,4655,2197,1548,66427,0,10748,20183,2580,3003,36514,16885,2616,Medium,0.5496861216071778,0.25418880876751926,0.039381576768482696,0.3038372950757975
EMP07902,Vikram Trivedi,58,23,Marketing,89396,3940,5364,1390,1576,77126,0,10455,0,3849,4121,18425,27389,5926,High,0.23889479552939347,0.3551201929310479,0.0768353084562923,0.0
EMP07903,Aarav Naidu,37,9,Customer Support,42808,474,2568,869,1545,37352,0,6590,0,2436,1774,10800,12133,2961,Medium,0.28914114371385735,0.3248286571000214,0.07927286356821589,0.0
EMP07904,Neha Swain,56,36,Data Science,170000,17500,10200,3477,1295,137528,0,22369,46837,4126,3498,76830,37757,5096,Medium,0.5586498749345588,0.27454045721598513,0.037054272584491885,0.3405633761852132
EMP07905,Aman Mukherjee,32,10,Sales,63862,1526,3832,1624,2237,54643,5923,8548,8467,4227,3381,30546,10565,3174,Medium,0.5590103032410373,0.1933458997492817,0.05808612265065974,0.1549512288856761
EMP07906,Rishabh Wadhwa,44,15,Sales,66804,1680,4008,1907,1734,57475,13992,9091,0,2817,2721,28621,8342,9640,Medium,0.49797303175293606,0.14514136581122228,0.16772509786863854,0.0
EMP07907,Simran Thomas,42,20,IT,135102,10354,8106,3510,2061,111071,33376,20856,10619,6071,6946,77868,11717,3457,Low,0.7010650844955029,0.10549108228070334,0.03112423584914154,0.09560551359040613
EMP07908,Rashmi Nikita Gill,30,5,Operations,56771,1172,3406,1086,808,50299,0,7491,0,2084,3506,13081,1453,1206,Medium,0.26006481242171814,0.0288872542197658,0.02397661981351518,0.0
EMP07909,Bhavna Neha Bhardwaj,24,1,IT,85138,3514,5108,1553,1536,73427,18449,9671,7030,6713,3767,45630,11867,3004,Medium,0.6214335326242391,0.1616162991815,0.040911381371974885,0.0957413485502608
EMP07910,Vidhi Arora,35,6,Customer Support,43281,497,2597,911,1955,37321,9427,4202,0,3085,2737,19451,683,739,Medium,0.521181104472013,0.018300688620347793,0.01980118431981994,0.0
EMP07911,Kartik Khanna,27,3,Sales,53210,994,3193,718,1311,46994,15281,6893,0,3210,2889,28273,516,788,Medium,0.6016299953185513,0.010980125122356046,0.01676809805507086,0.0
EMP07912,Ananya Tiwari,34,6,Operations,62106,1439,3726,2083,904,53954,0,6184,4079,4018,2215,16496,21592,2896,Medium,0.3057419283093005,0.4001927567928235,0.05367535307854839,0.07560143826222337
EMP07913,Tarun Sahu,46,18,Sales,69331,1933,4160,1613,2178,59447,0,6275,15309,11601,4465,37650,4200,2998,Low,0.6333372583982371,0.07065116826753243,0.050431476777633856,0.2575235083351557
EMP07914,Diya Mundra,47,18,Finance,111194,6679,6672,3345,1222,93276,0,13048,24955,6868,5864,50735,18899,5397,Medium,0.5439234100947725,0.20261374844547364,0.057860542904927315,0.2675393455980102
EMP07915,Aman Rohan Shinde,50,15,Customer Support,51342,900,3081,1182,1714,44465,11709,7538,7268,3713,1923,32151,5413,1589,Low,0.7230630833239626,0.1217361970088834,0.035735972112897786,0.16345440233891825
EMP07916,Namrata Chauhan,47,18,Sales,68685,1868,4121,1963,1568,59165,0,11406,0,4304,4212,19922,19031,4868,High,0.33671934420687905,0.3216597650638046,0.08227837403870532,0.0
EMP07917,Nikita Maheshwari,39,15,IT,117210,7582,7033,3705,936,97954,0,9047,31733,6647,2912,50339,30936,4072,Medium,0.5139044857790391,0.3158217122322723,0.041570533107376934,0.3239581844539274
EMP07918,Sumit Gill,24,0,Finance,71881,2188,4313,1277,1333,62770,15554,9012,7414,5390,3863,41233,8063,2282,Medium,0.6568902341883065,0.12845308268281025,0.036354946630555995,0.11811374860602199
EMP07919,Megha Tarun Tayal,39,18,Operations,85215,3522,5113,1881,2044,72655,0,11751,0,4120,4000,19871,25595,4293,High,0.2734980386759342,0.35228132957126146,0.059087468171495426,0.0
EMP07920,Ishita Bagri,60,33,IT,150000,13333,9000,3660,1390,122617,30601,17431,12726,6805,6815,74378,12346,16631,Medium,0.6065879935082411,0.10068750662632424,0.13563372126214146,0.10378658750417968
EMP07921,Siddharth Tomar,55,35,HR,70000,2000,4200,1533,1339,60928,14376,10407,7732,2719,2491,37725,11618,2627,Medium,0.6191734506302521,0.19068408613445378,0.04311646533613445,0.12690388655462184
EMP07922,Lokesh Tiwari,57,34,Sales,85000,3500,5100,1597,1492,73311,0,6134,23791,4301,1810,36036,20848,3295,Medium,0.49154969922658265,0.28437751497046826,0.04494550613141275,0.3245215588383735
EMP07923,Dev Somani,34,12,IT,108450,6268,6507,3685,1764,90226,18592,12162,0,5795,4037,40586,23432,6347,Medium,0.4498259925077029,0.2597034114335114,0.07034557666304612,0.0
EMP07924,Saurabh Jindal,29,2,Customer Support,35028,85,2102,1167,1339,30335,7391,3068,0,2987,1745,15191,5371,1977,Medium,0.5007746827097412,0.17705620570298336,0.06517224328333608,0.0
EMP07925,Diya Wadhwa,54,28,Operations,95000,4500,5700,2037,1548,81215,0,13564,21258,8498,5022,48342,3337,5409,Low,0.5952348704057132,0.041088468878901684,0.06660099735270578,0.26174967678384536
EMP07926,Ayaan Khandelwal,48,23,Marketing,87900,3790,5274,1618,1395,75823,0,12809,15246,6105,3665,37825,14409,5373,Medium,0.49885918520765465,0.19003468604513143,0.0708624032285718,0.20107355287973305
EMP07927,Anurag Seth,50,17,HR,61545,1411,3693,1284,2101,53056,0,6201,0,2880,3419,12500,1399,139,Medium,0.23560012062726177,0.026368365500603137,0.002619873341375151,0.0
EMP07928,Aarav Khandelwal,53,35,Sales,85000,3500,5100,1940,1440,73020,16524,12180,12307,3038,3259,47308,284,331,Low,0.6478772938920844,0.003889345384826075,0.004533004656258559,0.1685428649685018
EMP07929,Diya Rathore,36,18,IT,128555,9283,7713,2745,2042,106772,0,14205,29337,5167,4463,53172,36116,3585,Medium,0.4979957292173978,0.33825347469373995,0.03357621848424681,0.27476304649158956
EMP07930,Divya Saini,58,36,Operations,95000,4500,5700,1709,1966,81125,21791,13773,0,5071,3529,44164,15094,3897,Medium,0.5443944530046225,0.18605855161787366,0.04803697996918336,0.0
EMP07931,Vivek Nagpal,33,9,IT,106183,5927,6371,2461,2233,89191,6777,17240,0,11753,7384,43154,8843,5876,Medium,0.48383805540917807,0.09914677489881266,0.06588108665672546,0.0
EMP07932,Rohit Aman Swain,38,8,Operations,62690,1468,3761,1200,1962,54299,15942,8338,0,1389,2842,28511,1281,960,Medium,0.5250741265953333,0.0235915946886683,0.017679883607432917,0.0
EMP07933,Tanvi Mohanty,59,23,Sales,80887,3089,4853,1950,1019,69976,20030,10325,3172,12371,5068,50966,3285,3039,Low,0.7283354292900422,0.04694466674288327,0.04342917571738882,0.04532982736938379
EMP07934,Krishna Bhatia,44,25,Marketing,85907,3591,5154,2008,987,74167,21907,12223,4531,6451,3908,49020,12058,2913,Medium,0.6609408497040463,0.16257904458856365,0.039276227972009116,0.06109186026130219
EMP07935,Payal Soni,47,18,Cyber Security,150180,13369,9011,2221,1631,123948,0,16532,34055,5852,5218,61657,25132,6037,Medium,0.49744247587698065,0.20276244876883853,0.0487059089295511,0.27475231548713974
EMP07936,Anjali Mansi Bhardwaj,52,27,Sales,84058,3406,5043,2014,1128,72467,0,12646,23891,4963,4679,46179,10284,2468,Low,0.6372417790166559,0.14191287068596742,0.03405688106310459,0.3296810962231084
EMP07937,Komal Bhardwaj,23,0,IT,81102,3110,4866,2198,1943,68985,0,9900,0,3735,2088,15723,18371,17382,High,0.2279191128506197,0.26630426904399507,0.25196781909110677,0.0
EMP07938,Shruti Ahuja,47,18,HR,63643,1515,3819,1621,1579,55109,0,7935,16186,2379,2386,28886,17027,2179,Medium,0.5241612077882015,0.3089694968154022,0.039539821081855955,0.2937088315883068
EMP07939,Pallavi Gupta,56,34,Marketing,90000,4000,5400,2167,1006,77427,0,13772,17370,5931,3584,40657,14097,5178,Medium,0.5251010629367017,0.18206827075826262,0.06687589600526948,0.22434034639079392
EMP07940,Dhruv Rawat,24,1,Marketing,55816,1124,3349,830,2305,48208,0,5260,10020,7134,4779,27193,3051,2346,Low,0.5640765018254231,0.06328825091271158,0.04866412213740458,0.20784931961500167
EMP07941,Lakshay Mundra,38,14,IT,109613,6442,6577,3395,1770,91429,24168,14120,16406,5279,3773,63746,10427,2861,Low,0.6972186067877807,0.11404477791510352,0.031292040818558665,0.1794397838760131
EMP07942,Shubham Atharv George,33,7,Customer Support,39641,315,2378,1028,1785,34135,0,4431,0,1377,813,6621,16395,1726,Medium,0.19396513842097554,0.4802988135344954,0.05056393730774864,0.0
EMP07943,Jyoti Jindal,30,2,HR,43957,531,2637,716,1133,38940,0,4090,11263,2207,2570,20130,1846,77,Low,0.5169491525423728,0.047406266050333844,0.0019774011299435027,0.2892398561890087
EMP07944,Rohan Iyer,56,25,Sales,82442,3244,4947,1556,1314,71381,16978,10744,6691,4245,3328,41986,11021,3738,Medium,0.5881957383617489,0.15439682828763956,0.0523668763396422,0.09373642846135526
EMP07945,Trisha Suri,36,11,Sales,60743,1370,3645,1886,1767,52075,4460,7113,0,7830,3168,22571,3400,4792,Medium,0.4334325492078733,0.06529044647143543,0.09202112337974076,0.0
EMP07946,Jyoti Rajput,39,15,HR,57474,1207,3448,1190,1459,50170,0,7016,12908,3516,2477,25917,8934,2874,Medium,0.5165836157065976,0.17807454654175803,0.05728523021726131,0.2572852302172613
EMP07947,Parth Sanya Gill,45,17,Finance,111808,6771,6708,2377,1125,94827,5847,13569,0,4071,2864,26351,34341,8338,High,0.27788499056175986,0.3621436932519219,0.08792854355826928,0.0
EMP07948,Reema Ghosh,56,22,IT,131913,9787,7915,2770,1725,109716,22071,15730,0,3568,3817,45186,43159,4668,High,0.41184512741988405,0.3933701556746509,0.04254621021546538,0.0
EMP07949,Priya Dubey,28,4,HR,47254,696,2835,1038,1998,40687,12812,7741,0,1586,2334,24473,515,119,Medium,0.6014943347998132,0.012657605623417799,0.002924767124634404,0.0
EMP07950,Shubham Joshi,58,29,Finance,130000,9500,7800,3430,1238,108032,11829,13058,0,8870,6192,39949,27608,7713,Medium,0.36978858116113744,0.25555390995260663,0.0713955124407583,0.0
EMP07951,Rahul Ghosh,26,3,HR,44518,559,2671,1071,1520,38697,10415,5266,0,2226,2086,19993,4095,7681,Medium,0.5166550378582319,0.1058221567563377,0.19849083908313306,0.0
EMP07952,Aditi Aman Khandelwal,53,29,Sales,85000,3500,5100,1799,1726,72875,0,11420,24217,5911,4416,45964,11260,3088,Low,0.6307238421955403,0.15451114922813036,0.04237392795883362,0.3323087478559177
EMP07953,Nandini Patel,41,22,Finance,120952,8143,7257,3703,1382,100467,23113,14315,11134,4331,4141,57034,22929,4988,Medium,0.5676888928702957,0.2282241930186031,0.04964814317138961,0.11082245911592861
EMP07954,Harsh Porwal,28,3,Sales,49985,833,2999,1013,1702,43438,2418,5843,0,4401,2066,14728,13338,3248,High,0.3390579676780699,0.3070583360191537,0.07477324002025876,0.0
EMP07955,Vikram Fernandes,45,16,Finance,108610,6292,6517,3012,1184,91605,5275,15201,3988,12218,8454,45136,10353,5600,Medium,0.49272419627749575,0.11301784837072212,0.061132034277604934,0.043534741553408654
EMP07956,Nandini Jain,31,5,Customer Support,36004,134,2160,786,820,32104,10263,3631,1868,2464,1653,19879,480,244,Low,0.6192063294293546,0.0149514079242462,0.007600299028158485,0.05818589583852479
EMP07957,Varun Naidu,25,2,Finance,72146,2215,4329,1266,1956,62380,0,5751,0,3456,2741,11948,32546,3533,High,0.1915357486373838,0.5217377364539917,0.05663674254568772,0.0
EMP07958,Rupal Somani,56,36,Finance,130000,9500,7800,3317,1912,107471,24127,10099,0,10090,3842,48158,18110,23165,High,0.4481022787542686,0.16851057494579932,0.21554651952619777,0.0
EMP07959,Avantika Fernandes,44,16,Data Science,139815,11296,8389,3534,2162,114434,27490,14855,0,9247,5740,57332,24177,6438,Medium,0.501004946082458,0.2112746211790202,0.05625950329447542,0.0
EMP07960,Rajat Mittal,43,17,Sales,73631,2363,4418,1672,2004,63174,15127,9660,4276,4697,2844,36604,11500,3595,Medium,0.5794155823598316,0.18203691392028365,0.056906322221166934,0.06768607338462025
EMP07961,Saloni Nagpal,50,16,Cyber Security,141645,11662,8499,3032,1776,116676,37713,19301,18016,11738,7342,94110,3045,2515,Low,0.8065926154479071,0.026097912167026636,0.021555418423668964,0.15441050430251294
EMP07962,Ravi Gupta,27,7,Finance,88594,3859,5316,1985,1796,75638,20032,9556,6121,7350,3011,46070,14556,2655,Medium,0.6090853803643671,0.19244295195536634,0.035101404056162244,0.08092493191253074
EMP07963,Aakash Sandhu,25,1,IT,82764,3276,4966,1973,1770,70779,0,10027,9636,4008,4136,27807,18138,4075,Medium,0.39287076675285043,0.2562624507269105,0.05757357408270815,0.13614207603950323
EMP07964,Nikita Mishra,23,3,Finance,80177,3018,4811,1262,1155,69931,0,6580,0,4719,2068,13367,34095,3641,Medium,0.19114555776408174,0.48755201555819305,0.052065607527419885,0.0
EMP07965,Monika Dhruv Bhardwaj,31,7,Customer Support,43765,522,2626,930,1994,37693,8549,4693,0,2171,2491,17904,1954,68,Medium,0.4749953572281325,0.05183986416576022,0.0018040484970684213,0.0
EMP07966,Abhishek Wadhwa,58,29,Sales,85000,3500,5100,2134,2036,72230,20637,9036,0,8271,3238,41182,13831,3552,Medium,0.5701509068254188,0.19148553232728782,0.0491762425584937,0.0
EMP07967,Anjali Naidu,31,11,IT,103736,5560,6224,2260,2162,87530,19961,13405,14238,5638,5795,59037,13984,2548,Medium,0.6744773220610076,0.15976236718839254,0.02911001942191249,0.16266422940706043
EMP07968,Trisha Thomas,50,25,Sales,85000,3500,5100,1411,1564,73425,0,11217,25184,4771,4252,45424,10914,3135,Low,0.6186448757235274,0.1486414708886619,0.04269662921348315,0.3429894450119169
EMP07969,Namrata Srivastava,33,5,IT,90956,4096,5457,1707,1349,78347,17552,6803,6124,7492,4107,42078,11661,11740,Medium,0.5370722554788313,0.14883786233040194,0.14984619704647276,0.07816508609136279
EMP07970,Prateek Soni,26,7,IT,95710,4571,5743,1248,1496,82652,24069,12091,0,11888,7690,55738,3853,2650,Medium,0.6743696462275565,0.04661714175095581,0.032062140057106905,0.0
EMP07971,Avantika Bose,36,10,Cyber Security,128715,9307,7723,2714,1296,107675,26906,12428,6483,7267,7730,60814,1832,1233,Low,0.5647921987462271,0.017014162990480614,0.011451126073833294,0.06020896215463199
EMP07972,Ravi Khanna,22,2,IT,83416,3342,5005,1279,2165,71625,0,5775,138,5072,3174,14159,38600,3336,High,0.1976823734729494,0.5389179755671902,0.04657591623036649,0.0019267015706806283
EMP07973,Kunal Chauhan,49,15,Customer Support,48199,743,2892,1002,1764,41798,0,6754,14284,2103,2369,25510,5962,1562,Low,0.6103162830757453,0.14263840375137565,0.03737020910091392,0.34173883917890807
EMP07974,Bhavna Dubey,40,14,Finance,98961,4896,5938,1857,2265,84005,0,9930,0,17556,7980,35466,5195,6298,Medium,0.42218915540741625,0.061841557050175584,0.07497172787334087,0.0
EMP07975,Garima Khandelwal,51,35,Customer Support,60000,1333,3600,2012,2011,51044,11718,7010,0,1534,3005,23267,715,68,Medium,0.45582242770942716,0.014007522921401144,0.0013321839981192695,0.0
EMP07976,Kavya Mundra,24,3,Cyber Security,104755,5713,6285,2303,2001,88453,22682,12124,0,8835,4783,48424,19816,4718,Medium,0.5474545803986298,0.22402858014991012,0.05333906142245034,0.0
EMP07977,Deepak Parmar,48,24,Sales,82995,3300,4980,1288,1103,72324,6981,12017,0,1735,2927,23660,2826,756,Medium,0.32713898567557104,0.0390741662518666,0.010452961672473868,0.0
EMP07978,Preeti Deshmukh,38,14,Operations,78027,2803,4682,1862,1951,66729,0,10504,14446,1226,3166,29342,2762,1442,Low,0.43971886286322287,0.041391299135308486,0.021609794841822894,0.2164875841088582
EMP07979,Shivam Monika Khurana,47,22,Operations,90235,4024,5414,2039,1344,77414,9114,11054,0,2093,4573,26834,1664,698,Medium,0.34662980856175885,0.021494820058387373,0.009016456971607203,0.0
EMP07980,Atharv Suri,47,27,Customer Support,60000,1333,3600,2131,1319,51617,0,7049,17905,1498,2279,28731,14736,1643,Medium,0.5566189433713699,0.28548733944243176,0.03183059844624833,0.34688184125385046
EMP07981,Namrata Rawat,36,13,IT,109557,6434,6573,3799,2080,90671,0,14434,21949,6811,4423,47617,17918,4506,Medium,0.525162400326455,0.1976155551389088,0.04969615422792293,0.2420729891586064
EMP07982,Mohit Kumawat,59,34,Sales,85000,3500,5100,1426,1793,73181,0,11879,19261,5767,4795,41702,11800,4911,Medium,0.5698473647531463,0.1612440387532283,0.06710758256924612,0.263196731392028
EMP07983,Saloni Daga,30,2,IT,88739,3874,5324,2076,1586,75879,0,8688,14426,2853,2147,28114,25873,4034,Medium,0.37051094505726223,0.3409770819330777,0.05316358939891142,0.19011847810329605
EMP07984,Ayaan Roy,40,9,Marketing,65822,1624,3949,1632,1878,56739,15499,7867,6021,5824,3582,38793,8793,1562,Medium,0.6837096177232591,0.15497277005234494,0.0275295652020656,0.10611748532755248
EMP07985,Garima Khanna,47,16,Sales,72976,2298,4379,1651,2057,62591,0,8189,13604,10915,4449,37157,4613,2941,Low,0.5936476490230225,0.07370069179274975,0.04698758607467527,0.21734754197887876
EMP07986,Shubham Aakash Khandelwal,36,9,Operations,66386,1653,3983,1829,2283,56638,15923,8079,0,1775,2762,28539,1361,806,Medium,0.5038843179490802,0.024029803312263853,0.014230728486175358,0.0
EMP07987,Shubham Bhardwaj,47,25,HR,64741,1570,3884,1688,759,56840,18730,9903,15759,7778,3880,56050,147,127,Low,0.9861013370865588,0.002586206896551724,0.002234342012667136,0.27725193525686137
EMP07988,Shivam Seth,22,1,Operations,54632,1065,3278,1104,1735,47450,12147,4587,0,3856,1553,22143,14777,2328,High,0.4666596417281349,0.31142255005268704,0.049062170706006325,0.0
EMP07989,Aman Shinde,50,18,Marketing,77740,2774,4664,1856,1648,66798,0,8778,17753,1438,1595,29564,24972,2148,Medium,0.44258810144016286,0.3738435282493488,0.032156651396748406,0.2657714302823438
EMP07990,Vaishnavi Neha Reddy,24,1,Finance,71254,2125,4275,1388,1509,61957,4162,6741,0,4906,2929,18738,11972,12928,High,0.30243556014655326,0.19323078909566313,0.20866084542505287,0.0
EMP07991,Ananya Mayank Jain,26,7,Marketing,61151,1391,3669,1762,971,53358,10089,4484,2626,3731,1318,22248,15814,3222,High,0.4169571573147419,0.29637542636530606,0.060384572135387386,0.04921473818359009
EMP07992,Monika Vihaan Ghosh,37,18,Product Management,187244,21811,11235,2531,1219,150448,33833,24968,7395,10070,8629,84895,24846,8340,Medium,0.5642813463788152,0.16514676167180686,0.055434435818355846,0.049153195788578116
EMP07993,Rupal Srivastava,55,37,Operations,95000,4500,5700,2032,2098,80670,4864,10593,0,8119,5194,28770,24879,4799,Medium,0.356638155448122,0.30840461137969505,0.0594892773025908,0.0
EMP07994,Parth Bedi,37,8,IT,103803,5570,6228,2919,1688,87398,21073,13363,0,5751,4465,44652,16154,5322,Medium,0.5109041396828302,0.1848326048650999,0.06089384196434701,0.0
EMP07995,Ankit Nandini Ghosh,48,17,HR,57215,1194,3433,719,1381,50488,0,8539,11885,3564,2176,26164,9231,2336,Medium,0.5182221517984471,0.18283552527333227,0.04626842021866582,0.23540247187450483
EMP07996,Gaurav Verma,39,9,Operations,70560,2056,4234,1210,1884,61176,15553,10273,6370,3574,3844,39614,8722,2495,Low,0.6475415195501504,0.1425722505557735,0.0407839675689813,0.10412580096769976
EMP07997,Namrata Kulkarni,25,1,Data Science,93097,4310,5586,1565,1245,80391,0,10208,0,9044,4792,24044,20990,6852,High,0.2990882063912627,0.26109887922777425,0.08523342165167742,0.0
EMP07998,Yash Pallavi Trivedi,29,6,Customer Support,42209,444,2533,1164,1110,36958,11550,4797,0,2125,3133,21605,120,217,Medium,0.5845824990529791,0.0032469289463715567,0.005871529844688565,0.0
EMP07999,Sai Mittal,41,15,IT,118906,7836,7134,2797,2021,99118,0,12614,21814,21714,9888,66030,4080,5028,Low,0.6661756694041445,0.041163058173086624,0.050727415807421454,0.2200811154381646
EMP08000,Shivam Malhotra,27,5,Operations,62435,1455,3746,1884,1823,53527,13109,7115,0,3100,2754,26078,11566,3650,Medium,0.48719337904235244,0.21607786724456815,0.06818988547835672,0.0
EMP08001,Rashmi Kapoor,60,33,Sales,85000,3500,5100,1379,1661,73360,0,7006,17664,3769,1660,30099,22790,3318,Medium,0.4102917121046892,0.310659760087241,0.04522900763358779,0.24078516902944383
EMP08002,Ishita Maheshwari,43,20,IT,128627,9294,7718,3360,1375,106880,0,12702,35777,3231,5041,56751,29480,3284,Medium,0.5309786676646706,0.2758233532934132,0.030726047904191617,0.33473989520958086
EMP08003,Mohit Lakshay Nagpal,28,4,Marketing,61239,1395,3674,1756,1367,53047,13351,5632,2381,3974,2955,28293,10549,3459,Medium,0.5333572115293984,0.19886138707184195,0.0652063264652101,0.04488472486662771
EMP08004,Muskan Trisha Tayal,46,28,HR,70000,2000,4200,1398,2346,60056,14391,8996,0,1695,3866,28948,2700,943,Medium,0.48201678433462103,0.04495803916344745,0.015702011455974423,0.0
EMP08005,Shubham Shukla,22,3,HR,43082,487,2585,1180,1869,36961,0,4421,1148,2193,1028,8790,18181,1504,High,0.2378182408484619,0.4918968642623306,0.040691539731067886,0.031059765698980005
EMP08006,Ayush Srivastava,51,25,Sales,80291,3029,4817,1250,1324,69871,21339,10526,2989,9949,5084,49887,3988,2268,Low,0.7139872049920568,0.057076612614675615,0.03245981880894792,0.04277883528216284
EMP08007,Manish Behera,41,18,Cyber Security,151471,13628,9088,2904,1312,124539,10133,15888,0,5663,3326,35010,46053,8513,High,0.281116758605738,0.36978777732276635,0.06835609728679369,0.0
EMP08008,Pankaj Roy,58,26,Operations,95000,4500,5700,1764,1196,81840,0,12498,15573,4714,4286,37071,18592,5214,Medium,0.45296920821114367,0.22717497556207233,0.06370967741935483,0.19028592375366568
EMP08009,Simran Pallavi Seth,51,37,Product Management,220000,31000,13200,3448,1302,171050,0,21694,31224,7323,7724,67965,26060,35853,High,0.3973399590762935,0.1523531131248173,0.2096053785442853,0.18254311604793919
EMP08010,Sumit Kavya Sandhu,27,4,IT,92292,4229,5538,1727,948,79850,7343,8890,13488,7863,3225,40809,19106,4007,Medium,0.5110707576706325,0.23927363807138385,0.05018159048215404,0.1689167188478397
EMP08011,Simran Bedi,22,0,Sales,45000,583,2700,1106,1650,38961,0,4060,0,2640,2746,9446,528,149,Medium,0.2424475757809091,0.013552013552013553,0.003824337157670491,0.0
EMP08012,Yash Arora,52,30,Customer Support,60000,1333,3600,1433,1670,51964,0,7263,13169,2184,2356,24972,2366,356,Low,0.4805634670156262,0.0455315218228004,0.00685089677469017,0.2534254483873451
EMP08013,Mansi Bagri,24,1,Data Science,94236,4424,5654,2121,1768,80269,21499,10258,8064,7050,4425,51296,7318,11689,Medium,0.6390511903723729,0.09116844609998878,0.1456228431897744,0.10046219586639923
EMP08014,Tarun Rahul Saini,48,15,Customer Support,49876,827,2993,1126,1398,43532,0,7164,0,3399,3027,13590,11365,4320,High,0.31218414040246256,0.2610723146191308,0.09923734264449141,0.0
EMP08015,Varun Pillai,44,21,Data Science,157015,14736,9421,3792,1515,127551,0,17989,42281,4573,2948,67791,37988,4103,Medium,0.531481525037044,0.2978259676521548,0.03216752514680402,0.3314830930372949
EMP08016,Amit Fernandes,59,33,Sales,85000,3500,5100,2132,1363,72905,0,12664,13509,2273,4277,32723,2690,373,Low,0.4488443865304163,0.0368973321445717,0.005116247170975928,0.1852959330635759
EMP08017,Rohan Bhardwaj,48,25,Data Science,169316,17329,10159,3595,1027,137206,0,20018,0,6708,7051,33777,32172,28526,High,0.24617728087692958,0.23447954171100388,0.20790635978018454,0.0
EMP08018,Rishabh Avantika Somani,24,2,Sales,49132,790,2948,1200,1852,42342,4244,4852,0,7940,3568,20604,2534,3142,Medium,0.4866090406688395,0.059846015776297765,0.07420528080865335,0.0
EMP08019,Shreya Bhardwaj,30,6,Sales,53214,994,3193,1171,1337,46519,15234,6596,0,7141,4929,33900,2258,1688,Low,0.7287344955824502,0.04853930651991659,0.03628624862959221,0.0
EMP08020,Ayaan Kumawat,46,21,IT,130354,9553,7821,2717,1044,109219,0,15226,37137,12764,6357,71484,4839,4197,Low,0.6545015061481977,0.04430547798459975,0.03842737985149104,0.34002325602688177
EMP08021,Nisha Ahuja,34,9,IT,99064,4906,5944,1570,1835,84809,23119,8977,9680,7197,4530,53503,10707,11068,Medium,0.6308646487990661,0.1262483934488085,0.13050501715619806,0.11413882960534849
EMP08022,Shruti Banerjee,40,10,HR,55400,1103,3324,871,1334,48768,0,7911,0,2129,2876,12916,1574,1247,Medium,0.2648458005249344,0.032275262467191604,0.02557004593175853,0.0
EMP08023,Tushar Lodha,59,26,HR,70000,2000,4200,2174,1368,60258,0,8433,0,2271,3666,14370,2576,691,Medium,0.2384745593946032,0.042749510438448005,0.011467357031431511,0.0
EMP08024,Nisha Nair,53,28,Operations,95000,4500,5700,1642,2215,80943,19946,10068,12418,1854,2539,46825,21247,3131,Medium,0.5784935077770776,0.26249335952460373,0.038681541331554305,0.1534166018062093
EMP08025,Khushi Sai Fernandes,47,23,Finance,123721,8558,7423,2675,1549,103516,25636,18844,0,7985,5731,58196,22566,4953,Medium,0.5621932841299896,0.2179952857529271,0.047847675721627576,0.0
EMP08026,Sneha Bohra,25,0,Data Science,90472,4047,5428,1260,809,78928,0,9934,13100,7384,3773,34191,19986,4223,Medium,0.4331922765051693,0.25321812284613826,0.05350445976079465,0.16597405230083115
EMP08027,Ayush Jadhav,39,13,Data Science,130719,9608,7843,3303,1669,108296,0,14200,30173,4352,4029,52754,28906,5491,Medium,0.48712787175888306,0.2669165989510231,0.050703627096106964,0.2786160153652951
EMP08028,Kunal Lakhotia,34,7,IT,96952,4695,5817,1256,1204,83980,19944,8937,0,7006,5932,41819,19153,3814,Medium,0.4979638009049774,0.22806620623958085,0.045415575136937364,0.0
EMP08029,Vidhi Joshi,39,10,Sales,56474,1157,3388,1082,1770,49077,0,8719,16540,6005,3510,34774,1766,1318,Low,0.7085600179310064,0.03598426961713226,0.026855757279377303,0.33702141532693525
EMP08030,Sai Shukla,45,26,Operations,95000,4500,5700,1885,2265,80650,26737,14150,22115,12801,6119,81922,0,0,Low,1.0157718536887788,0.0,0.0,0.27420954742715437
EMP08031,Anurag Nikita Shinde,36,12,Cyber Security,132811,9922,7969,3623,1463,109834,0,18286,17343,8212,7576,51417,26196,5693,Medium,0.4681337290820693,0.2385053808474607,0.0518327658102227,0.15790192472276343
EMP08032,Tarun Bose,49,24,Finance,125825,8874,7550,2469,1488,105444,0,9994,23249,5794,2718,41755,37976,4109,Medium,0.39599218542543907,0.36015325670498083,0.03896855202761655,0.22048670384279806
EMP08033,Jyoti Trivedi,43,28,Cyber Security,179273,19818,10756,3177,1710,143812,0,23542,50005,8109,7664,89320,21151,6699,Low,0.6210886435068006,0.14707395766695408,0.04658164826301004,0.3477109003421133
EMP08034,Nandini Mittal,22,0,IT,81334,3133,4880,2116,1620,69585,3809,8006,0,5286,3112,20213,24099,4804,High,0.2904792699576058,0.34632463893080406,0.06903786735647051,0.0
EMP08035,Nandini Anurag Pandey,40,14,IT,114787,7218,6887,3350,1447,95885,18407,12105,0,1991,4558,37061,33456,4116,Medium,0.3865150962090004,0.34891797465714136,0.04292642227668561,0.0
EMP08036,Pallavi Saxena,59,28,Customer Support,60000,1333,3600,1871,1337,51859,14733,9156,8012,3281,3530,38712,6469,1076,Low,0.7464856630478798,0.12474208912628473,0.02074856823309358,0.15449584450143658
EMP08037,Varun Chauhan,37,14,Data Science,138934,11120,8336,2209,1727,115542,10104,11903,7002,10935,5378,45322,31978,7065,Medium,0.3922556299873639,0.2767651589898046,0.06114659604299735,0.06060133977255024
EMP08038,Rohit Khurana,23,0,Sales,49161,791,2950,1069,1759,42592,0,4656,0,2670,2807,10133,1941,13,Medium,0.23790852742299023,0.045571938392186324,0.000305221637866266,0.0
EMP08039,Shivam Wadhwa,55,23,Finance,118750,7812,7125,3229,1561,99023,0,18277,0,6077,5177,29531,30055,8811,High,0.29822364501176496,0.3035153449198671,0.08897932803490098,0.0
EMP08040,Pankaj Lodha,56,25,HR,70000,2000,4200,1414,1927,60459,13595,7509,0,3738,3028,27870,7365,11662,High,0.46097355232471593,0.12181809159926561,0.19289105013314808,0.0
EMP08041,Rishabh Garima Khurana,47,19,Operations,90400,4040,5424,1795,1581,77560,0,11252,16479,3069,4011,34811,10431,17542,Medium,0.44882671480144404,0.13448942753996906,0.22617328519855595,0.21246776689014957
EMP08042,Ritika Hemant Suri,36,16,Finance,101524,5229,6091,2386,1584,86234,22796,13374,0,5084,3772,45026,15888,5416,Medium,0.5221374399888675,0.1842428740404017,0.06280585383955284,0.0
EMP08043,Nikita Pawar,34,5,Sales,54587,1063,3275,1132,1073,48044,10453,7211,0,3114,2471,23249,10813,2588,Medium,0.4839105819665307,0.22506452418616268,0.053867288319040876,0.0
EMP08044,Ayaan Kulkarni,28,4,Customer Support,41405,404,2484,1199,1407,35911,3535,4803,4852,1579,1015,15784,10091,1744,Medium,0.4395310629055164,0.28100025061958733,0.048564506697112306,0.13511180418256244
EMP08045,Aarav Chopra,31,12,Marketing,66901,1690,4014,2033,1451,57713,16300,5853,0,10854,3639,36646,3018,2760,Medium,0.6349695909067281,0.052293244156429226,0.047822847538682794,0.0
EMP08046,Aarav Khurana,53,30,HR,70000,2000,4200,1318,1213,61269,0,10642,0,3302,2821,16765,19963,4719,High,0.27362940475607567,0.3258254582252036,0.07702100572883513,0.0
EMP08047,Krishna Lodha,27,5,IT,93297,4330,5598,1833,1000,80536,0,6825,0,5001,1739,13565,36288,4808,High,0.1684339922519122,0.45058110658587464,0.05970000993344591,0.0
EMP08048,Sonia Porwal,38,14,HR,56738,1170,3404,871,2071,49222,12568,6096,0,4059,3217,25940,8341,2809,Medium,0.5270001218967129,0.16945674698305635,0.05706797773353379,0.0
EMP08049,Harsh George,59,36,IT,150000,13333,9000,3020,908,123739,39733,23990,0,18873,10398,92994,3136,4820,Low,0.7515334696417459,0.0253436669118063,0.03895295743460025,0.0
EMP08050,Palak Deshmukh,22,0,Product Management,121709,8256,7303,3358,2464,100328,8129,13422,0,11611,4804,37966,24893,8505,High,0.3784187863806714,0.24811617893309942,0.08477194801052548,0.0
EMP08051,Krishna Daga,26,3,Cyber Security,103433,5515,6206,2441,2130,87141,18545,11393,12036,7097,3798,52869,14578,3651,Medium,0.6067063724308879,0.16729208983142263,0.041897614211450405,0.1381209763486763
EMP08052,Yash Shruti Srivastava,39,16,Data Science,131567,9735,7894,3351,2481,108106,24477,16677,0,7804,3998,52956,25935,6212,Medium,0.4898525521247664,0.23990342811684828,0.057462120511349975,0.0
EMP08053,Swati Agarwal,28,7,Sales,53440,1005,3206,1151,1991,46087,10691,4363,0,3463,2361,20878,7272,8346,High,0.4530127801766225,0.1577885303881789,0.1810922819884132,0.0
EMP08054,Aditi Mukherjee,47,22,Customer Support,54892,1078,3294,806,1059,48655,8776,4016,5267,2983,1856,22898,14675,2286,Medium,0.4706196690987566,0.30161340047271606,0.046983865995272836,0.1082519782139554
EMP08055,Gaurav Naidu,40,16,IT,112321,6848,6739,3124,1527,94083,0,16796,0,14216,6293,37305,9315,5219,Medium,0.39651159082937404,0.09900832243869774,0.055472295738868874,0.0
EMP08056,Palak Akash Bansal,26,2,IT,82480,3248,4949,1556,2152,70575,0,10304,21856,4137,2889,39186,13698,2872,Low,0.5552391073326248,0.1940913921360255,0.04069429684732554,0.30968473255402057
EMP08057,Akash Srivastava,37,12,Finance,96377,4638,5783,1799,965,83192,8581,12742,0,5220,3101,29644,25718,5164,Medium,0.35633233964804306,0.3091403019521108,0.06207327627656505,0.0
EMP08058,Muskan Singh,31,5,Customer Support,39274,297,2356,966,2201,33454,7953,5155,3748,1650,1445,19951,5385,1220,Medium,0.596371136485921,0.1609672983798649,0.03646798589107431,0.11203443534405452
EMP08059,Charu Rathore,60,22,Operations,86511,3651,5191,1507,2476,73686,0,10663,18964,1813,2037,33477,21273,3952,Medium,0.4543196808077518,0.28869798876313,0.05363298319897945,0.25736232120077085
EMP08060,Neha Somani,22,1,IT,85630,3563,5138,1725,1628,73576,0,6614,0,6428,3008,16050,16436,24166,High,0.21814178536479287,0.22338806132434488,0.32844949440034793,0.0
EMP08061,Ananya Arora,30,5,Data Science,112028,6804,6722,2286,2086,94130,0,9368,18117,9535,6153,43173,11973,19899,Medium,0.45865292680335706,0.12719643046850101,0.21139912886433657,0.19246786359290344
EMP08062,Diya Mukherjee,44,23,Marketing,90000,4000,5400,1477,1244,77879,0,14142,18620,4957,4791,42510,13630,5313,Medium,0.5458467622850832,0.17501508750754374,0.06822121496167131,0.2390888429486768
EMP08063,Prateek Chatterjee,47,22,Sales,84762,3476,5086,1958,1968,72274,0,10930,13498,3494,5195,33117,3368,1231,Low,0.45821457232199686,0.04660043722500484,0.01703240446080195,0.18676149099261144
EMP08064,Rohit Chaudhary,31,12,Product Management,158102,14954,9486,3276,1495,128891,34983,21814,7498,9359,6075,79729,22951,5544,Medium,0.6185769371018923,0.17806518686331863,0.043013088578721555,0.058173185094382074
EMP08065,Ananya Pandey,49,19,HR,63768,1522,3826,1500,1498,55422,10815,8085,6969,2280,2224,30373,7649,8255,Medium,0.5480314676482263,0.1380137851394753,0.14894807116307604,0.12574428927140846
EMP08066,Ishita Goel,50,24,IT,138528,11039,8312,3821,1804,113552,12601,17782,5613,7399,6030,49425,30814,5336,Medium,0.4352631393546569,0.27136466112441876,0.04699168662815274,0.04943109764689305
EMP08067,Megha Bhatia,39,12,Operations,74019,2402,4441,1804,884,64488,0,9170,22386,1642,3251,36449,17276,2664,Medium,0.5652059297853864,0.2678948021337303,0.041310011164867884,0.3471343505768515
EMP08068,Shreya Somani,55,23,Sales,83329,3333,5000,1279,1802,71915,0,9668,21965,9361,6668,47662,2685,3686,Low,0.6627546408955016,0.037335743586178124,0.05125495376486129,0.3054300215532226
EMP08069,Sanya Sahu,51,31,IT,150000,13333,9000,3122,1895,122650,0,17824,32237,8749,6884,65694,13476,24261,Medium,0.5356216877293111,0.10987362413371382,0.19780676722380758,0.2628373420301671
EMP08070,Vivaan Verma,39,14,Operations,77822,2782,4669,1645,1780,66946,6391,7722,0,4842,1761,20716,28070,4288,High,0.3094434320198369,0.4192931616526753,0.06405162369671079,0.0
EMP08071,Amit Ahuja,37,14,Data Science,130075,9511,7804,3737,1441,107582,22101,16984,0,6018,5049,50152,27873,7140,Medium,0.46617463888011007,0.2590860924690004,0.06636797977356806,0.0
EMP08072,Rakesh Shetty,56,37,Data Science,170000,17500,10200,3182,1616,137502,0,18555,36020,8704,8746,72025,31115,7891,Medium,0.5238105627554508,0.22628761763465258,0.057388256170819336,0.261959826038894
EMP08073,Ishaan Ahuja,38,8,Customer Support,43906,529,2634,1071,1117,38555,7439,3409,2377,2791,1137,17153,14625,1132,High,0.44489690053170794,0.37932823239527946,0.029360653611723513,0.06165218518998833
EMP08074,Monika Sahu,37,18,Data Science,149571,13248,8974,2982,1014,123353,0,16689,40948,3589,5242,66468,33528,5665,Medium,0.5388438059876939,0.27180530672136066,0.045925109239337514,0.3319578769871831
EMP08075,Varun Mehta,48,21,Marketing,90000,4000,5400,1421,1272,77907,0,11253,20449,2398,3217,37317,2830,1344,Low,0.47899418537487004,0.03632536229093663,0.017251338133928915,0.262479623140411
EMP08076,Sumit Deshmukh,48,19,Operations,87523,3752,5251,1558,1546,75416,0,12304,24004,4254,4575,45137,14145,2639,Medium,0.5985069481277182,0.1875596690357484,0.03499257451999576,0.3182878964675931
EMP08077,Megha Jadhav,38,11,Marketing,67155,1716,4029,2187,1905,57318,0,8699,11026,9313,3895,32933,4134,2960,Low,0.5745664538190446,0.07212394012352141,0.05164171813391954,0.19236540004885028
EMP08078,Dhruv Jain,31,6,Marketing,57504,1209,3450,928,941,50976,16583,7729,0,6297,3665,34274,3294,1729,Low,0.6723556183301946,0.0646186440677966,0.03391792215944758,0.0
EMP08079,Arjun Naidu,32,6,Marketing,59247,1296,3555,1127,1348,51921,12653,6544,0,6142,3863,29202,9784,1989,Medium,0.5624313861443346,0.1884401301978005,0.03830819899462645,0.0
EMP08080,Divya Sabharwal,30,7,Sales,56334,1150,3380,955,942,49907,18034,6875,0,7409,5112,37430,2021,1314,Low,0.7499949906826697,0.04049532129761356,0.026328971887711144,0.0
EMP08081,Vikram Pillai,54,30,Operations,95000,4500,5700,1273,1928,81599,18830,8918,0,7556,5193,40497,17227,4759,Medium,0.49629284672606283,0.21111778330616796,0.05832179315922989,0.0
EMP08082,Harsh Tiwari,59,29,Marketing,90000,4000,5400,1528,1283,77789,0,11732,17433,5523,3942,38630,16714,4269,Medium,0.4965997763179884,0.2148632840118783,0.05487922456902647,0.22410623610021982
EMP08083,Nisha Srivastava,47,26,Marketing,90000,4000,5400,1855,1915,76830,0,11198,0,4321,5280,20799,26607,4708,High,0.27071456462319404,0.34631003514252245,0.06127814655733437,0.0
EMP08084,Vaishnavi Rajput,57,37,IT,150000,13333,9000,2404,2356,122907,0,22631,35077,8986,6094,72788,23260,4138,Low,0.5922201339223966,0.18924878159909525,0.033667732513201036,0.2853946479858755
EMP08085,Anjali Bose,49,18,Operations,79877,2988,4793,1489,1139,69468,16271,7413,0,5058,5294,34036,3028,1225,Medium,0.48995220821097485,0.04358841480969655,0.01763401854091092,0.0
EMP08086,Divya Sharma,32,12,Sales,63399,1503,3804,2189,953,54950,9707,7440,0,2107,2277,21531,20496,3080,High,0.39182893539581437,0.3729936305732484,0.05605095541401274,0.0
EMP08087,Lakshay Patel,52,38,Marketing,90000,4000,5400,1873,983,77744,15509,8859,0,4217,3154,31739,11911,20259,High,0.4082501543527475,0.1532079646017699,0.26058602593126157,0.0
EMP08088,Varun Mundra,52,23,Sales,78638,2864,4718,1415,1622,68019,13035,9743,4206,2868,2830,32682,20634,2921,High,0.48048339434569753,0.3033564151193049,0.04294388332671754,0.06183566356459225
EMP08089,Nikhil Kumawat,51,28,Operations,92751,4275,5565,1658,792,80461,7440,12509,0,5154,3236,28339,23014,4736,High,0.35220790196492713,0.28602677073364735,0.058860814556120356,0.0
EMP08090,Ashish Das,28,6,IT,90852,4085,5451,1846,1172,78298,24210,13539,0,13893,6487,58129,4074,1810,Low,0.7424072134664997,0.05203198038264068,0.02311681013563565,0.0
EMP08091,Neha Saxena,55,38,Data Science,170000,17500,10200,3659,2207,136434,0,17262,0,23952,10208,51422,18251,11297,Medium,0.3769001861706026,0.13377164050016857,0.08280194086518024,0.0
EMP08092,Prachi Divya Bajaj,33,10,Marketing,69001,1900,4140,2038,1835,59088,0,10482,17971,9533,5132,43118,2112,1572,Low,0.7297251556999729,0.03574329813160033,0.026604386677497968,0.30413958841050637
EMP08093,Pooja Sahu,46,22,Sales,76841,2684,4610,1731,2021,65795,21470,10347,5114,7224,6251,50406,2522,1356,Low,0.7661068470248499,0.03833118018086481,0.02060946880462041,0.07772627099323656
EMP08094,Namrata Gill,44,17,HR,59438,1305,3566,1041,969,52557,12531,7725,0,2518,2493,25267,8948,7531,High,0.4807542287421276,0.17025324885362558,0.1432920448275206,0.0
EMP08095,Shruti Nitin Khandelwal,49,19,Data Science,142740,11881,8564,2644,1748,117903,0,18168,27390,6248,3702,55508,12555,24769,Medium,0.4707937881139581,0.10648584005496044,0.21007947210842812,0.23230961044248238
EMP08096,Aakash Suri,50,19,Operations,85571,3557,5134,1645,1032,74203,25027,13458,0,9417,5629,53531,2693,3402,Low,0.7214128808808269,0.03629233319407571,0.045847202943277224,0.0
EMP08097,Shruti Shetty,56,35,Data Science,170000,17500,10200,3595,1106,137599,0,21910,31370,7786,8203,69269,26789,6307,Medium,0.503412088750645,0.19468891489036985,0.04583608892506486,0.22798130800369187
EMP08098,Varun Bhatia,26,2,Marketing,56886,1178,3413,1089,1880,49326,0,6660,4225,4668,3132,18685,15126,2344,High,0.37880630904593926,0.3066536917649921,0.04752057738312452,0.08565462433604995
EMP08099,Kunal Tushar Rathore,28,6,Data Science,114035,7105,6842,3647,1077,95364,24754,17193,6154,5019,4005,57125,13458,5283,Medium,0.5990205947737092,0.14112243613942368,0.05539826349565874,0.06453168910700055
EMP08100,Vivek Narang,55,24,IT,136784,10690,8207,3739,1263,112885,0,17317,0,4962,3890,26169,19114,27055,High,0.23181999379899898,0.16932276210302522,0.23966868937414182,0.0
EMP08101,Aisha Bagri,41,21,Finance,118394,7759,7104,3788,2088,97655,0,15549,26051,4552,4226,50378,13900,14437,Medium,0.5158773232297373,0.14233782192412062,0.14783677231068557,0.2667656546003789
EMP08102,Aakash Sandhu,50,27,Marketing,90000,4000,5400,2020,1361,77219,0,6636,18448,6550,3816,35450,9576,18947,Medium,0.45908390422046386,0.12401092995247284,0.24536707287066656,0.2389049327238115
EMP08103,Megha Rashmi Ghosh,25,0,Operations,52268,947,3136,983,1927,45275,10213,4682,0,2765,1977,19637,14004,2543,High,0.4337272225289895,0.3093097736057427,0.05616786305908338,0.0
EMP08104,Monika Srivastava,41,23,Finance,118201,7730,7092,3247,1208,98924,0,14811,26339,4775,4028,49953,21675,5304,Medium,0.5049634062512636,0.21910759775180946,0.05361691803808984,0.26625490275362906
EMP08105,Kavya Solanki,60,35,Operations,95000,4500,5700,1569,1883,81348,0,12888,17149,11700,6297,48034,7451,3036,Low,0.5904754880267493,0.09159413876186262,0.03732113881103408,0.21081034567537002
EMP08106,Namrata Sabharwal,57,38,HR,70000,2000,4200,1403,1727,60670,0,7676,13508,2771,2079,26034,22031,2338,Medium,0.4291082907532553,0.3631283995384869,0.038536344156914454,0.2226471073017966
EMP08107,Simran Ravi Suri,39,14,Product Management,160122,15358,9607,3019,2005,130133,0,19639,44931,9358,7217,81145,19445,4519,Low,0.6235543636126117,0.1494240507788186,0.03472601108097101,0.34526983931823596
EMP08108,Amit Pandey,43,23,Marketing,89832,3983,5390,1856,1408,77195,23083,9321,0,12992,6457,51853,6201,2931,Medium,0.6717144892803938,0.08032903685471857,0.03796878036142237,0.0
EMP08109,Ankit Narang,49,20,Data Science,144895,12312,8694,3542,1215,119132,9350,16118,0,5999,4462,35929,56371,5938,High,0.30158983312628007,0.47318100930060775,0.049843870664473024,0.0
EMP08110,Preeti Shukla,49,26,Marketing,90000,4000,5400,1386,1276,77938,19873,12121,9889,3371,2829,48083,15522,3229,Medium,0.6169391054427878,0.19915830531961304,0.04143036772819421,0.1268829069260181
EMP08111,Ayaan Sharma,52,22,HR,68741,1874,4124,1786,1278,59679,0,8966,16281,2501,1619,29367,20794,2072,Medium,0.4920826421354245,0.3484307712930847,0.0347190804135458,0.2728095309908008
EMP08112,Ayaan Preeti Sahu,46,23,Data Science,158250,14983,9495,2950,1967,128855,0,20116,18674,9182,6549,54521,27160,8007,Medium,0.4231190097396298,0.21077955841837726,0.062139614295137945,0.14492258740444686
EMP08113,Swati Shukla,52,30,Sales,85000,3500,5100,1839,1875,72686,4410,11501,0,4857,3266,24034,11462,19678,High,0.3306551467958066,0.15769199020444102,0.27072613708279447,0.0
EMP08114,Sai Trivedi,24,3,HR,41790,423,2507,920,1257,36683,0,5461,0,7172,2921,15554,2846,3510,Medium,0.42401112231824006,0.07758362184117984,0.09568464956519368,0.0
EMP08115,Vaishnavi Jain,32,5,Sales,53034,985,3182,1004,1452,46411,14118,7320,3276,6311,3173,34198,1354,1541,Low,0.7368511775225701,0.029174118204735946,0.03320333541617289,0.07058671435651032
EMP08116,Neha Roy,30,7,Finance,91333,4133,5480,1661,1575,78484,0,12609,5224,5104,4545,27482,23151,6846,High,0.3501605422761327,0.2949773202181336,0.08722797003210846,0.06656133734264309
EMP08117,Diya Gill,60,23,Finance,115760,7364,6946,2778,2076,96596,0,13290,33389,4150,4295,55124,9181,19365,Medium,0.5706654519855895,0.09504534349248416,0.20047413971593026,0.34565613482959956
EMP08118,Lakshay Sandhu,45,25,Marketing,88916,3892,5335,2113,1518,76058,0,11223,2910,3704,3829,21666,20870,7188,High,0.2848615530253228,0.2743958557942623,0.09450682373977753,0.03826027505324884
EMP08119,Jyoti Yadav,57,36,Marketing,90000,4000,5400,1729,1364,77507,0,12519,0,4064,4208,20791,19928,7833,High,0.26824673900421897,0.2571122608280542,0.10106183957578026,0.0
EMP08120,Lokesh Porwal,41,25,HR,70000,2000,4200,1617,1703,60480,0,8876,13418,1672,2937,26903,21045,2209,Medium,0.44482473544973544,0.3479662698412698,0.0365244708994709,0.22185846560846562
EMP08121,Trisha Parmar,48,22,Finance,117008,7551,7020,3290,1126,98021,0,15870,19538,6194,3948,45550,20803,5754,Medium,0.4646963405800798,0.21223003234000878,0.05870170677711919,0.19932463451709329
EMP08122,Atharv Joshi,25,3,Customer Support,40131,340,2408,930,786,35667,0,3508,5036,2802,1011,12357,16068,1763,Medium,0.34645470603078476,0.45050046261249893,0.04942944458463005,0.14119494210334482
EMP08123,Megha Shukla,41,15,Sales,72729,2273,4364,2018,1189,62885,15732,9236,0,4090,3119,32177,12936,4314,Medium,0.5116800508865389,0.20570883358511569,0.06860141528186373,0.0
EMP08124,Rohan Mukherjee,42,20,IT,127136,9070,7628,3084,1600,105754,8549,16430,0,4528,3013,32520,38458,7395,Medium,0.30750609906008286,0.36365527545057397,0.0699264330427218,0.0
EMP08125,Saurabh Fernandes,30,3,Data Science,102417,5363,6145,3657,2102,85150,0,14228,3903,4828,4307,27266,25953,7487,High,0.3202113916617733,0.30479154433352906,0.08792718731650029,0.04583675866118614
EMP08126,Divya Gupta,56,31,IT,150000,13333,9000,3550,1729,122388,0,22626,33014,9757,8343,73740,20588,6720,Low,0.6025100500049024,0.16821910644834462,0.05490734385724091,0.26974866817008203
EMP08127,Vikram Wadhwa,53,38,IT,150000,13333,9000,2797,1781,123089,32141,21476,6276,9592,5854,75339,23365,4833,Medium,0.6120693156983971,0.18982199871637595,0.03926427219329103,0.05098749685187141
EMP08128,Pooja Somani,29,6,HR,45123,589,2707,839,1437,39551,4336,6895,0,1316,2787,15334,344,223,Medium,0.38770195443857297,0.008697630906930293,0.005638289803039114,0.0
EMP08129,Vivek Swati Pillai,28,6,Operations,59388,1303,3563,808,1517,52197,17614,8993,0,6140,3437,36184,1722,2486,Medium,0.693219916853459,0.03299040174722685,0.04762725827154817,0.0
EMP08130,Ashish Somani,29,7,IT,102380,5357,6143,2430,1581,86869,20872,13117,0,4255,4660,42904,21099,3988,Medium,0.4938931034085807,0.242882961700952,0.045908206609952915,0.0
EMP08131,Ayush Mishra,53,28,HR,70000,2000,4200,2005,2081,59714,0,10439,19721,7529,5658,43347,3131,1758,Low,0.725910171819004,0.05243326523093412,0.029440332250393542,0.33025756104096193
EMP08132,Aakash Singh,55,31,IT,150000,13333,9000,2492,1057,124118,0,17333,0,3624,2500,23457,67731,5871,High,0.18898950998243608,0.545698448250858,0.04730176122721926,0.0
EMP08133,Aditya Mansi Khandelwal,38,17,Finance,111286,6693,6677,2731,1932,93253,0,14213,28388,2445,3602,48648,1010,1401,Low,0.5216775867800499,0.01083075075332697,0.015023645351892165,0.30441916077766934
EMP08134,Ritika Agarwal,40,8,Marketing,66755,1676,4005,1752,2217,57105,13494,8864,4075,2905,2586,31924,11994,2081,Medium,0.5590403642413099,0.2100341476228001,0.036441642588214695,0.07135977585150162
EMP08135,Preeti Arjun Narang,35,9,Sales,64142,1540,3849,2169,1406,55178,10869,6839,0,4012,2679,24399,18161,2514,Medium,0.44218710355576496,0.3291348001014897,0.04556163688426547,0.0
EMP08136,Vidhi Preeti Chatterjee,37,11,Product Management,164779,16289,9887,2458,2011,134134,0,20048,26820,10374,6981,64223,25879,6758,Medium,0.4787973220809042,0.1929339317399019,0.050382453367527995,0.19994930442691636
EMP08137,Anurag Seth,32,8,Data Science,109745,6462,6585,3727,1076,91895,0,10380,29777,8949,6026,55132,17929,3649,Medium,0.5999455900756298,0.19510310680668153,0.0397083628053757,0.3240328635943196
EMP08138,Deepak Kapoor,40,18,Customer Support,51479,907,3089,1129,1293,45061,10235,3861,0,3297,2446,19839,6725,10479,High,0.4402698564168572,0.1492421384345665,0.23255143028339362,0.0
EMP08139,Reema Mukherjee,32,5,Product Management,140513,11436,8431,3559,1067,116020,35824,12785,10925,19187,8560,87281,4323,3627,Low,0.7522927081537666,0.037260817100499916,0.03126185140493019,0.09416479917255646
EMP08140,Jyoti Kavya Pillai,41,20,Operations,87003,3700,5220,2046,1073,74964,17738,10821,9827,3656,3686,45728,11376,3706,Medium,0.6099994664105437,0.15175284136385464,0.04943706312363268,0.13108958966970813
EMP08141,Aditya Nair,48,18,Customer Support,56821,1174,3409,1079,1635,49524,0,7595,16462,3605,2719,30381,8285,2406,Medium,0.613460140537921,0.16729262579759308,0.04858250545190211,0.33240449075195866
EMP08142,Diya Nagpal,31,10,IT,109121,6368,6547,3908,1225,91073,21371,14554,6211,4677,3070,49883,21121,4728,Medium,0.5477254510118257,0.23191286111141612,0.051914398339793354,0.06819803893579876
EMP08143,Sonali Bhatia,38,18,IT,130190,9528,7811,2917,1073,108861,0,16034,26239,2136,4103,48512,35778,5737,Medium,0.44563250383516595,0.32865764598892167,0.052700232406463286,0.241032141905733
EMP08144,Rahul Fernandes,26,2,IT,81989,3199,4919,1829,2065,69977,17534,6463,3314,5429,3392,36132,13287,4343,Medium,0.5163410834988639,0.1898766737642368,0.06206324935335896,0.047358417765837345
EMP08145,Jyoti George,57,27,IT,150000,13333,9000,2369,1305,123993,32336,18623,0,5705,6912,63576,5783,939,Medium,0.5127386223415838,0.04663972966215835,0.007573008153686095,0.0
EMP08146,Swati Rajput,30,2,Sales,50711,869,3043,804,1471,44524,0,6316,10620,2816,2074,21826,10590,2666,Medium,0.49020752852394217,0.2378492498427814,0.05987781870451891,0.23852304375168448
EMP08147,Aarav Das,35,11,Finance,97915,4792,5875,2030,1906,83312,20145,12566,0,4424,4565,41700,20218,3990,Medium,0.5005281352026119,0.24267812560015364,0.047892260418667176,0.0
EMP08148,Nitin Saini,47,16,Marketing,76751,2675,4605,1258,1821,66392,7527,11934,0,1469,3498,24428,2462,1797,Medium,0.36793589589107123,0.03708278105795879,0.027066514037835884,0.0
EMP08149,Kunal Bajaj,52,28,IT,150000,13333,9000,3932,1025,122710,0,20007,0,6085,5400,31492,33520,11553,High,0.2566376008475267,0.27316437128188414,0.09414880612826991,0.0
EMP08150,Ashish More,58,36,Customer Support,60000,1333,3600,1849,1806,51412,13925,9075,0,2900,2926,28826,10959,2394,Medium,0.5606862211156929,0.21316035166887107,0.046565004279156615,0.0
EMP08151,Atharv Sharma,43,20,Operations,79282,2928,4757,1872,1129,68596,12833,8625,0,2026,3111,26595,26582,3468,Medium,0.38770482243862614,0.3875153070149863,0.05055688378331098,0.0
EMP08152,Simran Bagri,52,37,Sales,85000,3500,5100,1767,2097,72536,8295,12456,0,2659,5732,29142,2301,720,Medium,0.4017591265027021,0.03172217933164222,0.009926105657880225,0.0
EMP08153,Ritika Sahu,39,13,IT,115649,7347,6939,3268,1498,96597,26121,17482,14050,6886,4515,69054,13575,2460,Low,0.7148669213329607,0.1405323146681574,0.025466629398428524,0.14544965164549623
EMP08154,Anjali Nair,36,12,Marketing,68150,1815,4089,1693,2265,58288,0,9475,0,1686,4307,15468,2796,59,Medium,0.2653719461981883,0.04796870710952512,0.0010122152072467745,0.0
EMP08155,Palak Reema D'Souza,31,8,Sales,58402,1253,3504,1041,924,51680,15625,9244,0,1488,2531,28888,112,1102,Medium,0.5589783281733746,0.0021671826625387,0.021323529411764706,0.0
EMP08156,Amit Saurabh Jindal,27,4,Product Management,137306,10795,8238,3345,1962,112966,0,19119,0,8456,6735,34310,36389,8136,Medium,0.30371970327355136,0.3221234707788184,0.07202167023706248,0.0
EMP08157,Muskan Rawat,48,16,Sales,70372,2037,4222,1285,1119,61709,12395,9647,0,2061,2340,26443,20654,3102,Medium,0.4285112382310522,0.3346999627282892,0.050268194266638574,0.0
EMP08158,Dhruv Sanya Tayal,29,2,Sales,46298,648,2778,960,2129,39783,0,4847,1288,5975,3261,15371,4045,3506,Medium,0.3863710630168665,0.10167659553075434,0.0881280949149134,0.032375637835256266
EMP08159,Anjali Shukla,49,27,Operations,95000,4500,5700,2136,2138,80526,0,12346,23535,1833,3991,41705,22319,4088,Medium,0.5179072597670318,0.27716513920969627,0.05076621215508035,0.29226585202294914
EMP08160,Lokesh Verma,43,20,Data Science,144541,12242,8672,2842,1769,119016,0,13354,32217,3649,2228,51448,40152,4268,Medium,0.4322780130402635,0.33736640451703975,0.035860724608456004,0.27069469651139344
EMP08161,Pooja Reddy,57,30,Data Science,170000,17500,10200,2388,1127,138785,30347,21164,0,6580,10072,68163,2599,3325,Medium,0.49114097344813923,0.018726807652123787,0.023957920524552364,0.0
EMP08162,Mayank Sahu,50,27,Data Science,167154,16788,10029,3543,1265,135529,0,19192,29618,6645,5310,60765,27934,11614,Medium,0.44835422677065423,0.2061108692604535,0.0856938367434276,0.2185362542334113
EMP08163,Nisha Kapoor,56,25,Operations,93962,4396,5638,2037,2213,79678,5176,11318,0,3473,2025,21992,33078,4670,Medium,0.2760109440498004,0.4151459624990587,0.05861090890835614,0.0
EMP08164,Anurag Rupal Chopra,22,0,Operations,51178,892,3071,1117,2311,43787,0,4286,1546,3179,1877,10888,17654,3096,Medium,0.24865827757096856,0.40317902573823283,0.07070591728138488,0.03530728298353392
EMP08165,Rashmi D'Souza,35,9,IT,100101,5015,6006,3710,1553,83817,18361,14306,4268,5620,3760,46315,15014,3908,Medium,0.5525728670794707,0.17912833911974899,0.04662538625815765,0.05092045766371977
EMP08166,Rahul Roy,60,23,IT,130808,9621,7848,3894,1402,108043,0,10892,26382,8967,6538,52779,26302,4416,Medium,0.4884999490943421,0.24344011180733596,0.04087261553270457,0.24418055774089945
EMP08167,Akash Aditi Naidu,51,24,Data Science,169972,17493,10198,2489,1787,138005,0,27305,0,10147,8198,45650,40570,12206,High,0.3307851164812869,0.29397485598347883,0.08844607079453642,0.0
EMP08168,Siddharth Fernandes,27,3,HR,40081,337,2405,1045,1370,34924,0,5270,9039,3354,2246,19909,2728,1754,Low,0.5700664299622037,0.07811247279807582,0.05022334211430535,0.2588191501546215
EMP08169,Dev Bedi,36,18,IT,120761,8114,7246,3523,1268,100610,21251,15511,0,6958,5132,48852,16989,20148,High,0.4855580956167379,0.16885995427889872,0.20025842361594276,0.0
EMP08170,Mayank Srivastava,59,24,IT,135553,10444,8133,2995,2162,111819,0,18669,20459,9219,7203,55550,22368,7632,Medium,0.49678498287410905,0.20003756070077536,0.06825315912322592,0.18296532789597475
EMP08171,Lakshay Bhardwaj,60,33,IT,150000,13333,9000,3105,1917,122645,0,18480,22818,22035,8883,72216,11278,7113,Low,0.5888213950833707,0.09195645970076237,0.057996657018223326,0.18604916629295937
EMP08172,Muskan Tomar,43,27,IT,150000,13333,9000,2577,1525,123565,39050,22612,9073,20866,11321,102922,4677,2347,Low,0.8329381297292923,0.037850524015700236,0.018994051713672966,0.07342694128596286
EMP08173,Arjun Porwal,56,34,Finance,130000,9500,7800,3968,2059,106673,0,16871,36118,2816,5078,60883,29342,3951,Medium,0.5707442370609245,0.27506491802049254,0.03703842584346555,0.3385861464475547
EMP08174,Namrata Rajput,39,15,Data Science,137029,10739,8222,3666,2073,112329,0,17279,0,7624,8076,32979,30727,8278,Medium,0.2935929279171007,0.2735446767976213,0.07369423746316624,0.0
EMP08175,Nikhil Avantika Sabharwal,31,7,Data Science,108857,6329,6531,3012,2199,90786,0,12095,19480,4970,3891,40436,10751,22931,Medium,0.44539907034124204,0.11842134249774194,0.2525829973784504,0.21457052849558303
EMP08176,Rohit Vivaan Naidu,51,33,Data Science,170000,17500,10200,3709,2105,136486,0,19999,0,8804,9219,38022,35997,12303,High,0.2785780226543382,0.26374133610773265,0.09014111337426549,0.0
EMP08177,Mansi Parmar,60,29,Data Science,170000,17500,10200,3709,1671,136920,0,21734,42426,8914,9410,82484,21757,8151,Medium,0.6024247735904178,0.1589030090563833,0.05953111305872042,0.3098597721297108
EMP08178,Rahul Khandelwal,26,5,Sales,54025,1035,3242,756,1413,47579,0,6341,0,2344,1600,10285,19676,3521,Medium,0.21616679627566784,0.4135437903276656,0.07400323672208327,0.0
EMP08179,Mayank Mehta,48,27,Marketing,90000,4000,5400,1237,1658,77705,0,11886,0,4213,3460,19559,26666,6300,High,0.2517083842738563,0.3431696802007593,0.08107586384402549,0.0
EMP08180,Anurag Pawar,31,11,Data Science,125769,8865,7546,3299,1322,104737,25189,16872,0,8407,5531,55999,23801,4412,Medium,0.5346630130708345,0.22724538606223207,0.042124559611216666,0.0
EMP08181,Tanvi Agarwal,31,5,HR,47850,726,2871,839,1866,41548,9902,7131,0,2609,2142,21784,9623,1916,Medium,0.5243092326947145,0.23161162992201792,0.04611533647829017,0.0
EMP08182,Shivam Joshi,34,8,Operations,67593,1759,4056,2079,1367,58332,15043,9995,9214,3089,3226,40567,8807,1840,Medium,0.6954501817184393,0.15098059384214496,0.03154357813892889,0.15795789618048411
EMP08183,Sneha Tiwari,39,18,Finance,106274,5941,6376,3265,1481,89211,0,17228,29921,5736,6816,59701,12782,2734,Low,0.6692111959287532,0.1432782952774882,0.030646444945130084,0.33539585925502463
EMP08184,Shubham Iyer,38,16,Sales,69713,1971,4183,1335,1270,60954,5600,8128,0,3086,3696,20510,9779,17894,High,0.3364832496636808,0.16043245726285396,0.29356563966269644,0.0
EMP08185,Aakash Mittal,46,20,Operations,81037,3104,4862,2150,1767,69154,0,10035,20733,4681,4272,39721,12325,3164,Low,0.5743847065968708,0.1782254099545941,0.045752957168059695,0.2998091216704746
EMP08186,Parth Rakesh Soni,60,24,Data Science,165357,16405,9921,3985,1286,133760,0,16675,0,10227,5553,32455,35599,12645,High,0.24263606459330145,0.26614084928229664,0.0945349880382775,0.0
EMP08187,Simran Bhatia,39,17,Customer Support,51235,895,3074,807,1480,44979,11569,6771,5520,2783,2806,29449,6121,2143,Medium,0.6547277618444163,0.1360857288957069,0.04764445630182974,0.12272393783765757
EMP08188,Lokesh Gupta,36,8,IT,97594,4759,5856,1962,1256,83761,27695,14773,0,14804,5511,62783,4177,2795,Low,0.7495493129260634,0.04986807702868877,0.03336875156695837,0.0
EMP08189,Rahul Shreya Sahu,56,23,HR,67460,1746,4048,1544,1999,58123,0,8304,0,1583,2487,12374,26229,4757,High,0.21289334686784922,0.4512671403747226,0.08184367634155154,0.0
EMP08190,Sakshi Mishra,22,0,Data Science,90317,4032,5419,1887,1119,77860,0,9290,0,8688,3392,21370,24899,4937,Medium,0.2744669920369895,0.31979193424094526,0.06340868225019265,0.0
EMP08191,Yash Bohra,27,2,Cyber Security,95000,4500,5700,1366,2357,81077,27817,11450,0,16422,6780,62469,2306,2495,Low,0.770489781318993,0.028442098252278697,0.030773215585184453,0.0
EMP08192,Megha Sandhu,53,38,Operations,95000,4500,5700,1964,1527,81309,20267,7314,0,6249,2464,36294,29800,3503,Medium,0.4463712504150832,0.366503093138521,0.043082561586048285,0.0
EMP08193,Trisha Tayal,50,16,Marketing,79260,2926,4756,1797,1697,68084,0,8543,0,5849,3540,17932,23410,5815,High,0.26338052993361144,0.34383996239938897,0.08540920039950649,0.0
EMP08194,Akash Khandelwal,45,20,Marketing,80175,3018,4810,1207,1661,69479,18750,10724,2322,4194,4638,40628,13978,2299,Medium,0.5847522272916996,0.2011830912937722,0.03308913484650038,0.033420170123346624
EMP08195,Aditya Rajput,60,36,Sales,85000,3500,5100,1742,1550,73108,0,12857,18033,9704,6946,47540,5310,3259,Low,0.6502708321934672,0.07263227006620343,0.044577884773212235,0.2466624719592931
EMP08196,Vidhi Pooja Solanki,54,33,Cyber Security,180000,20000,10800,2770,1618,144812,35085,22229,14597,10846,9935,92692,22875,4520,Medium,0.6400850758224457,0.15796342844515648,0.031212882910256055,0.1007996574869486
EMP08197,Ashish Khandelwal,45,26,Sales,85000,3500,5100,1595,1199,73606,15240,10401,0,2973,2841,31455,24982,2652,High,0.4273428796565497,0.3394016792109339,0.03602967149417167,0.0
EMP08198,Nisha Das,37,8,Customer Support,43844,526,2631,859,1791,38037,0,6070,11786,1964,2099,21919,8054,1408,Low,0.5762546993716644,0.21174119935851934,0.037016589110602835,0.3098561926545206
EMP08199,Pallavi Mundra,59,38,HR,70000,2000,4200,1668,2428,59704,0,7619,16361,1614,1676,27270,20809,1862,Medium,0.45675331636071287,0.3485361114833177,0.031187190138014204,0.27403524051989814
EMP08200,Sonia Srivastava,46,21,Sales,79024,2902,4741,1946,1439,67996,0,11139,0,4450,3718,19307,23393,5032,Medium,0.28394317312783107,0.3440349432319548,0.0740043531972469,0.0
EMP08201,Prateek Saini,59,25,Finance,126581,8987,7595,2415,1689,105895,27443,16463,0,6624,5406,55936,20163,5931,Medium,0.5282213513385902,0.19040559044336372,0.05600831011851362,0.0
EMP08202,Harsh Gupta,39,17,Marketing,82792,3279,4968,1284,1806,71455,0,9842,0,10058,6456,26356,5301,7018,Medium,0.3688475264152264,0.07418655097613883,0.09821566020572388,0.0
EMP08203,Sonia Chopra,47,21,Cyber Security,164769,16287,9886,2299,2178,134119,0,20057,0,19262,11876,51195,11511,9295,Medium,0.3817132546469926,0.08582676578262588,0.06930412544083984,0.0
EMP08204,Pankaj Gupta,29,6,IT,91490,4149,5489,1756,1375,78721,5092,10791,7449,8708,4787,36827,14954,5461,Medium,0.46781671980792927,0.18996201775892074,0.06937157810495294,0.09462532234092555
EMP08205,Dev Saloni Goel,39,14,HR,53528,1010,3212,775,1098,47433,0,7392,12846,5339,3292,28869,4173,2417,Low,0.6086269053190817,0.08797672506482829,0.05095608542575844,0.2708241097969768
EMP08206,Sonali Khandelwal,42,28,IT,150000,13333,9000,3679,832,123156,27496,18683,6027,5967,7796,65969,27338,6948,Medium,0.535653967325993,0.2219786287310403,0.05641625255773166,0.04893793237844685
EMP08207,Bhavna Arjun Naidu,43,27,Operations,95000,4500,5700,1350,1905,81545,0,13865,24136,5743,4830,48574,14079,3744,Medium,0.5956711018456067,0.17265313630510762,0.04591329940523637,0.2959838126187994
EMP08208,Aisha Bajaj,44,17,Operations,83333,3333,5000,1416,1331,72253,19033,10513,5175,5053,4002,43776,10647,4001,Medium,0.6058710364967544,0.14735720316111442,0.055374863327474294,0.07162332359902011
EMP08209,Ashish Khanna,29,4,Product Management,142374,11808,8542,3409,1414,117201,28395,18517,7290,6744,5634,66580,18695,5707,Medium,0.5680838900691974,0.15951229085076066,0.048694123770274995,0.062200834463869766
EMP08210,Simran Khandelwal,53,38,Finance,130000,9500,7800,3561,1067,108072,29728,18497,18654,6203,6708,79790,11675,2976,Low,0.7383040935672515,0.10802983196387593,0.027537197423939595,0.1726071507883633
EMP08211,Pankaj Daga,58,27,Sales,85000,3500,5100,2148,2274,71978,0,10525,0,5168,3444,19137,19089,7429,High,0.2658729056100475,0.2652060351774153,0.10321209258384506,0.0
EMP08212,Akash George,54,26,Operations,95000,4500,5700,1627,1003,82170,0,11547,23434,1670,4798,41449,3474,270,Low,0.5044298405744189,0.04227820372398686,0.0032858707557502738,0.28518924181574784
EMP08213,Monika Roy,56,35,Sales,85000,3500,5100,1792,1784,72824,0,10420,23447,5506,4366,43739,10502,3375,Low,0.6006124354608371,0.1442106997693068,0.04634461166648358,0.3219680325167527
EMP08214,Lakshay Kapoor,54,35,Sales,85000,3500,5100,2192,1536,72672,0,13094,19131,9947,6935,49107,2963,3225,Low,0.6757348084544254,0.040772236900044036,0.04437747688243065,0.26325132100396303
EMP08215,Aakash Sandhu,43,27,Data Science,165386,16411,9923,2660,1061,135331,0,14907,35484,15185,10025,75601,22478,8848,Medium,0.5586377105023979,0.16609645979117865,0.06538043759375162,0.2622015650516142
EMP08216,Vikram Jadhav,56,28,IT,147795,12892,8868,2646,1258,122131,0,16466,37335,7382,5518,66701,13650,24232,Medium,0.5461430758775413,0.11176523568954647,0.19840990411934725,0.3056963424519573
EMP08217,Ayaan Agarwal,48,21,Sales,81839,3184,4910,1229,1424,71092,26149,11048,0,12256,6724,56177,3704,1252,Low,0.7902014291340798,0.05210150227873741,0.017610982951668262,0.0
EMP08218,Arjun Pradhan,52,28,Sales,85000,3500,5100,1259,1946,73195,0,12519,24375,8567,5822,51283,2238,2093,Low,0.700635289295717,0.030575859006762757,0.028594849374957307,0.33301455017419224
EMP08219,Rupal Chauhan,59,29,Sales,85000,3500,5100,1695,1722,72983,19406,11193,3859,5790,3449,43697,12612,3213,Medium,0.5987284710137978,0.17280736609895456,0.04402395078305907,0.05287532713097571
EMP08220,Harsh Banerjee,38,8,Cyber Security,126759,9014,7606,2502,1866,105771,0,15084,32770,2401,4655,54910,32987,4292,Medium,0.5191404071059175,0.31187187414319617,0.040578230327783606,0.30982027209726676
EMP08221,Shreya Vihaan Tayal,46,26,HR,70000,2000,4200,1248,1457,61095,6390,8828,0,1901,3983,21102,2477,1846,Medium,0.3453965136263197,0.04054341599148867,0.030215238562893855,0.0
EMP08222,Tarun Yadav,24,1,HR,40683,367,2441,847,1841,35187,3088,3973,0,3158,2163,12382,8769,3332,Medium,0.3518913235001563,0.24921135646687698,0.09469406314832182,0.0
EMP08223,Aakash Trivedi,38,14,Marketing,73889,2389,4433,1365,2053,63649,15835,5925,0,4811,2824,29395,13825,4796,Medium,0.46182972238369807,0.21720686892174268,0.07535075177928954,0.0
EMP08224,Saurabh Ayaan Saini,43,28,Cyber Security,179489,19872,10769,2684,1513,144651,41068,25023,13677,20528,9306,109602,7731,3066,Low,0.7576995665429206,0.053445880083787874,0.02119584378953481,0.09455171412572329
EMP08225,Riya Sandhu,22,3,Cyber Security,106925,6039,6416,2255,1844,90371,22590,9684,0,7324,5231,44829,21866,3620,Medium,0.4960551504354273,0.24195815029157583,0.04005709796284206,0.0
EMP08226,Preeti Singh,30,4,IT,88700,3870,5322,1666,1495,76347,21136,12170,0,4021,3590,40917,7481,13636,High,0.5359346143266926,0.09798682331984229,0.17860557716740671,0.0
EMP08227,Shivam Kohli,37,10,Operations,66741,1674,4004,1452,1536,58075,0,8058,17803,1422,2955,30238,19231,1854,Medium,0.520671545415411,0.3311407662505381,0.031924235901851054,0.3065518725785622
EMP08228,Sanya Shetty,55,25,Marketing,88826,3883,5330,1421,1466,76726,4523,14697,7206,4231,3772,34429,16979,5403,Medium,0.44872663764564813,0.2212939551129995,0.07041941454005161,0.09391861950316711
EMP08229,Vaishnavi Deshmukh,53,37,Sales,85000,3500,5100,1669,2192,72539,0,11146,13552,10198,5908,40804,6887,4850,Medium,0.5625112008712555,0.09494203118322557,0.0668605853402997,0.18682363969726629
EMP08230,Kavya More,59,30,Finance,130000,9500,7800,3906,1580,107214,23037,15224,17339,4039,4398,64037,27375,2776,Medium,0.5972820713712761,0.25533046057417874,0.025892140951741378,0.1617232824071483
EMP08231,Jyoti George,45,27,Marketing,90000,4000,5400,2096,2290,76214,21043,9424,0,6137,4406,41010,12840,3508,Medium,0.5380901146770934,0.16847298396620045,0.04602828876584355,0.0
EMP08232,Gaurav Soni,32,9,Marketing,64896,1578,3894,2102,1512,55810,16494,8001,0,6254,3868,34617,3737,2892,Low,0.6202651854506361,0.0669593262856119,0.05181867048915965,0.0
EMP08233,Dhruv Parmar,50,25,HR,70000,2000,4200,1214,1357,61229,0,9645,0,9747,3577,22969,7138,5023,Medium,0.3751326985578729,0.11657874536575806,0.08203628999330383,0.0
EMP08234,Lakshay Rakesh Maheshwari,59,33,Sales,85000,3500,5100,1309,1545,73546,23659,11089,8436,11347,4781,59312,1641,2374,Low,0.8064612623392162,0.022312566285046093,0.03227911783101732,0.11470372284012727
EMP08235,Vivaan Thomas,36,11,IT,106099,5915,6366,2237,1762,89819,0,14744,0,6586,5935,27265,23817,6878,High,0.3035549271312306,0.2651666128547412,0.07657622552021287,0.0
EMP08236,Swati Deshmukh,43,20,IT,133450,10023,8007,3951,2173,109296,24906,14921,3496,6610,3739,53672,16427,22235,High,0.4910701215049041,0.15029827258088127,0.20343836919923877,0.03198653198653199
EMP08237,Rahul Ghosh,35,7,Operations,66916,1692,4015,1947,1700,57562,0,8184,3189,4460,4003,19836,3771,766,Medium,0.34460234182273025,0.06551196970223411,0.013307390292206664,0.05540113269170634
EMP08238,Simran Tiwari,60,37,Marketing,90000,4000,5400,1300,1149,78151,0,11604,0,2670,3304,17578,32509,6776,High,0.22492354544407622,0.4159767629332958,0.08670394492712825,0.0
EMP08239,Vivek Maheshwari,22,0,Finance,71767,2177,4306,1904,1339,62041,5886,6203,0,4637,1830,18556,29955,2079,High,0.29909253558130916,0.48282587321287534,0.033510098160893606,0.0
EMP08240,Trisha Mohanty,50,24,HR,70000,2000,4200,1298,2352,60150,0,10841,0,3152,3432,17425,17996,4991,High,0.28969243557772234,0.2991853699085619,0.082975893599335,0.0
EMP08241,Tushar Goel,54,34,Data Science,170000,17500,10200,2769,1127,138404,0,21382,31928,5493,2887,61690,49186,5565,Medium,0.4457241120198838,0.35537990231496197,0.04020837548047744,0.23068697436490274
EMP08242,Aisha Ghosh,27,5,IT,90520,4052,5431,1692,1967,77378,13669,6792,0,5458,3413,29332,26384,3387,Medium,0.3790741554447,0.34097547106412673,0.04377213161363695,0.0
EMP08243,Lakshay Chauhan,52,26,IT,141771,11688,8506,3777,1347,116453,0,18476,0,8455,5774,32705,38067,9655,High,0.2808429151674925,0.3268872420633217,0.08290898474062497,0.0
EMP08244,Saurabh Parth D'Souza,32,12,HR,50293,848,3018,943,2138,43346,0,3289,0,2904,1682,7875,22736,1957,High,0.18167766345222167,0.5245236007936142,0.045148341254094955,0.0
EMP08245,Payal Agarwal,34,8,IT,98982,4898,5939,1765,909,85471,20189,9470,7157,7616,5069,49501,13098,4880,Medium,0.5791555030361175,0.153244960278925,0.05709538907933685,0.08373600402475694
EMP08246,Tushar Bhatia,32,7,IT,95589,4559,5735,1829,1607,81859,18565,12423,0,2895,3593,37476,25055,4085,Medium,0.45781160287811967,0.30607508032103986,0.04990288178453194,0.0
EMP08247,Sakshi Banerjee,25,0,IT,80000,3000,4800,1222,1556,69422,0,9996,11828,4442,4034,30300,17462,3888,Medium,0.4364610642159546,0.25153409581976893,0.05600530091325517,0.17037826625565383
EMP08248,Vivaan Singh,57,36,Marketing,90000,4000,5400,1215,1686,77699,0,9930,21812,11426,4728,47896,3140,4004,Low,0.6164300698850693,0.0404123605194404,0.0515321947515412,0.2807243336465077
EMP08249,Nikhil Rupal Ghosh,36,16,Sales,69832,1983,4190,1945,1421,60293,0,11017,17055,2637,3160,33869,131,3,Low,0.5617401688421542,0.002172723201698373,4.975701988622228e-05,0.2828686580531737
EMP08250,Sneha Das,38,18,HR,58891,1278,3533,935,1475,51670,16762,9252,2752,8968,4669,42403,1309,817,Low,0.8206502806270564,0.02533384942906909,0.01581188310431585,0.053261079930327075
EMP08251,Trisha Bohra,44,27,Finance,130000,9500,7800,2779,2045,107876,35012,16985,0,13840,10421,76258,7578,2750,Low,0.7069042233675702,0.0702473209981831,0.025492231821721237,0.0
EMP08252,Avantika Sumit Bhardwaj,34,5,Finance,83945,3394,5037,1397,1630,72487,21066,7591,0,4996,4476,38129,1785,730,Medium,0.5260115606936416,0.024625105191275677,0.010070771310717784,0.0
EMP08253,Akash Divya Arora,25,1,HR,40996,383,2460,904,1339,35910,9879,4055,0,3975,1540,19449,7588,1963,Medium,0.5416040100250626,0.21130604288499025,0.05466443887496519,0.0
EMP08254,Parth Naidu,42,22,Sales,78594,2859,4716,1815,2194,67010,5475,13083,20542,8573,4480,52153,3550,1815,Low,0.7782868228622594,0.052977167586927325,0.02708550962542904,0.30655126100582003
EMP08255,Bhavna Nagpal,42,25,Customer Support,60000,1333,3600,1681,1473,51913,0,8669,12464,1393,3156,25682,1180,930,Low,0.4947123071292355,0.022730337295089862,0.017914587868164043,0.2400940034288136
EMP08256,Rakesh Purohit,51,36,IT,150000,13333,9000,3989,924,122754,0,17169,25286,12115,8879,63449,13115,6550,Medium,0.5168792870293433,0.10683969565146553,0.053358750020365935,0.20598921420075925
EMP08257,Swati Dubey,40,16,Data Science,141322,11598,8479,3300,973,116972,6776,20599,0,7263,5341,39979,35181,6666,Medium,0.3417826488390384,0.30076428547002704,0.056987997127517696,0.0
EMP08258,Preeti Kulkarni,40,18,Sales,70576,2058,4235,1998,1034,61251,14050,8699,0,3056,2187,27992,9780,11143,High,0.4570047835953699,0.15967086251653034,0.1819235604316664,0.0
EMP08259,Tanvi Rathore,47,16,Finance,107354,6103,6441,3768,2148,88894,0,9670,19849,4898,3530,37947,26105,5784,Medium,0.42687920444574434,0.2936643642990528,0.06506625869012532,0.2232884109163723
EMP08260,Shivam Nandini Menon,57,25,Finance,130000,9500,7800,2971,806,108923,0,15558,29643,7067,5984,58252,14553,17204,Medium,0.5347998127117322,0.13360814520349237,0.15794643922771132,0.2721463786344482
EMP08261,Yash Aditya Rawat,26,5,Data Science,101668,5250,6100,2590,1320,86408,21022,13018,0,6344,3874,44258,18007,5930,Medium,0.512197944634756,0.2083950560133321,0.06862790482362745,0.0
EMP08262,Ananya Saxena,31,9,Operations,63107,1489,3786,1572,1505,54755,14117,7546,0,3382,3355,28400,9800,3056,Medium,0.518674093690074,0.17897908866770157,0.055812254588622046,0.0
EMP08263,Pooja Parmar,55,23,Marketing,90000,4000,5400,1811,1872,76917,15648,9772,4718,2145,2533,34816,23619,3014,High,0.4526437588569497,0.30707125862943174,0.039185095622554185,0.061338845768815736
EMP08264,Shivam Swain,50,18,Sales,77071,2707,4624,2084,1172,66484,18070,9900,10165,5146,2991,46272,8534,2465,Medium,0.6959870043920342,0.12836171108838218,0.037076589856206,0.15289392936646412
EMP08265,Palak Pandey,22,2,Customer Support,40680,367,2441,900,1855,35117,0,4901,0,7116,3373,15390,3666,1687,Medium,0.43824928097502636,0.1043938833043825,0.04803941111142752,0.0
EMP08266,Rishabh Lokesh Mukherjee,25,2,Finance,74726,2473,4484,1691,1318,64760,0,8160,0,7280,3047,18487,22206,4496,High,0.2854694255713403,0.3428968499073502,0.06942557134033354,0.0
EMP08267,Jyoti Charu Kulkarni,50,23,Data Science,151302,13594,9078,2486,1806,124338,0,16501,39422,2924,3228,62075,31594,4817,Medium,0.4992439962038958,0.2540977014267561,0.0387411732535508,0.317055123936367
EMP08268,Namrata Mathew,50,19,Sales,71720,2172,4303,1985,1451,61809,0,9072,18585,11130,5776,44563,2385,2355,Low,0.720979145431895,0.03858661359996117,0.038101247391156626,0.3006843663544144
EMP08269,Ankit Srivastava,43,23,Marketing,85598,3560,5136,1877,1857,73168,21259,10295,0,9237,6544,47335,6219,2623,Medium,0.6469358189372403,0.08499617319046578,0.035849005029521104,0.0
EMP08270,Simran Dubey,51,26,IT,148380,13009,8903,3497,2019,120952,26783,18687,0,3555,2553,51578,39094,5274,High,0.42643362656260336,0.32321912824922283,0.04360407434354124,0.0
EMP08271,Pallavi Yash George,58,26,Cyber Security,178028,19507,10682,2584,1442,143813,0,15799,0,15397,9875,41071,46246,13438,High,0.2855861431164081,0.3215703726366879,0.0934407876895691,0.0
EMP08272,Lakshay Khurana,38,18,Marketing,83956,3396,5037,1515,1484,72524,15433,11857,0,5130,2913,35333,17161,4015,Medium,0.48719044730020405,0.23662511720258123,0.05536098395014064,0.0
EMP08273,Deepak Bohra,53,25,IT,135979,10529,8159,3944,2011,111336,13018,17784,0,7360,7766,45928,27808,8404,Medium,0.41251706545950995,0.2497664726593375,0.07548322195875548,0.0
EMP08274,Kartik Bajaj,49,23,Cyber Security,165842,16502,9951,2611,1076,135702,31029,16539,9456,6195,6693,69912,22371,21174,High,0.5151876906751559,0.16485387098200469,0.15603307246761286,0.06968209753725074
EMP08275,Pallavi Naidu,47,24,IT,145461,12426,8728,2906,2018,119383,28675,17546,3597,6280,5782,61880,13691,21515,Medium,0.5183317557776232,0.11468131978589917,0.1802182890361274,0.030129917995024416
EMP08276,Neha Dubey,37,12,Marketing,68333,1833,4100,2016,2006,58378,12098,6953,0,1301,2344,22696,20744,2812,Medium,0.388776593922368,0.35533934016238994,0.04816883072390284,0.0
EMP08277,Ishita Kulkarni,28,2,IT,84870,3487,5092,1309,1848,73134,0,12570,13311,3773,3887,33541,11124,16601,Medium,0.4586238958623896,0.15210435638690623,0.22699428446413433,0.18200836820083682
EMP08278,Diya Pandey,27,6,Sales,51327,900,3080,1069,1615,44663,13530,6711,0,4823,4313,29377,1977,1518,Low,0.6577480240915299,0.044264827709737366,0.03398786467545843,0.0
EMP08279,Manish Saxena,48,19,Operations,86705,3670,5202,1252,712,75869,17777,9535,8979,3268,3413,42972,16792,2617,Medium,0.5663973427882271,0.22132886949874125,0.03449366671499558,0.11834873268396842
EMP08280,Ishita Sabharwal,36,18,Sales,72024,2202,4321,1258,2062,62181,15065,8235,5877,6266,2617,38060,9354,2855,Medium,0.6120840771296698,0.15043180392724465,0.04591434682620093,0.09451440150528297
EMP08281,Vikram Lakhotia,27,2,Data Science,99500,4950,5970,2100,1190,85290,0,14034,24625,5283,5170,49112,17200,3323,Low,0.5758236604525736,0.20166490796107397,0.03896119122992144,0.2887208347989213
EMP08282,Lokesh Chaudhary,40,8,Product Management,145005,12334,8700,3393,2107,118471,35077,19576,9010,2682,8627,74972,3705,344,Medium,0.632829975268209,0.03127347620936769,0.0029036641878603204,0.0760523672459927
EMP08283,Tarun Jindal,44,20,Sales,78852,2885,4731,1359,736,69141,0,10097,21343,5384,3335,40159,347,74,Low,0.5808275842119727,0.005018729841917241,0.001070276680985233,0.3086880432738896
EMP08284,Vivek Roy,53,29,Finance,125508,8826,7530,3890,1521,103741,0,14888,0,8057,6895,29840,27232,9596,High,0.2876394096837316,0.26249987950761994,0.0924995903259078,0.0
EMP08285,Pankaj Swati Chaudhary,58,37,Customer Support,60000,1333,3600,1324,1686,52057,0,7997,17887,2604,3733,32221,1779,785,Low,0.6189561442265209,0.03417407841404614,0.015079624258024858,0.3436041262462301
EMP08286,Vihaan Dubey,31,6,IT,97995,4800,5880,1806,1661,83848,23415,11232,14205,9320,4915,63087,5144,2607,Low,0.7523971949241485,0.061349107909550615,0.031091975956492702,0.16941370098273065
EMP08287,Payal Lodha,52,34,Marketing,90000,4000,5400,1267,1451,77882,0,11337,24136,11964,7002,54439,2639,2699,Low,0.6989933489124573,0.03388459464317814,0.03465499088364449,0.309904727664929
EMP08288,Abhishek Verma,32,6,Data Science,116209,7431,6973,3805,1172,96828,6998,9880,5249,8601,4669,35397,25609,7516,High,0.3655657454455323,0.26447928285206757,0.07762217540380882,0.05420952617011608
EMP08289,Prateek Das,23,1,IT,80836,3084,4850,1857,1808,69237,0,9656,20598,6653,5063,41970,9630,3879,Low,0.6061787772433814,0.1390874821266086,0.05602495775380216,0.2974998916764158
EMP08290,Arjun Chopra,54,31,IT,150000,13333,9000,2819,1450,123398,0,17405,35946,7101,6406,66858,16140,21396,Medium,0.541807808878588,0.13079628519100797,0.1733901683981912,0.2913013176874828
EMP08291,Aarav Saxena,23,3,Operations,54986,1083,3299,947,2164,47493,0,5057,0,5053,1954,12064,8183,13104,High,0.2540163813614638,0.17229907565325417,0.2759143452719348,0.0
EMP08292,Sneha Ravi Roy,37,12,Data Science,118846,7827,7131,2678,887,100323,25617,14581,0,4195,2494,46887,33440,3302,High,0.4673604258245866,0.3333233655293402,0.03291368878522373,0.0
EMP08293,Deepak Rupal Nair,25,2,Operations,53156,991,3189,924,1783,46269,0,6558,0,3842,2241,12641,13264,4879,High,0.2732066826600964,0.2866714214700988,0.10544857247833322,0.0
EMP08294,Ayush Shetty,57,33,IT,150000,13333,9000,3692,1199,122776,28110,20073,4188,7406,5719,65496,26714,7031,Medium,0.5334593080080797,0.21758324102430443,0.05726689255229035,0.03411090115331987
EMP08295,Aakash Khurana,48,16,IT,115937,7391,6956,2862,1674,97054,0,15540,30142,2770,4613,53065,23719,4109,Medium,0.5467574752199806,0.2443897211861438,0.04233725554845756,0.3105693737506955
EMP08296,Nandini Aditya Seth,33,7,IT,95510,4551,5731,2005,1605,81618,0,12514,18366,9008,6414,46302,4973,4796,Low,0.5673013305888407,0.060930186968560854,0.05876154769781176,0.22502389178857604
EMP08297,Pallavi Tarun Mundra,32,10,Finance,89609,3961,5377,2113,1209,76949,0,6342,25738,3804,2690,38574,21145,3559,Medium,0.501293064237352,0.2747923949628975,0.046251413273726755,0.33448127980870446
EMP08298,Ananya Bohra,48,26,Sales,85000,3500,5100,1733,1426,73241,0,12283,21082,7569,6159,47093,5956,3024,Low,0.642986851626821,0.08132057181087096,0.04128834942177196,0.2878442402479486
EMP08299,Trisha Lakhotia,34,5,IT,91695,4170,5502,2090,1776,78157,20532,13779,0,5011,5438,44760,16324,3198,Medium,0.572693424773213,0.2088616502680502,0.04091764013460087,0.0
EMP08300,Aisha Chopra,31,6,Data Science,105533,5830,6332,2701,1873,88797,19739,11788,0,2082,3152,36761,31042,4581,Medium,0.4139892113472302,0.3495838823383673,0.05158958072907868,0.0
EMP08301,Saurabh Somani,57,37,Operations,95000,4500,5700,1266,1799,81735,0,13532,19070,2744,3121,38467,1067,190,Low,0.4706306967639322,0.01305438306722946,0.0023245855508656024,0.2333149813421423
EMP08302,Atharv Khanna,35,10,Finance,89121,3912,5347,2152,2101,75609,0,12463,0,3884,3941,20288,20629,7930,High,0.2683278445687683,0.2728378896692193,0.1048816939782301,0.0
EMP08303,Lakshay Bose,60,35,HR,70000,2000,4200,2010,2366,59424,0,8186,11731,6877,5383,32177,3742,3213,Medium,0.5414815562735595,0.0629711900915455,0.054069063004846526,0.19741182014001077
EMP08304,Bhavna Yadav,39,11,IT,112322,6848,6739,2517,1926,94292,8085,13993,7173,6678,5904,41833,21793,6759,Medium,0.44365375641623894,0.23112247062317057,0.07168158486403936,0.07607220124718958
EMP08305,Trisha Iyer,33,10,Sales,59123,1289,3547,941,1815,51531,12104,7433,7306,3876,3125,33844,8577,1912,Medium,0.6567697114358347,0.16644350002910868,0.03710387921833459,0.14177873513030992
EMP08306,Namrata Lakhotia,45,16,IT,114467,7170,6868,3893,1875,94661,19571,15237,0,4414,4542,43764,18654,5759,Medium,0.4623234489388449,0.19706109168506566,0.06083814876242592,0.0
EMP08307,Tanvi Nitin Jadhav,48,22,Operations,94938,4494,5696,2134,1483,81131,0,14879,0,5270,4338,24487,27080,6816,High,0.30182051250446806,0.3337811687271203,0.08401227644180399,0.0
EMP08308,Sanya Patel,27,4,Sales,49528,810,2972,884,1400,43462,13425,5437,4483,7920,3111,34376,1760,872,Low,0.7909438129860568,0.04049514518429893,0.02006350375040265,0.10314757719387051
EMP08309,Dhruv Bose,27,2,Operations,50000,833,3000,886,1564,43717,8569,5114,6505,3096,1415,24699,10226,2119,Medium,0.56497472379166,0.23391358052931355,0.048470846581421416,0.14879795045405678
EMP08310,Rohit Bose,37,8,HR,48686,768,2921,1155,1052,42790,9174,6125,3783,1380,1359,21821,12793,1256,High,0.5099555971021267,0.29897172236503855,0.029352652488899275,0.08840850666043468
EMP08311,Rajat Chaudhary,53,27,Operations,95000,4500,5700,1427,1431,81942,18202,12285,4902,3656,1900,40945,27272,2770,Medium,0.499682702399258,0.33282077567059626,0.03380439823289644,0.059822801493739475
EMP08312,Aditi Chauhan,41,28,Sales,85000,3500,5100,1282,1625,73493,0,12564,0,4635,4168,21367,19106,5540,Medium,0.29073517205720273,0.2599703373110364,0.07538132883403861,0.0
EMP08313,Anurag Sahu,24,2,Product Management,120000,8000,7200,3791,1486,99523,24705,11196,5878,7718,4397,53894,18338,5927,Medium,0.5415230650201461,0.18425891502466765,0.05955407292786592,0.05906172442550968
EMP08314,Pallavi D'Souza,43,20,Sales,75920,2592,4555,1473,1882,65418,19616,9198,0,7688,4062,40564,5240,3203,Medium,0.6200739857531566,0.08010027821088997,0.04896205937203828,0.0
EMP08315,Neha Bhatia,47,25,IT,138499,11033,8310,2269,1797,115090,0,17090,22177,8015,6878,54160,22338,6939,Medium,0.47058823529411764,0.19409158050221564,0.06029194543400817,0.19269267529759318
EMP08316,Namrata Chauhan,39,10,Product Management,160507,15435,9630,3636,1150,130656,12161,14627,5327,13814,7590,53519,33811,8324,Medium,0.4096176218466814,0.2587787778594171,0.06370928239039922,0.040771185402890035
EMP08317,Rohit Mishra,32,10,Sales,59830,1325,3590,799,1503,52613,0,10082,7524,1489,2380,21475,251,529,Medium,0.40816908368654137,0.004770684051470169,0.010054549255887328,0.14300648128789462
EMP08318,Rohan Ishaan Mishra,26,5,Marketing,60883,1377,3653,2193,2286,51374,9984,6580,7979,2228,1322,28093,14451,2119,Medium,0.5468330283801145,0.28129014676684705,0.04124654494491377,0.15531202553821
EMP08319,Sanya Kunal Iyer,36,13,IT,106085,5913,6365,3105,1789,88913,0,16597,0,10517,7737,34851,12232,6048,Medium,0.3919674288349285,0.13757268340962514,0.06802154915479176,0.0
EMP08320,Divya Patel,28,7,Marketing,65630,1615,3938,1994,1265,56818,3109,9292,2288,7817,4598,27104,3189,3631,Medium,0.4770319265021648,0.05612657960505474,0.0639058044985744,0.04026892886057235
EMP08321,Priya Pandey,32,5,Customer Support,39589,313,2375,714,1585,34602,8502,5703,2921,2211,1537,20874,5932,1522,Medium,0.6032599271718397,0.17143517715738973,0.04398589676897289,0.08441708571758857
EMP08322,Ananya Mishra,42,25,IT,139986,11331,8399,3282,1606,115368,23655,16188,0,3298,5704,48845,39501,5855,Medium,0.42338430067263016,0.3423913043478261,0.050750641425698635,0.0
EMP08323,Nandini Sabharwal,33,12,Product Management,156064,14546,9364,3056,1492,127606,9881,21294,17623,8434,7433,64665,29395,5420,Medium,0.5067551682522765,0.2303575067003119,0.042474491795056656,0.1381047913107534
EMP08324,Ravi Trivedi,54,29,IT,150000,13333,9000,2794,2193,122680,0,13727,28796,6736,6513,55772,17470,25538,Medium,0.45461362895337465,0.14240299967394848,0.20816759047929573,0.23472448646886207
EMP08325,Tushar Thomas,49,21,Operations,87172,3717,5230,1303,2061,74861,0,12465,15668,4903,4534,37570,15361,5160,Medium,0.5018634536006732,0.20519362551929576,0.06892774608941905,0.20929455924980964
EMP08326,Atharv Roy,58,22,IT,128550,9282,7713,2809,979,107767,32454,15850,27676,17159,8002,101141,973,1095,Low,0.9385155010346395,0.009028737925338925,0.010160809895422533,0.2568133101969991
EMP08327,Preeti Gaurav Tiwari,48,15,Marketing,72989,2299,4379,1591,1759,62961,15869,11385,0,5135,3359,35748,12665,3135,Medium,0.5677800543193405,0.20115627134257716,0.049792728832134175,0.0
EMP08328,Prateek Gill,47,21,Data Science,161780,15689,9707,3500,1099,131785,0,23142,26090,19181,12996,81409,7542,7223,Low,0.6177410175664909,0.057229578480100164,0.05480896915430436,0.19797397275865994
EMP08329,Manish Kapoor,53,22,Data Science,161629,15659,9698,2778,1082,132412,44392,21157,0,15831,13180,94560,5041,4054,Low,0.714134670573664,0.03807056762226989,0.03061656043258919,0.0
EMP08330,Kunal Daga,53,30,Sales,85000,3500,5100,2192,1958,72250,0,12414,0,8812,4756,25982,8660,5127,Medium,0.35961245674740483,0.11986159169550173,0.07096193771626298,0.0
EMP08331,Manish Mundra,56,29,Marketing,90000,4000,5400,1342,1381,77877,0,11264,20731,3011,3787,38793,25081,3381,Medium,0.4981316691706152,0.32205914454845463,0.04341461535498286,0.2662018310926204
EMP08332,Khushi Nagpal,45,24,Finance,123384,8508,7403,2366,2024,103083,5313,10421,0,7120,3239,26093,40044,7148,Medium,0.2531261216689464,0.3884636652018277,0.06934218057293637,0.0
EMP08333,Rahul Mathew,28,3,Sales,48701,768,2922,716,1437,42858,9517,4728,0,2328,1718,18291,1117,502,Medium,0.42678146437071257,0.026062812077091792,0.011713099071351906,0.0
EMP08334,Mohit Kapoor,46,21,Customer Support,54032,1035,3242,1082,1853,46820,0,6126,12111,1980,2231,22448,1284,1032,Low,0.4794532251174712,0.027424177701836822,0.022041862451943613,0.25867150790260574
EMP08335,Vikram Khandelwal,35,8,HR,44675,567,2680,806,1608,39014,11169,5040,1476,7014,2913,27612,1192,1890,Low,0.707745937355821,0.03055313477213308,0.048444148254472755,0.03783257292254063
EMP08336,Akash Sabharwal,55,33,Data Science,170000,17500,10200,2300,1923,138077,0,14764,39024,12418,6794,73000,21438,20077,Medium,0.528690513264338,0.15526119484055997,0.14540437581928925,0.28262491218667846
EMP08337,Krishna More,23,3,Marketing,50004,834,3000,1070,1678,43422,0,5261,17949,2705,1921,27836,678,237,Low,0.6410575284418037,0.015614204780986596,0.005458062733176731,0.4133618902860301
EMP08338,Prateek Rathore,40,12,HR,54601,1063,3276,825,1156,48281,8309,6710,0,1496,2130,18645,19678,2160,Medium,0.38617675690230113,0.4075723369441395,0.04473809573124003,0.0
EMP08339,Preeti Seth,54,26,Sales,84590,3459,5075,2081,1883,72092,0,12932,22009,13337,6598,54876,4010,2542,Low,0.7611940298507462,0.0556233701381568,0.0352605004716196,0.30529046218720524
EMP08340,Aarav Patel,30,3,Sales,48906,779,2934,771,1010,43412,13101,6224,0,2378,2487,24190,1239,198,Medium,0.5572192020639455,0.028540495715470376,0.004560950889155073,0.0
EMP08341,Simran Mohit Shukla,49,15,Operations,79357,2936,4761,1521,1392,68747,0,10790,20103,9352,6185,46430,4652,1820,Low,0.6753749254512924,0.0676684073486843,0.026473882496690766,0.2924200328741618
EMP08342,Reema Mukherjee,58,24,Product Management,208168,27450,12490,2341,1366,164521,0,26344,55666,26881,11626,120517,9648,4549,Low,0.7325326250144358,0.0586429695905082,0.02764996565787954,0.33835194291306275
EMP08343,Khushi Bansal,27,3,HR,40000,333,2400,799,1662,34806,9302,6009,0,2589,1753,19653,5796,2336,Medium,0.5646440268919152,0.16652301327357352,0.06711486525311727,0.0
EMP08344,Preeti Mehta,44,25,IT,145661,12466,8740,3268,1307,119880,0,13246,25343,8470,6823,53882,20837,21890,Medium,0.4494661327994661,0.17381548214881548,0.18259926593259926,0.21140306973640308
EMP08345,Ayaan Kohli,55,24,IT,138220,10977,8293,3646,1227,114077,6095,14240,0,6688,5369,32392,177,499,Medium,0.2839485610596352,0.001551583579512084,0.004374238452974745,0.0
EMP08346,Sumit Singh,45,15,Finance,107665,6150,6460,2655,1474,90926,20972,10084,0,7483,3270,41809,11061,18763,High,0.459813474693707,0.12164837340254712,0.20635461804104435,0.0
EMP08347,Rakesh Kohli,55,33,HR,70000,2000,4200,2144,1792,59864,13987,6778,0,4406,4533,29704,1482,90,Medium,0.49619136709875716,0.02475611385807831,0.0015034077241747963,0.0
EMP08348,Jyoti Tomar,49,27,IT,143092,11952,8586,3473,1533,117548,30929,19099,0,6730,6867,63625,22022,5943,Medium,0.5412682478647021,0.1873447442746793,0.05055806989485147,0.0
EMP08349,Ritika Goel,45,28,Finance,130000,9500,7800,2778,1832,108090,25787,16530,6931,3145,4164,56557,30561,3702,High,0.5232398926820242,0.28273660838190395,0.034249236747155146,0.06412249051716162
EMP08350,Avantika Mohanty,35,9,Operations,65688,1618,3941,1736,1382,57011,14000,8896,3794,1756,4684,33130,1921,113,Medium,0.5811159249969304,0.033695251793513535,0.001982073634912561,0.06654856080405536
EMP08351,Tanvi Sharma,46,26,Sales,85000,3500,5100,2037,1517,72846,0,9950,0,4954,4442,19346,1413,2339,Medium,0.2655739505257667,0.01939708425994564,0.032108832331219285,0.0
EMP08352,Kunal Rishabh Sharma,55,31,Sales,85000,3500,5100,2014,1773,72613,0,12079,0,4009,3794,19882,20958,7381,High,0.2738077203806481,0.2886260036081693,0.1016484651508683,0.0
EMP08353,Mansi Sharma,27,2,Marketing,58279,1247,3497,1086,1184,51265,4168,8180,0,2635,3004,17987,1918,1015,Medium,0.35086316200136547,0.037413439968789625,0.019799083195162392,0.0
EMP08354,Rupal Rathore,42,16,HR,61716,1419,3703,2045,1137,53412,10243,4101,6232,2616,1369,24561,19918,2096,Medium,0.4598404852842058,0.372912454130158,0.0392421178761327,0.1166779000973564
EMP08355,Akash Pillai,22,0,Operations,50580,862,3035,1016,1875,43792,0,7233,2975,2951,2917,16076,13648,2882,High,0.36709901351845087,0.31165509682133724,0.06581110705151626,0.06793478260869565
EMP08356,Rajat Pradhan,60,29,Cyber Security,180000,20000,10800,2346,942,145912,0,25205,50190,12207,8003,95605,23758,4137,Medium,0.6552236964745874,0.1628241679916662,0.028352705740446297,0.34397445035363783
EMP08357,Ishaan Sandhu,43,22,Finance,120384,8058,7223,3615,847,100641,20731,14607,15536,7234,3711,61819,17553,3993,Medium,0.6142526405739211,0.17441201895847616,0.03967567889826214,0.15437048518993254
EMP08358,Rajat Agarwal,26,2,Marketing,53224,995,3193,1130,1433,46473,15315,5453,3115,8234,4011,36128,2245,1399,Low,0.7773976287306608,0.04830761947797646,0.030103500957545243,0.06702816689260431
EMP08359,Saloni Nagpal,39,12,IT,113965,7095,6838,2439,2036,95557,5853,10331,7801,8930,5331,38246,22916,7273,Medium,0.40024278702763794,0.23981497954100695,0.0761116401728811,0.08163713804326214
EMP08360,Sneha Shukla,56,38,Operations,95000,4500,5700,1880,1936,80984,0,14466,23135,6591,3782,47974,12163,4738,Medium,0.5923886199743159,0.15019016101946064,0.058505383779512005,0.2856737133260891
EMP08361,Ayaan Somani,52,37,IT,150000,13333,9000,2985,1479,123203,0,18182,32225,17915,7488,75810,4883,7649,Low,0.6153259255050607,0.0396337751515791,0.062084527162487926,0.2615601892811052
EMP08362,Aakash Pradhan,49,17,Sales,70483,2048,4229,1883,1798,60525,12346,7845,1934,3619,2193,27937,11800,5055,Medium,0.4615778603882693,0.1949607600165221,0.08351920693928129,0.031953738124741844
EMP08363,Nitin Daga,27,6,Sales,52935,980,3176,995,1477,46307,10889,7807,0,2855,2540,24091,9233,2676,Medium,0.520245319282182,0.1993867017945451,0.05778823935906018,0.0
EMP08364,Yash Narang,24,1,Sales,48842,775,2931,857,1510,42769,0,5544,1405,8211,4256,19416,2789,3819,Medium,0.45397367251981574,0.06521078351142183,0.08929364726788094,0.03285089667750006
EMP08365,Saurabh Pradhan,33,7,IT,98533,4853,5912,1772,1977,84019,0,10753,24694,6248,5230,46925,12491,12490,Low,0.5585046239541056,0.14866875349623299,0.14865685142646307,0.2939097108987253
EMP08366,Swati Lodha,56,37,Operations,95000,4500,5700,1466,1660,81674,22097,15529,5547,3159,6451,52783,1774,1127,Medium,0.6462644170727526,0.021720498567475575,0.013798760927590175,0.06791635036853834
EMP08367,Sanya Suri,30,4,Sales,52210,944,3133,896,1484,45753,0,7059,0,6090,4127,17276,4445,4320,Medium,0.3775927261600332,0.09715209931589186,0.0944200380302931,0.0
EMP08368,Dhruv Jadhav,60,33,Cyber Security,180000,20000,10800,3943,1788,143469,0,19872,0,7421,3251,30544,68123,8422,Medium,0.21289616572221176,0.4748273146115189,0.05870257686329451,0.0
EMP08369,Parth Mohanty,53,30,Operations,95000,4500,5700,2034,2334,80432,9308,12440,3543,2993,4961,33245,1094,565,Medium,0.41333051521782377,0.013601551621245276,0.007024567336383529,0.04404963198726875
EMP08370,Shruti Mayank Saini,36,15,Customer Support,48474,757,2908,971,908,42930,0,6907,12289,2426,2971,24593,8436,1512,Low,0.5728627999068251,0.1965059399021663,0.03522012578616352,0.28625669694852085
EMP08371,Avantika Rajput,26,4,Data Science,102878,5432,6173,2332,2103,86838,24229,8905,0,7950,4709,45793,16181,4022,Medium,0.5273382620511757,0.18633547525276953,0.04631612888366844,0.0
EMP08372,Dhruv Bhatia,39,17,IT,118763,7814,7126,2537,1433,99853,24974,9980,0,8400,5929,49283,16587,13798,Medium,0.4935555266241375,0.16611418785614854,0.1381831291999239,0.0
EMP08373,Atharv Jadhav,57,26,Sales,84725,3472,5084,1335,1952,72882,0,7506,24529,14511,5928,52474,3994,3032,Low,0.719985730358662,0.054800911061716195,0.04160149282401691,0.3365577234433742
EMP08374,Neha Dubey,44,21,Sales,78176,2818,4691,1622,1676,67369,14297,8793,0,2908,3569,29567,21449,3756,Medium,0.438881384613101,0.31838085766450447,0.0557526458756995,0.0
EMP08375,Monika Jindal,59,30,Marketing,90000,4000,5400,1620,1216,77764,0,11578,24576,14339,5441,55934,3386,2884,Low,0.7192788436808806,0.04354199886837097,0.03708656962090427,0.3160331258680109
EMP08376,Yuvraj Thomas,43,20,IT,136504,10634,8190,2955,1242,113483,0,18926,0,7793,5061,31780,39558,10255,High,0.28004194460844356,0.3485808447080179,0.0903659578967775,0.0
EMP08377,Trisha Srivastava,40,10,Sales,59047,1286,3543,1070,1867,51281,0,8889,13724,3997,2444,29054,9128,2816,Medium,0.5665646145745987,0.17799964899280435,0.05491312571907724,0.26762348628146876
EMP08378,Diya Dev Bansal,51,33,IT,150000,13333,9000,2312,1560,123795,0,16107,24185,6350,6221,52863,34009,7160,Medium,0.4270204774021568,0.2747203037279373,0.05783755402076013,0.19536330223353124
EMP08379,Palak Rajput,32,8,Data Science,119910,7986,7195,3665,1665,99399,0,15036,0,4578,3800,23414,19297,24242,High,0.23555568969506735,0.19413676193925491,0.24388575337780058,0.0
EMP08380,Arjun Mathew,46,28,Sales,85000,3500,5100,1965,1466,72969,23484,11068,0,8571,4453,47576,6344,3304,Medium,0.652002905343365,0.0869410297523606,0.045279502254382,0.0
EMP08381,Nikita Chauhan,37,11,Sales,61623,1414,3697,1794,1524,53194,17554,9679,0,8439,3648,39320,2786,2165,Low,0.7391811106515772,0.05237432793172162,0.04070007895627326,0.0
EMP08382,Vivaan Seth,28,4,Sales,53329,1000,3200,1175,754,47200,0,7311,0,3384,1817,12512,15959,3257,High,0.26508474576271185,0.33811440677966104,0.0690042372881356,0.0
EMP08383,Dhruv Yadav,25,1,Marketing,50085,838,3005,826,1873,43543,0,5426,10308,3558,2109,21401,11457,1712,Medium,0.49149116964839357,0.26311921548813816,0.03931745630755805,0.23673150678639507
EMP08384,Nitin Reddy,42,20,Cyber Security,160183,15370,9611,3551,1001,130650,0,18967,0,27324,12593,58884,16260,7879,Medium,0.4507003444316877,0.12445464982778416,0.06030616150019135,0.0
EMP08385,Megha Iyer,37,16,Sales,71418,2142,4285,1200,1619,62172,0,8631,13229,2994,2955,27809,14447,4666,Medium,0.44729138518947437,0.23237148555619894,0.0750498616740655,0.21278067297175576
EMP08386,Simran Reddy,46,16,Customer Support,49811,824,2989,1035,1184,43779,11946,4378,0,2616,2828,21768,2047,747,Medium,0.49722469677242515,0.046757577834121385,0.017062975399163984,0.0
EMP08387,Mansi Porwal,49,21,Sales,80395,3040,4824,1280,1440,69811,0,9662,0,3945,2753,16360,14681,21861,High,0.23434702267550958,0.21029637163197776,0.31314549283064275,0.0
EMP08388,Vivaan Rawat,37,17,Customer Support,49391,803,2963,705,1547,43373,0,4740,0,2366,2682,9788,2497,1215,Medium,0.22567034791229568,0.05757037788485925,0.02801281903488345,0.0
EMP08389,Sakshi Gupta,57,37,Marketing,90000,4000,5400,1210,1401,77989,7526,13238,0,11537,6050,38351,6435,4010,Medium,0.4917488363743605,0.08251163625639513,0.05141750759722525,0.0
EMP08390,Rashmi Narang,27,7,Marketing,64503,1558,3870,2133,1310,55632,12468,8223,0,2948,3350,26989,10529,3355,Medium,0.48513445498993385,0.18926157607132585,0.06030701754385965,0.0
EMP08391,Namrata Saini,51,22,Marketing,86612,3661,5197,2036,1338,74380,0,9627,14135,11435,6971,42168,7979,3256,Low,0.566926593170207,0.10727346060769023,0.04377520838935198,0.19003764452809896
EMP08392,Prachi Mishra,26,7,Sales,61076,1387,3665,1214,1586,53224,12584,6407,0,5393,2418,26802,12434,3064,Medium,0.5035698181271607,0.23361641364797836,0.05756801442958064,0.0
EMP08393,Avantika Naidu,25,3,Operations,57402,1203,3444,736,2032,49987,4203,5529,0,2556,2376,14664,12284,11978,High,0.29335627263088404,0.2457438934122872,0.2396223017984676,0.0
EMP08394,Sai Sabharwal,41,16,IT,119507,7926,7170,2511,1874,100026,0,13758,32980,4022,5273,56033,25503,3493,Medium,0.5601843520684622,0.25496370943554675,0.03492092056065423,0.32971427428868494
EMP08395,Parth Pandey,51,30,IT,150000,13333,9000,2319,1435,123913,0,17938,32123,5113,3994,59168,42949,5307,Medium,0.4774963078934414,0.34660608652845143,0.042828436080153014,0.25923833657485496
EMP08396,Bhavna Sandhu,34,6,Sales,57214,1194,3433,1167,1629,49791,4156,3830,0,3100,1648,12734,25366,2106,High,0.25574903094936835,0.5094494989054247,0.042296800626619266,0.0
EMP08397,Shreya Bedi,32,10,Marketing,63201,1493,3792,1880,701,55335,17243,7036,8092,9068,5330,46769,1273,756,Low,0.8451974338122346,0.023005331164723954,0.01366223908918406,0.14623655913978495
EMP08398,Rishabh Fernandes,49,17,Sales,73600,2360,4416,1557,1784,63483,4227,7981,8228,7649,5759,33844,5727,4700,Medium,0.5331191027519179,0.09021312792401115,0.07403556857741443,0.12960950175637573
EMP08399,Charu Sonia Bedi,28,7,Sales,54985,1083,3299,729,1144,48730,0,5358,0,2689,2780,10827,2019,1057,Medium,0.22218345988097682,0.04143238251590396,0.021690950133388058,0.0
EMP08400,Aman Bhardwaj,42,17,Operations,79658,2966,4779,1797,1767,68349,0,9618,13176,4352,2139,29285,12520,12475,Medium,0.42846274268826173,0.18317751539890853,0.18251912976049395,0.19277531492779704
EMP08401,Avantika Suri,47,24,IT,140184,11370,8411,3471,2474,114458,24077,16139,0,5258,5925,51399,14547,26748,Medium,0.44906428558947387,0.12709465480787713,0.2336927082423247,0.0
EMP08402,Pooja Kohli,29,3,IT,92656,4266,5559,1435,1062,80334,28025,10942,12232,14904,7866,73969,851,1050,Low,0.9207682923793163,0.010593273084870665,0.013070430950780492,0.15226429656185425
EMP08403,Charu Lakhotia,54,34,Sales,85000,3500,5100,2192,1315,72893,0,13114,18315,13394,6587,51410,2768,2417,Low,0.705280342419711,0.03797346795988641,0.033158190772776534,0.2512586942504767
EMP08404,Shruti Saini,53,22,Operations,91613,4161,5497,2180,1883,77892,0,10915,0,2133,1561,14609,35554,5573,Medium,0.18755456272787963,0.4564525240076003,0.07154778411133364,0.0
EMP08405,Mayank Mehta,46,25,HR,65887,1628,3953,1543,1228,57535,11625,8867,0,1732,2485,24709,19272,2176,Medium,0.42946032849569826,0.33496132788737293,0.03782045711306162,0.0
EMP08406,Mansi Daga,23,1,Product Management,121843,8276,7311,2933,815,102508,26322,11281,3757,10808,6447,58615,15929,6898,Medium,0.5718090295391579,0.1553927498341593,0.06729230889296445,0.03665079798649862
EMP08407,Parth Maheshwari,35,9,IT,106250,5938,6375,2343,1324,90270,0,14844,0,4449,4806,24099,28636,6509,High,0.2669657693585909,0.3172260994793398,0.07210590450869614,0.0
EMP08408,Rohan Bhardwaj,51,22,Customer Support,53391,1003,3203,1069,1876,46240,0,6877,10939,3181,2247,23244,8154,2676,Medium,0.5026816608996539,0.17634083044982699,0.0578719723183391,0.23657006920415224
EMP08409,Sonali Narang,33,10,Sales,59874,1327,3592,746,1761,52448,16122,6169,0,10328,4271,36890,1992,1453,Low,0.703363331299573,0.037980475899938984,0.027703630262355096,0.0
EMP08410,Rohan Rathore,57,29,Sales,85000,3500,5100,1239,1843,73318,0,12117,19322,9013,5994,46446,6347,2705,Low,0.6334870018276548,0.08656810060285332,0.03689407785264191,0.2635369213562836
EMP08411,Shivam Rajput,36,17,Finance,112287,6843,6737,3779,1364,93564,0,14714,0,4544,3485,22743,40910,5651,High,0.24307425933051174,0.43724081911846435,0.06039716130135522,0.0
EMP08412,Riya Naidu,23,3,Finance,78830,2883,4730,2180,1538,67499,15557,8793,0,4868,3205,32423,2842,112,Medium,0.480347857005289,0.0421043274715181,0.0016592838412420924,0.0
EMP08413,Kartik Solanki,27,5,IT,93186,4319,5591,2101,1358,79817,23916,9510,0,6927,4864,45217,17231,2869,Medium,0.5665083879374068,0.21588132853903305,0.03594472355513237,0.0
EMP08414,Vidhi Gaurav Mishra,42,25,IT,146072,12548,8764,3281,997,120482,29554,15412,0,6019,4710,55695,19320,25915,High,0.4622682226390664,0.16035590378645773,0.21509437094337744,0.0
EMP08415,Sakshi Shinde,50,21,Data Science,160021,15338,9601,3980,1941,129161,0,23109,0,7463,5765,36337,41386,12408,High,0.28133105194292396,0.3204217991498982,0.09606614999883865,0.0
EMP08416,Amit Mukherjee,47,18,Customer Support,54289,1048,3257,1146,1894,46944,13680,7243,2868,3617,2299,29707,7367,2152,Medium,0.6328178254942058,0.15693166325835037,0.04584185412406271,0.06109406952965235
EMP08417,Anurag Rajput,55,30,HR,70000,2000,4200,1877,1116,60807,0,7979,20601,8273,3692,40545,2553,3186,Low,0.6667817849918595,0.041985297745325376,0.0523952834377621,0.33879323104247866
EMP08418,Payal Bohra,60,31,Sales,85000,3500,5100,1674,1325,73401,25955,11079,3431,12209,6860,59534,2664,1238,Low,0.8110788681353115,0.03629378346344055,0.016866255228130407,0.04674323238103023
EMP08419,Monika Fernandes,25,2,Customer Support,36906,179,2214,750,1830,31933,0,2586,0,1820,1430,5836,13536,2615,High,0.18275764882723203,0.42388751448344975,0.081890207622209,0.0
EMP08420,Monika Purohit,56,25,Finance,117111,7567,7027,2344,1368,98805,26648,10927,4598,8344,6635,57152,17803,4565,Medium,0.5784322655736046,0.18018318910986286,0.04620211527756692,0.04653610647234452
EMP08421,Pallavi Reema Kapoor,50,25,Product Management,208066,27420,12484,2768,1275,164119,48531,27638,10147,22154,14347,122817,7046,3731,Low,0.7483411427074257,0.04293226256557742,0.0227335043474552,0.0618270888806293
EMP08422,Vihaan Bohra,28,7,HR,48139,740,2888,1018,1546,41947,10337,6891,4499,3313,3132,28172,6167,1876,Medium,0.6716094118768923,0.14701885712923451,0.044723102963263164,0.10725439244761246
EMP08423,Neha Rawat,57,36,Customer Support,60000,1333,3600,1622,1935,51510,0,9067,17390,3246,2424,32127,7544,1851,Low,0.6237041351193943,0.1464569986410406,0.035934769947582997,0.33760434867016115
EMP08424,Shubham Swain,38,9,HR,51096,888,3066,1010,1312,44820,0,6176,0,2164,2284,10624,15717,3963,High,0.23703703703703705,0.350669344042838,0.08842034805890228,0.0
EMP08425,Arjun Rashmi Suri,38,14,Marketing,80073,3007,4804,2010,1884,68368,0,9769,19723,3690,4505,37687,13745,2557,Low,0.5512374210156799,0.2010443482330915,0.037400538263515096,0.2884829159840861
EMP08426,Mayank Ghosh,38,14,Data Science,134041,10142,8042,3199,1266,111392,33750,15147,13244,11493,7529,81163,12079,3369,Low,0.7286250359092215,0.10843687158862396,0.030244541798333812,0.11889543234702672
EMP08427,Payal Malhotra,24,3,Marketing,53071,987,3184,1191,1297,46412,0,8366,0,3131,2353,13850,14588,3805,High,0.2984142032233043,0.3143152632939757,0.08198310781694389,0.0
EMP08428,Arjun Bhatia,55,31,Customer Support,60000,1333,3600,1266,1173,52628,0,6486,18273,3269,2474,30502,5283,8311,Medium,0.579577411263966,0.10038382610017481,0.15791973854222088,0.34721061032150186
EMP08429,Ayaan Kapoor,59,36,Operations,95000,4500,5700,1643,1158,81999,21727,14407,7309,4336,4632,52411,11528,4279,Medium,0.6391663312967232,0.14058708033024794,0.05218356321418554,0.08913523335650435
EMP08430,Shivam Ghosh,50,15,Customer Support,52376,952,3143,936,1025,46320,10615,7365,0,3446,2344,23770,8750,3419,Medium,0.5131692573402418,0.18890328151986183,0.0738126079447323,0.0
EMP08431,Vidhi Das,49,23,Operations,90154,4015,5409,1733,1553,77444,0,12122,17639,4286,4388,38435,15176,4807,Medium,0.49629409637931926,0.19596095243014308,0.062070657507360155,0.2277645782759155
EMP08432,Divya D'Souza,44,27,Marketing,90000,4000,5400,1394,2434,76772,21783,11445,0,10552,5874,49654,6697,2434,Medium,0.6467722607200542,0.08723232428489554,0.03170426718074298,0.0
EMP08433,Rishabh Nair,56,34,Finance,130000,9500,7800,3964,1599,107137,27694,12212,0,10459,5048,55413,18978,7648,Medium,0.5172162744896721,0.17713768352669945,0.0713852357262197,0.0
EMP08434,Sonia Mukherjee,49,24,Operations,93113,4311,5587,2199,1812,79204,0,11254,22890,7832,7282,49258,4160,3312,Low,0.6219130346952174,0.0525225998686935,0.04181606989545983,0.2890005555274986
EMP08435,Riya Verma,53,32,IT,150000,13333,9000,3491,1265,122911,0,13359,7021,6699,8020,35099,2785,3815,Medium,0.2855643514412868,0.02265867172181497,0.031038719073150492,0.057122633450220076
EMP08436,Nandini Agarwal,35,6,Product Management,139762,11286,8386,3837,916,115337,32023,14607,0,12315,5460,64405,21513,6393,Medium,0.5584071026643662,0.18652297181303484,0.055428873648525626,0.0
EMP08437,Varun Pawar,32,11,Data Science,127976,9196,7679,3417,1870,105814,0,9908,0,8867,3674,22449,23201,32099,High,0.2121552913603115,0.21926210142325211,0.3033530534711853,0.0
EMP08438,Mayank Mittal,48,23,Sales,80604,3060,4836,1765,2226,68717,4031,11765,0,3721,4339,23856,21198,3878,High,0.34716300187726473,0.30848261711075864,0.056434361220658646,0.0
EMP08439,Sakshi Chaudhary,48,24,Finance,125950,8892,7557,3898,771,104832,0,15283,36071,2525,3099,56978,28309,2951,Medium,0.5435172466422467,0.27004159035409037,0.028149801587301588,0.34408386752136755
EMP08440,Tanvi Srivastava,30,6,Sales,57333,1200,3440,753,1789,50151,0,7974,10399,8409,5351,32133,4180,2132,Low,0.6407250104683855,0.08334828816972742,0.04251161492293274,0.20735379154952044
EMP08441,Mansi Aarav Bagri,38,14,IT,121506,8226,7290,3696,1517,100777,23595,15637,5482,6142,5920,56776,16225,4233,Medium,0.5633825178364111,0.1609990374787898,0.04200363178106115,0.05439733272472886
EMP08442,Varun Roy,39,18,Finance,107961,6194,6478,3905,2231,89153,0,13590,0,4634,4498,22722,26238,8320,High,0.2548652316803697,0.2943030520565769,0.09332271488340269,0.0
EMP08443,Avantika Dubey,36,17,Customer Support,50696,868,3042,796,1546,44444,0,6829,0,2081,1167,10077,19852,2731,High,0.22673476734767348,0.44667446674466743,0.06144811448114481,0.0
EMP08444,Dev Arora,38,14,Marketing,76191,2619,4571,1961,1722,65318,0,10675,21049,9437,5849,47010,2386,1998,Low,0.7197097277932576,0.0365289812915276,0.03058881165987936,0.3222542025169172
EMP08445,Ashish Khurana,43,17,Finance,108619,6293,6517,2738,2295,90776,0,17402,29070,5907,4099,56478,12064,3398,Low,0.6221688552040187,0.13289856349695955,0.03743280162157398,0.3202388296466026
EMP08446,Ankit Harsh Bose,57,31,Sales,85000,3500,5100,2091,1908,72401,0,7888,15183,4698,2811,30580,28498,2408,Medium,0.4223698567699341,0.3936133478819353,0.03325920912694576,0.20970704824519
EMP08447,Priya Pillai,23,0,IT,80000,3000,4800,2015,1229,68956,15836,6563,0,5561,2367,30327,12159,10848,High,0.43980219270259296,0.17632983351702536,0.15731770984395846,0.0
EMP08448,Dhruv Swain,34,7,HR,47290,698,2837,1155,1845,40755,10823,5304,0,3344,2126,21597,1627,150,Medium,0.5299227088700773,0.039921482026745184,0.00368052999631947,0.0
EMP08449,Aman Banerjee,41,18,Sales,74879,2488,4493,2095,1591,64212,0,10138,11882,4328,3824,30172,13331,4547,Medium,0.46988101912415126,0.20760916962561515,0.0708123092256899,0.1850432940883324
EMP08450,Ishaan Solanki,37,12,Data Science,126641,8996,7598,3954,1708,104385,9096,13141,0,3767,5186,31190,49115,4006,High,0.2987977199789242,0.470517794702304,0.0383771614695598,0.0
EMP08451,Parth Swain,60,26,Sales,85000,3500,5100,1758,1202,73440,12475,7230,0,4573,1899,26177,26575,5028,High,0.35644063180827884,0.36186002178649235,0.0684640522875817,0.0
EMP08452,Pankaj Varun Mukherjee,29,5,Data Science,104188,5628,6251,2643,1511,88155,23443,11808,15308,7625,3949,62133,12624,2717,Low,0.7048153819976178,0.1432023141058363,0.030820713515966196,0.17364868697181102
EMP08453,Manish Sahu,31,11,Cyber Security,126097,8915,7566,3806,1057,104753,22794,16358,1435,4201,2688,47476,28891,4483,Medium,0.4532185235745038,0.2758011703722089,0.042795910379655,0.013698891678519946
EMP08454,Yuvraj Shukla,46,23,IT,146403,12614,8784,3145,1151,120709,0,16697,41103,6327,5150,69277,13884,16810,Medium,0.573917437804969,0.1150204210125177,0.13926053566842572,0.340513134894664
EMP08455,Akash Sabharwal,49,23,Sales,81650,3165,4899,1205,1355,71026,0,13603,0,2017,3410,19030,202,2527,Medium,0.2679300537831217,0.0028440289471461156,0.035578520541773434,0.0
EMP08456,Ishita Pawar,33,6,HR,52087,938,3125,916,1128,45980,11282,7368,0,2412,2101,23163,9030,2762,Medium,0.5037625054371466,0.19638973466724663,0.06006959547629404,0.0
EMP08457,Sumit Soni,50,26,IT,143829,12099,8630,3744,1533,117823,0,13205,8107,7336,3031,31679,58628,4667,High,0.2688694058036207,0.4975938483997182,0.03961026285190498,0.06880659973010363
EMP08458,Trisha Khurana,36,15,Sales,71881,2188,4313,1470,1842,62068,18578,9216,0,7906,5292,40992,3587,3102,Medium,0.6604369401301798,0.05779145453373719,0.04997744409357479,0.0
EMP08459,Harsh Deshmukh,55,28,Operations,95000,4500,5700,2058,1135,81607,0,11462,0,3808,3492,18762,21962,24474,High,0.2299067481956205,0.2691190706679574,0.2999007438087419,0.0
EMP08460,Aditya Bedi,24,1,Data Science,97424,4742,5845,1373,1962,83502,19568,9116,0,8171,4871,41726,17327,5581,Medium,0.4997006059735096,0.20750401187995496,0.06683672247371321,0.0
EMP08461,Aman Banerjee,33,10,Sales,61534,1410,3692,2088,2279,52065,0,9123,16192,2390,1789,29494,6683,8871,Medium,0.5664842024392586,0.12835878229136657,0.1703831748775569,0.31099587054643235
EMP08462,Monika Porwal,26,5,Finance,79980,2998,4799,1501,1471,69211,20800,11376,0,8438,4694,45308,3286,3330,Low,0.6546358237852364,0.047478002051696985,0.04811373914551155,0.0
EMP08463,Rishabh Ahuja,41,25,HR,67479,1748,4049,2028,967,58687,12011,6857,5655,5187,2257,31967,11211,3875,Medium,0.5447032562577743,0.19103038151549748,0.06602825157189837,0.09635864842298976
EMP08464,Harsh Mayank Shukla,50,23,Finance,121229,8184,7274,3910,2232,99629,0,9775,20534,8747,4143,43199,18856,16214,Medium,0.4335986509951922,0.18926216262333256,0.16274377942165433,0.20610464824498892
EMP08465,Rajat Kumawat,59,38,Marketing,90000,4000,5400,2079,1707,76814,0,9465,26078,3377,4414,43334,7961,10439,Low,0.5641419532897649,0.10363996146535788,0.1358997057828,0.3394954044835577
EMP08466,Pankaj Rathore,22,0,HR,40000,333,2400,1187,2114,33966,0,4827,3159,3869,1436,13291,8187,2230,Medium,0.39130306777365603,0.24103515279985868,0.06565388918330095,0.09300476947535771
EMP08467,Gaurav Porwal,44,19,Sales,72052,2205,4323,1710,1284,62530,0,6737,19084,9202,3945,38968,3775,3276,Low,0.6231888693427154,0.06037102190948345,0.052390852390852394,0.3051975051975052
EMP08468,Kavya Aditya Mundra,22,3,Sales,48628,765,2918,959,1717,42269,0,4409,0,8500,3268,16177,4610,3293,Medium,0.38271546523456906,0.10906337978187323,0.07790579384418841,0.0
EMP08469,Sneha Goel,44,18,IT,123199,8480,7392,2481,1944,102902,0,15557,23062,5623,5138,49380,25129,4718,Medium,0.4798740549260461,0.24420322248352802,0.04584944899030145,0.22411614934597968
EMP08470,Prachi Chopra,38,13,IT,113836,7075,6830,2971,2089,94871,0,15724,26515,7343,6170,55752,19462,4191,Medium,0.5876611398636042,0.20514171875494092,0.04417577552676793,0.27948477406162053
EMP08471,Mayank Purohit,39,8,Operations,65496,1608,3930,2091,1241,56626,0,10445,15677,3373,3689,33184,8516,3565,Medium,0.5860205559283721,0.15039028008335395,0.06295694557270512,0.2768516229293964
EMP08472,Ishaan Jindal,46,15,Marketing,75453,2545,4527,1412,2011,64958,0,8132,15559,6391,2996,33078,12469,3312,Medium,0.5092213430216448,0.19195480156408756,0.05098679146525447,0.2395240001231565
EMP08473,Sakshi Khandelwal,34,11,Finance,94150,4415,5649,2188,2145,79753,0,12892,0,3389,3469,19750,33834,4345,High,0.24763958722555893,0.42423482502225623,0.05448070918962296,0.0
EMP08474,Priya Swain,36,13,Sales,66381,1652,3983,1376,1497,57873,0,10989,13653,4396,3453,32491,9318,2724,Medium,0.5614189691220431,0.1610077238090301,0.04706858120367011,0.2359131201078223
EMP08475,Sonali Shukla,48,17,HR,60282,1347,3617,1590,1429,52299,15812,7630,8246,1385,2501,35574,1656,111,Low,0.6802042104055527,0.03166408535536052,0.0021224115183846727,0.15767031874414425
EMP08476,Saloni Kulkarni,42,23,IT,140734,11480,8444,2904,1083,116823,9112,14362,7908,2210,4929,38521,45279,6621,Medium,0.3297381508778237,0.38758634857861896,0.05667548342364089,0.06769214966230964
EMP08477,Deepak Jadhav,36,18,Sales,73754,2375,4425,1648,1819,63487,15868,10062,0,3484,3395,32809,12243,3914,Medium,0.5167829634413345,0.19284262919967868,0.061650416620725505,0.0
EMP08478,Vihaan Ishaan Behera,58,27,HR,70000,2000,4200,1924,2173,59703,20180,10966,5476,7627,5083,49332,2009,1205,Low,0.8262901361740616,0.033649900340016414,0.02018324037318058,0.09172068405272767
EMP08479,Nisha Mohanty,26,3,Sales,49188,793,2951,923,918,43603,0,5067,10381,2415,2009,19872,13576,1865,Medium,0.4557484576749306,0.3113547232988556,0.04277228631057496,0.23807994862738802
EMP08480,Rohit Gill,23,3,IT,91621,4162,5497,1324,1688,78950,8855,8888,0,4858,4054,26655,133,372,Medium,0.3376187460417986,0.0016846105129829005,0.004711842938568714,0.0
EMP08481,Dev Harsh Wadhwa,49,21,Sales,77675,2768,4660,1221,1170,67856,0,10796,18116,4874,4191,37977,13396,3927,Low,0.5596704786606932,0.19741806177788257,0.05787255364300872,0.2669771280358406
EMP08482,Yash Seth,31,5,Marketing,57970,1232,3478,1116,1485,50659,14885,9921,0,4015,2353,31174,8614,2660,Medium,0.6153694309007284,0.17003888746323456,0.05250794528119387,0.0
EMP08483,Sanya Chatterjee,58,38,Finance,130000,9500,7800,3565,1379,107756,0,14932,0,17336,8361,40629,12851,5602,Medium,0.3770462897657671,0.11926018040758751,0.051987824343888045,0.0
EMP08484,Abhishek Vivaan Sahu,25,3,HR,43458,506,2607,1076,1002,38267,0,3724,4930,2780,2037,13471,2136,964,Low,0.35202655029137375,0.05581832910863146,0.025191418193221314,0.1288316303864949
EMP08485,Abhishek Bhatia,28,4,Marketing,55220,1094,3313,835,1625,48353,8774,3927,1145,3033,2009,18888,15223,2929,Medium,0.39062726201063014,0.3148305172378136,0.0605753520981118,0.023680019853990444
EMP08486,Ravi Shetty,28,4,Sales,50028,835,3002,1123,2152,42916,9898,6703,4498,793,2815,24707,1066,609,Low,0.5757060303849381,0.024839220803429957,0.014190511697269084,0.10480939509739957
EMP08487,Rajat Ahuja,40,15,IT,120385,8058,7223,2339,1467,101298,22848,14568,0,5544,4653,47613,19819,5154,Medium,0.47002902327785345,0.1956504570672669,0.05087958301249778,0.0
EMP08488,Yash Seth,31,12,Sales,63822,1524,3829,2108,1299,55062,0,5961,3121,11384,4264,24730,6718,4317,Medium,0.44913007155570084,0.12200791834659111,0.07840252805927864,0.05668155896988849
EMP08489,Aarav Porwal,54,22,IT,130922,9638,7855,3374,2272,107783,0,19978,21493,7152,6151,54774,21103,5036,Medium,0.5081877476039821,0.19579154412105806,0.04672350927326202,0.19940992549845524
EMP08490,Amit Reddy,54,24,Customer Support,58829,1275,3530,722,2009,51293,11325,7384,2347,3172,3213,27441,10532,3150,Medium,0.5349852806425828,0.20533016201041077,0.061411888561792055,0.04575673093794475
EMP08491,Ishaan Khanna,45,28,Operations,95000,4500,5700,2126,1619,81055,24432,13924,0,14178,5695,58229,3756,1958,Low,0.7183887483807291,0.046338905681327494,0.024156436987230894,0.0
EMP08492,Aisha Khurana,24,2,Data Science,94804,4480,5688,1664,1121,81851,18568,12539,0,5939,3531,40577,15035,4994,Medium,0.4957422633810216,0.18368743204114793,0.0610133046633517,0.0
EMP08493,Prachi Khandelwal,44,17,IT,124688,8703,7481,3370,1472,103662,0,15284,22897,5992,3271,47444,16006,18765,Medium,0.45767976693484597,0.1544056645636781,0.1810210105921167,0.2208813258474658
EMP08494,Sanya Pawar,27,6,IT,92796,4280,5568,1225,1192,80531,23308,11618,13157,9323,7851,65257,3530,2291,Low,0.810333908681129,0.04383405148327973,0.02844867193999826,0.16337807800722703
EMP08495,Komal Ahuja,23,2,Finance,70159,2016,4210,1459,2243,60231,5091,8520,0,4989,2673,21273,16099,4062,High,0.3531902176620013,0.2672876093705899,0.06744035463465657,0.0
EMP08496,Reema Purohit,39,12,Sales,60660,1366,3640,1548,1409,52697,0,5997,17344,3041,2878,29260,6509,9657,Medium,0.555249824468186,0.1235174677875401,0.18325521376928477,0.32912689526918043
EMP08497,Vihaan Pawar,27,7,Marketing,64449,1556,3867,1337,2230,55459,13559,7666,0,2642,2740,26607,6701,12660,Medium,0.47975982257162947,0.1208279990623704,0.22827674498278008,0.0
EMP08498,Preeti Soni,46,17,Customer Support,50334,850,3020,823,1511,44130,0,6866,13935,1576,1873,24250,779,606,Low,0.5495128030818037,0.01765239066394743,0.013732154996600951,0.3157715839564922
EMP08499,Komal Swain,59,24,Data Science,159900,15313,9594,3448,1457,130088,31645,19162,6543,15151,7267,79768,20543,5005,Medium,0.6131849209765697,0.15791617981673944,0.0384739560912613,0.05029672221880573
EMP08500,Trisha Soni,49,27,Sales,84433,3443,5066,2142,1628,72154,22303,11668,0,10698,6042,50711,3585,1940,Low,0.7028161986861435,0.049685395127089284,0.026886936275189177,0.0
EMP08501,Vihaan Arjun Chopra,27,2,IT,80000,3000,4800,2125,1640,68435,18022,8880,0,3116,3355,33373,11563,11922,High,0.4876598231898882,0.16896324979907942,0.17420910352889604,0.0
EMP08502,Dhruv Ritika Shinde,46,26,Operations,95000,4500,5700,1224,1885,81691,0,15495,22674,4829,5053,48051,13068,5047,Medium,0.5882043309544503,0.15996866239855065,0.061781591607398614,0.2775581153370628
EMP08503,Shubham Gill,52,34,HR,70000,2000,4200,1938,1459,60403,16380,10459,0,4380,4466,35685,9349,3353,Medium,0.590781914805556,0.15477708060857903,0.05551048788967435,0.0
EMP08504,Karan Swati Thomas,54,31,Marketing,90000,4000,5400,1700,1288,77612,0,11336,19084,3896,4370,38686,11975,15868,Medium,0.49845384734319437,0.15429315054373036,0.20445291965160026,0.24588981085399164
EMP08505,Nisha Patel,59,38,IT,150000,13333,9000,2732,1880,123055,6652,19651,0,6753,7420,40476,34768,10094,High,0.32892608995977407,0.2825403274958352,0.0820283613018569,0.0
EMP08506,Abhishek Sumit Rajput,35,8,Cyber Security,124209,8631,7453,3521,1697,102907,20745,9918,0,6265,3478,40406,34403,5016,Medium,0.3926457869727035,0.3343115628674434,0.04874303983208139,0.0
EMP08507,Aman Bansal,55,34,Marketing,90000,4000,5400,2135,1287,77178,0,13389,15355,5290,3243,37277,16853,3628,Medium,0.48300033688356786,0.21836533727227966,0.04700821477623157,0.198955660939646
EMP08508,Shreya Bhardwaj,58,31,IT,150000,13333,9000,2683,1553,123431,30704,20148,0,5918,4010,60780,18100,25823,High,0.4924208667190576,0.1466406332282814,0.2092100039698293,0.0
EMP08509,Mansi Bose,35,12,IT,109809,6471,6589,2250,2358,92141,27206,14242,0,14971,8465,64884,6707,3566,Low,0.7041816346686057,0.07279061438447597,0.038701555225144076,0.0
EMP08510,Yash Mayank Bedi,57,37,Finance,130000,9500,7800,3573,1425,107702,26230,15898,11427,7694,6925,68174,17895,4447,Medium,0.6329873168557687,0.1661529033815528,0.04128985534159069,0.10609830829511058
EMP08511,Vidhi Bajaj,33,9,Marketing,66311,1649,3979,1594,1503,57586,13288,9325,2123,3114,2332,30182,13420,2867,Medium,0.5241204459417219,0.23304275344701839,0.04978640641822665,0.03686659952071684
EMP08512,Hemant Sabharwal,54,24,Operations,95000,4500,5700,1436,1544,81820,0,12589,16976,2727,3396,35688,2927,133,Low,0.4361769738450257,0.035773649474456125,0.001625519432901491,0.20747983378147153
EMP08513,Jyoti Pradhan,27,5,Cyber Security,113995,7099,6840,2437,2029,95590,0,13157,27809,3041,3402,47409,29118,4441,Medium,0.4959619207030024,0.3046134532900931,0.04645883460613035,0.2909195522544199
EMP08514,Mohit Sandhu,30,4,Finance,74709,2471,4483,1574,1938,64243,14708,7562,4260,2630,1871,31031,19511,3214,High,0.4830253879800134,0.30370624036860044,0.05002879691172579,0.0663107264604704
EMP08515,Neha Yadav,53,24,HR,69603,1960,4176,1604,1515,60348,14175,7933,0,6324,3485,31917,13587,2571,Medium,0.5288824816066813,0.2251441638496719,0.04260290316166236,0.0
EMP08516,Shruti Sahu,42,23,IT,141013,11536,8461,2893,2163,115960,0,17263,0,5272,5414,27949,31438,9537,High,0.24102276647119697,0.27111072783718526,0.08224387719903414,0.0
EMP08517,Namrata Jadhav,26,5,Finance,81721,3172,4903,2000,1396,70250,19506,10557,3399,2151,5193,40806,493,944,Low,0.5808683274021352,0.00701779359430605,0.013437722419928825,0.04838434163701068
EMP08518,Prachi Bedi,47,25,Product Management,210860,28258,12652,2916,1542,165492,39045,20621,0,6682,4835,71183,48790,10744,High,0.4301295530901796,0.2948178763928166,0.06492156720566553,0.0
EMP08519,Kavya Banerjee,38,10,HR,52530,960,3152,922,950,46546,9378,7446,0,2466,1587,20877,17496,1746,High,0.4485240407338976,0.3758862200833584,0.03751127916469729,0.0
EMP08520,Arjun Rajput,31,11,Sales,61450,1406,3687,1272,1024,54061,14305,9293,5762,1597,3333,34290,984,839,Low,0.6342834945709477,0.01820166108655038,0.015519505743511958,0.10658330404543016
EMP08521,Rashmi Bagri,47,15,Sales,69781,1978,4187,1816,1593,60207,15872,7611,0,8425,4243,36151,5784,3641,Medium,0.600445130964838,0.09606856345607653,0.06047469563339811,0.0
EMP08522,Sumit Chaudhary,55,38,Operations,95000,4500,5700,1721,2214,80865,0,12863,19338,4082,2772,39055,26836,3002,Medium,0.4829654362208619,0.3318617448834477,0.0371236010635009,0.23913930625115934
EMP08523,Mayank Ashish Banerjee,48,20,IT,129084,9363,7745,3988,1593,106395,31114,18502,0,6409,5277,61302,16295,4984,Medium,0.5761736923727618,0.15315569340664506,0.04684430659335495,0.0
EMP08524,Atharv Khurana,47,15,Finance,100925,5139,6056,3506,1378,84846,17774,12486,0,2363,3012,35635,26266,4236,Medium,0.41999622846097634,0.30957263748438346,0.04992574782547203,0.0
EMP08525,Megha Swain,38,18,Marketing,81213,3121,4873,1438,1134,70647,0,10305,18400,10534,5347,44586,5160,3106,Low,0.6311096012569536,0.0730391948702705,0.043965065749430265,0.2604498421730576
EMP08526,Sonali Jadhav,23,0,HR,40000,333,2400,765,1149,35353,0,4381,0,2979,1828,9188,10158,3989,High,0.2598930783809012,0.28733063672107034,0.1128334229061183,0.0
EMP08527,Saloni Wadhwa,59,28,HR,70000,2000,4200,1369,1232,61199,0,8151,11877,1813,1502,23343,22815,2827,Medium,0.38142780110786123,0.37280020915374434,0.04619356525433422,0.19407179855879997
EMP08528,Pankaj Khurana,39,15,Operations,82817,3282,4969,1866,1621,71079,7448,7064,0,4644,2984,22140,4571,1993,Medium,0.31148440467648675,0.06430872690949507,0.028039223962070373,0.0
EMP08529,Kunal Srivastava,35,7,Sales,59736,1320,3584,731,1616,52485,11129,7720,0,1854,2062,22765,19178,2147,High,0.4337429741830999,0.3653996379918072,0.040906925788320475,0.0
EMP08530,Aditya Sonali Ghosh,40,17,Marketing,81684,3168,4901,1622,1903,70090,0,10729,0,10378,6305,27412,6862,6504,Medium,0.3910971607932658,0.09790269653302897,0.09279497788557568,0.0
EMP08531,Jyoti Mishra,42,20,Customer Support,54235,1045,3254,1005,1981,46950,0,6097,15827,6090,3288,31302,2596,1760,Low,0.6667092651757188,0.05529286474973376,0.037486687965921195,0.33710330138445155
EMP08532,Saurabh Saini,42,19,Sales,77680,2768,4661,2115,1417,66719,14231,7005,0,5127,4168,30531,17564,4417,High,0.4576057794631215,0.2632533461232932,0.06620303062096254,0.0
EMP08533,Vivaan Tiwari,46,15,Marketing,77771,2777,4666,1369,1279,67680,18765,10368,0,11129,6389,46651,2554,2670,Low,0.6892878250591017,0.03773640661938534,0.03945035460992908,0.0
EMP08534,Trisha Rajput,57,29,Data Science,170000,17500,10200,2775,1821,137704,31369,20688,0,4437,7189,63683,42603,7747,High,0.4624629640388079,0.3093809911113693,0.05625835124615117,0.0
EMP08535,Ananya Ahuja,60,24,Sales,85000,3500,5100,1324,1027,74049,0,12233,20550,11909,5535,50227,3617,3765,Low,0.6782941025537145,0.04884603438263852,0.05084471093465138,0.27751894016124456
EMP08536,Nikita Singh,42,23,Sales,77730,2773,4664,1746,1061,67486,0,12167,21543,11154,6505,51369,2489,2394,Low,0.7611800966126308,0.03688172361675014,0.03547402424206502,0.31922176451412143
EMP08537,Dhruv Yash Khurana,38,16,Operations,83701,3370,5022,1256,1667,72386,19320,11147,0,4354,4926,39747,12780,4532,Medium,0.5490978918575415,0.17655347719172215,0.0626087917553118,0.0
EMP08538,Divya Mittal,29,2,Customer Support,39590,313,2375,1090,2049,33763,9156,3402,0,5685,2917,21160,1851,1732,Low,0.6267215591031603,0.054823327310961706,0.05129875899653467,0.0
EMP08539,Pallavi Vivek Agarwal,39,15,Marketing,75606,2561,4536,1265,2080,65164,22770,7467,0,9783,5088,45108,4462,2766,Low,0.6922226996501135,0.06847339021545638,0.04244674973911976,0.0
EMP08540,Vidhi Mishra,54,37,HR,70000,2000,4200,1448,1191,61161,0,9319,19573,1891,4894,35677,1999,472,Low,0.5833292457611877,0.03268422687660437,0.007717336210984124,0.3200241984271022
EMP08541,Diya Kavya Narang,52,25,HR,67849,1785,4071,1232,1223,59538,0,8399,17867,2454,1182,29902,19506,2251,Medium,0.5022338674460008,0.3276226947495717,0.03780778662366892,0.30009405757667373
EMP08542,Saloni Narang,60,31,Cyber Security,180000,20000,10800,3028,1913,144259,0,20488,47422,5433,6157,79500,44361,4566,Medium,0.5510921328998537,0.3075094101581184,0.03165140476504066,0.3287281902688914
EMP08543,Atharv Dubey,44,25,IT,148254,12984,8895,3398,1976,121001,0,20120,42133,14270,12066,88589,3348,4090,Low,0.7321344451698746,0.027669192816588292,0.03380137354236742,0.3482037338534392
EMP08544,Harsh Gupta,54,37,Sales,85000,3500,5100,1479,1082,73839,0,10164,0,1432,2013,13609,33134,5222,Medium,0.18430639634881296,0.4487330543479733,0.07072143447229784,0.0
EMP08545,Reema Sharma,56,32,Marketing,90000,4000,5400,2026,1268,77306,6354,10081,8655,4221,2880,32191,18846,5126,Medium,0.4164101104700799,0.24378444105244096,0.06630791917833027,0.11195767469536647
EMP08546,Payal Sabharwal,23,3,Sales,53864,1027,3232,992,927,47686,0,6043,2970,9623,3597,22233,4979,2923,Medium,0.4662374701170155,0.10441219645178879,0.06129681667575389,0.062282430902151575
EMP08547,Vivek Saxena,43,15,Product Management,174197,18549,10452,2968,1292,140936,0,13624,36771,12370,6403,69168,19896,28616,Medium,0.490775955043424,0.14117046035079753,0.2030425157518306,0.26090565930635184
EMP08548,Atharv Ghosh,49,18,Sales,72715,2272,4363,1638,2257,62185,19796,10199,11119,10092,5587,56793,1162,549,Low,0.9132909865723245,0.018686178338827693,0.008828495617914288,0.17880517809761196
EMP08549,Kavya Khandelwal,51,30,Finance,130000,9500,7800,3834,1454,107412,0,14471,26488,12347,6960,60266,20163,6136,Medium,0.5610732506610062,0.1877164562618702,0.05712583324023387,0.24660186943730683
EMP08550,Tanvi Pandey,28,6,Sales,54828,1075,3290,1175,1884,47404,10272,6502,4145,3492,1952,26363,10412,2242,Medium,0.5561345034174331,0.21964391190616825,0.0472955868703063,0.08743987849126655
EMP08551,Sumit Aisha Saxena,32,9,Marketing,66962,1696,4018,1242,1386,58620,4594,5512,0,3065,2484,15655,2040,190,Medium,0.2670590242238144,0.03480040941658137,0.0032412146025247355,0.0
EMP08552,Diya Jadhav,56,30,Marketing,90000,4000,5400,1713,2099,76788,17869,12843,2920,5025,4694,43351,16365,2702,Medium,0.5645543574516851,0.21311923738084076,0.03518778975881648,0.03802677501692973
EMP08553,Palak Deshmukh,35,9,Data Science,116647,7497,6999,2643,2187,97321,24057,12002,0,7376,3646,47081,14861,17176,High,0.48377020375869545,0.15270085593037475,0.17648811664491734,0.0
EMP08554,Parth Chauhan,23,2,IT,82100,3210,4926,1934,1067,70963,14503,7817,9731,5571,3262,40884,10125,8890,Medium,0.5761312233135578,0.14267998816284544,0.12527655256964898,0.13712779899384187
EMP08555,Sneha Jyoti Parmar,28,2,Customer Support,38134,240,2288,1175,1844,32587,8176,4937,0,898,2179,16190,937,227,Medium,0.4968238868260349,0.028753797526621046,0.006965968024058674,0.0
EMP08556,Manish Naidu,50,18,Operations,81196,3120,4872,2121,1792,69291,0,12114,15267,1838,4330,33549,2783,787,Low,0.48417543403905267,0.040163946255646475,0.011357896407902902,0.2203316448023553
EMP08557,Siddharth Mittal,52,24,IT,139366,11207,8362,2888,1996,114913,0,16004,0,5368,5589,26961,37322,8800,High,0.23462097412825356,0.32478483722468304,0.07657967331807541,0.0
EMP08558,Kartik Tanvi Bansal,24,1,Marketing,50000,833,3000,1114,1577,43476,13882,5921,3047,8057,2908,33815,2371,809,Low,0.7777854448431318,0.0545358358634649,0.018607967614315945,0.07008464440150888
EMP08559,Abhishek Kohli,29,5,Marketing,58939,1280,3536,861,1851,51411,11011,8603,0,2680,2547,24841,16668,1851,Medium,0.4831845324930462,0.32421077201377135,0.036003968022407656,0.0
EMP08560,Sneha Mittal,50,21,Sales,78512,2851,4711,1261,2021,67668,0,11403,13275,2540,4827,32045,2666,1088,Medium,0.4735620972985754,0.0393982384583555,0.016078500916238105,0.19617840042560739
EMP08561,Shubham Ghosh,38,11,Operations,72829,2283,4370,1807,2064,62305,0,9705,3552,4031,3757,21045,19578,4321,High,0.33777385442580854,0.3142283925848648,0.06935237942380226,0.05700987079688628
EMP08562,Saurabh Mittal,39,16,Product Management,173713,18428,10423,2775,2453,139634,26115,22453,0,7124,5134,60826,44232,5254,High,0.4356102381941361,0.31677098700889467,0.037626938997665324,0.0
EMP08563,Vaishnavi Shinde,39,18,Operations,82642,3264,4959,2045,1385,70989,0,10953,17335,2993,3067,34348,1917,1466,Low,0.48384961050303565,0.02700418374677767,0.02065108678809393,0.24419276225894151
EMP08564,Saurabh Chauhan,28,7,Sales,52627,965,3158,824,1346,46334,0,7327,10810,1217,2410,21764,1152,1063,Low,0.4697198601458972,0.02486295161220702,0.02294211594077783,0.23330599559718565
EMP08565,Saurabh Yuvraj Agarwal,22,3,Data Science,100340,5051,6020,3787,1742,83740,16497,8873,0,7601,3332,36303,9732,22314,High,0.43352042034869837,0.11621686171483162,0.26646763792691663,0.0
EMP08566,Megha Deshmukh,32,11,IT,104125,5619,6248,3645,1752,86861,0,14745,26178,6340,2982,50245,9783,13720,Medium,0.5784529305442028,0.11262822210197902,0.15795351193285825,0.3013780638030877
EMP08567,Priya Shetty,45,21,Data Science,151831,13700,9110,2801,1332,124888,0,15232,37276,19812,11231,83551,7107,4203,Low,0.6690074306578695,0.05690698866184101,0.033654154122093397,0.298475433988854
EMP08568,Ritika Chatterjee,44,16,Data Science,142613,11856,8557,3839,2106,116255,9602,19217,23639,20520,9697,82675,4869,4606,Low,0.711152208507161,0.0418820695884048,0.03961980129886886,0.20333749086060815
EMP08569,Simran Komal Chaudhary,56,33,HR,70000,2000,4200,1808,2273,59719,13039,7854,0,2536,2786,26215,20850,2283,Medium,0.4389725213081264,0.3491351161271957,0.03822903933421524,0.0
EMP08570,Dhruv Nagpal,40,18,HR,62915,1479,3775,1312,2223,54126,5980,7914,6252,3225,3293,26664,13088,2758,Medium,0.49262831171710453,0.24180615600635555,0.05095517865720726,0.11550825850792595
EMP08571,Khushi Chaudhary,29,5,IT,92638,4264,5558,1502,1930,79384,0,11322,26412,3753,4088,45575,11931,4879,Medium,0.5741081326211831,0.15029476972689712,0.06146074775773456,0.3327118814874534
EMP08572,Krishna Ahuja,46,18,Operations,85083,3508,5105,2007,2093,72370,15253,5967,10992,4227,1882,38321,20732,2135,Medium,0.5295149924001659,0.286472295149924,0.029501174519828657,0.15188614066602182
EMP08573,Sakshi Gupta,51,34,Marketing,90000,4000,5400,1809,1976,76815,0,11983,15547,4767,3265,35562,17284,4834,Medium,0.46295645381761374,0.22500813643168652,0.06293041723621688,0.20239536548851136
EMP08574,Ravi Trivedi,33,8,Marketing,59732,1320,3584,1179,2238,51411,13676,8619,3705,2938,2791,31729,7405,2836,Medium,0.6171636420221354,0.14403532317986423,0.05516329190251114,0.07206628931551613
EMP08575,Sonia Rajput,34,8,Finance,87344,3734,5241,1824,1030,75515,24707,10881,9335,10596,5502,61021,3256,1826,Low,0.8080646229225982,0.043117261471230885,0.024180626365622723,0.12361782427332318
EMP08576,Tushar Mukherjee,57,27,Product Management,206306,26892,12378,3748,1196,162092,0,28225,47826,9973,10968,96992,27163,7421,Medium,0.5983762307825186,0.16757767193939244,0.04578264195641981,0.29505466031636357
EMP08577,Ravi Roy,54,25,Operations,95000,4500,5700,1806,2299,80695,0,14331,19292,3609,6453,43685,2091,1550,Low,0.5413594398661628,0.025912386145362166,0.019208129376045605,0.23907305285333663
EMP08578,Ayush Saini,29,3,Data Science,103787,5568,6227,3275,1680,87037,24225,13701,0,5201,4543,47670,17923,4380,Medium,0.5476981054034491,0.20592391741443294,0.050323425669542836,0.0
EMP08579,Riya Parmar,53,37,Marketing,90000,4000,5400,1555,1355,77690,0,13562,17539,6015,3980,41096,13974,3959,Medium,0.5289741279443944,0.1798687089715536,0.050958939374436865,0.2257562105805123
EMP08580,Shreya Somani,55,24,Sales,83793,3379,5028,1673,1080,72633,0,11510,16192,4809,4497,37008,17032,2832,Medium,0.509520465903928,0.23449396279927856,0.038990541489405645,0.2229289716795396
EMP08581,Manish Bedi,58,30,HR,70000,2000,4200,1622,1185,60993,12975,9450,0,3876,2733,29034,12928,3923,Medium,0.4760218385716394,0.2119587493646812,0.06431885626219402,0.0
EMP08582,Reema Yadav,24,3,Marketing,53403,1003,3204,753,1413,47030,10936,4000,4466,2449,1165,23016,15564,1278,High,0.48938975122262385,0.33093769934084627,0.02717414416330002,0.09496066340633638
EMP08583,Prachi Atharv Mohanty,32,10,Data Science,119767,7965,7186,2444,953,101219,0,17746,33346,13807,6804,71703,3668,2665,Low,0.708394668985072,0.03623825566346239,0.026329048893982354,0.32944407670496645
EMP08584,Aakash Mundra,57,28,Operations,95000,4500,5700,1257,1737,81806,0,7976,28441,7769,5164,49350,13438,2895,Medium,0.6032564848544116,0.16426667970564507,0.03538860230300956,0.347663985526734
EMP08585,Charu Shetty,36,18,Sales,75645,2564,4539,1446,1643,65453,20281,10388,3929,10891,4701,50190,2774,1539,Low,0.766809771897392,0.04238155623118879,0.023513055169358164,0.06002780621209112
EMP08586,Dev Mukherjee,47,21,Data Science,153930,14119,9236,3876,1245,125454,0,18244,0,7121,6812,32177,23717,40131,High,0.25648444848310936,0.18904937267843194,0.3198861734181453,0.0
EMP08587,Muskan Bedi,30,6,HR,50112,839,3007,1123,1168,43975,12401,6964,2193,1097,3167,25822,165,4,Medium,0.587197271176805,0.0037521318931210915,9.096077316657191e-05,0.049869243888573056
EMP08588,Dev Pillai,33,7,Marketing,58243,1245,3495,831,1689,50983,9982,6860,0,975,1459,19276,17372,2632,Medium,0.378086813251476,0.3407410313241669,0.05162505148775082,0.0
EMP08589,Varun Ghosh,35,7,Finance,86003,3600,5160,1541,2021,73681,18322,6340,2683,4110,2166,33621,27942,2734,Medium,0.45630488185556656,0.37922938070873086,0.03710590247146483,0.03641372945535484
EMP08590,Amit Gupta,22,2,IT,82748,3275,4965,1530,1956,71022,0,6383,0,3272,2618,12273,37574,4887,Medium,0.17280560952944157,0.5290473374447354,0.06880966461096562,0.0
EMP08591,Rahul Bohra,51,35,Customer Support,60000,1333,3600,1688,1704,51675,0,8702,12727,6473,3879,31781,3778,2976,Low,0.6150169327527818,0.0731107885824867,0.057590711175616836,0.24628930817610062
EMP08592,Ishita Porwal,55,24,IT,141190,11571,8471,2632,2056,116460,0,19784,34424,8296,7213,69717,20050,5475,Medium,0.598634724368882,0.17216211574789628,0.047011849562081404,0.29558646745663747
EMP08593,Harsh Patel,48,22,Finance,112385,6858,6743,3308,857,94619,0,12514,32240,4596,3046,52396,27551,2929,Medium,0.5537577019414706,0.2911783045688498,0.03095572770796563,0.3407349475263953
EMP08594,Mansi Daga,40,12,Operations,72464,2246,4348,1497,1820,62553,0,7972,0,12159,4478,24609,4200,5003,Medium,0.39341038799098366,0.06714306268284495,0.07998017681006507,0.0
EMP08595,Swati Kunal Fernandes,39,16,IT,123863,8579,7432,2820,1384,103648,20837,13978,0,4745,3859,43419,40801,3339,Medium,0.4189082278481013,0.39364966038900895,0.032214803951836984,0.0
EMP08596,Vidhi Nair,41,15,Sales,73097,2310,4386,1671,1770,62960,19749,9173,9136,9912,4911,52881,1875,1435,Low,0.8399142312579415,0.029780813214739518,0.022792249047013977,0.1451080050825921
EMP08597,Megha Bagri,37,10,IT,99552,4955,5973,1591,1257,85776,0,10779,20174,4229,2525,37707,14659,17151,Medium,0.43959848908785676,0.1708986196605111,0.1999510352546167,0.23519399365789964
EMP08598,Prateek Mehta,44,16,Marketing,77223,2722,4633,1946,1881,66041,0,11801,20588,4336,4301,41026,12220,2225,Medium,0.6212201511182447,0.18503656819248648,0.033691191835374994,0.31174573371087655
EMP08599,Komal Saxena,31,10,Customer Support,42339,450,2540,730,1245,37374,8465,4091,0,2307,2751,17614,1762,760,Medium,0.4712902017445283,0.0471450741156954,0.020334992240595064,0.0
EMP08600,Siddharth Saini,30,3,Data Science,100223,5033,6013,2688,1129,85360,0,9082,2956,4760,2222,19020,42346,5899,High,0.22282099343955014,0.496087160262418,0.06910731021555763,0.034629803186504216
EMP08601,Payal Abhishek Sahu,32,7,Finance,87045,3704,5223,1948,2256,73914,14398,9682,0,1673,2978,28731,28354,3630,High,0.3887084990664827,0.3836079768379468,0.04911112915009335,0.0
EMP08602,Akash Chauhan,56,24,Product Management,213741,29122,12824,2871,1376,167548,32768,24314,0,7519,4932,69533,27126,36673,High,0.41500346169455915,0.16189987346909543,0.2188805596008308,0.0
EMP08603,Yuvraj Tomar,27,4,Sales,51990,933,3119,1060,1989,44889,0,5813,13192,2761,2790,24556,1315,617,Low,0.547038249905322,0.029294481944351622,0.013745015482634943,0.29388046069192897
EMP08604,Ananya Saini,28,6,Operations,56506,1159,3390,1139,1915,48903,11909,7823,0,3266,3000,25998,9279,2155,Medium,0.5316238267590946,0.1897429605545672,0.04406682616608388,0.0
EMP08605,Vikram Mohanty,49,19,IT,120737,8111,7244,2659,1100,101623,22862,15178,13696,6388,4297,62421,13609,11751,Medium,0.6142408706690414,0.1339165346427482,0.11563327199551282,0.13477264005195674
EMP08606,Rahul Thomas,41,23,Operations,93692,4369,5622,1959,2015,79727,17237,9250,0,3157,1708,31352,24509,3633,High,0.39324193811381336,0.30741154188668834,0.045568000802739345,0.0
EMP08607,Deepak Soni,41,25,IT,150000,13333,9000,3863,1023,122781,0,16625,26954,5306,5479,54364,38603,7053,Medium,0.44277209014424057,0.3144053232992075,0.057443741295477316,0.21952908023228349
EMP08608,Bhavna Komal Joshi,41,17,Marketing,76465,2646,4588,2034,1681,65516,0,9282,22034,3839,3763,38918,10193,3579,Medium,0.594022834116857,0.15558031625862384,0.054627877159777766,0.3363147933329263
EMP08609,Vaishnavi Trivedi,53,23,Data Science,163227,15979,9794,2932,2266,132256,29967,12527,0,12011,5133,59638,24852,24792,High,0.45092850229857245,0.18790829905637552,0.1874546334381805,0.0
EMP08610,Aarav D'Souza,55,23,Marketing,87442,3744,5247,1281,1413,75757,18032,13402,4341,2625,4422,42822,2406,1232,Medium,0.5652546959356891,0.031759441371754425,0.016262523595179323,0.05730163549242974
EMP08611,Nandini Shukla,28,2,Customer Support,36733,170,2204,1020,1159,32180,0,4177,4118,1143,2138,11576,767,640,Low,0.35972653822249845,0.023834679925419516,0.019888129272840272,0.12796768178993165
EMP08612,Mayank Deshmukh,52,35,Data Science,170000,17500,10200,2615,1580,138105,0,21059,47428,16456,14002,98945,6862,4909,Low,0.716447630426125,0.049686832482531404,0.03554541834111727,0.3434198616994316
EMP08613,Kavya Mundra,29,6,Data Science,106528,5979,6392,2579,1498,90080,24562,17114,0,2605,4910,49191,3108,570,Medium,0.5460812611012433,0.034502664298401424,0.006327708703374778,0.0
EMP08614,Garima Chaudhary,43,17,Cyber Security,148184,12970,8891,3187,1480,121656,26921,15861,0,10727,8277,61786,23481,9041,Medium,0.5078746629841521,0.19301144209903334,0.07431610442559347,0.0
EMP08615,Preeti Swain,55,35,Operations,95000,4500,5700,1491,1572,81737,20965,12437,0,4336,3713,41451,14269,4066,Medium,0.5071265155315219,0.17457210320907302,0.04974491356423651,0.0
EMP08616,Pooja Kumawat,52,22,Customer Support,58810,1274,3529,1027,1181,51799,0,7060,7593,2632,2292,19577,10749,11099,High,0.37794165910538813,0.20751365856483717,0.2142705457634317,0.14658584142551015
EMP08617,Rupal Goel,27,7,Marketing,63725,1520,3824,1242,1546,55593,13705,8810,0,4022,3522,30059,7662,8995,Medium,0.5406975698379293,0.13782310722572985,0.16180094616228663,0.0
EMP08618,Sai Maheshwari,59,36,Customer Support,60000,1333,3600,1885,1858,51324,0,7544,15390,3652,2602,29188,8596,3356,Medium,0.5687008027433559,0.16748499727223132,0.06538851219702284,0.2998597147533318
EMP08619,Arjun Aditya Bedi,45,28,Sales,84934,3493,5096,2025,1443,72877,5292,10136,7001,4363,4394,31186,15786,4495,Medium,0.4279265063051443,0.21661155096944165,0.06167926780740151,0.09606597417566584
EMP08620,Nikita Jindal,45,17,Operations,78353,2835,4701,1714,1803,67300,18507,11860,3953,5466,2934,42720,12033,2650,Medium,0.6347696879643387,0.1787964338781575,0.03937592867756315,0.0587369985141159
EMP08621,Sonia Tiwari,57,33,Marketing,90000,4000,5400,2043,1386,77171,19623,11616,8681,4891,2936,47747,6016,10893,Low,0.6187168755102306,0.07795674540954503,0.14115406046312734,0.1124904433012401
EMP08622,Aarav Naidu,56,37,IT,150000,13333,9000,3952,1717,121998,0,20116,40850,8440,6792,76198,21627,6014,Low,0.6245840095739275,0.17727339792455615,0.04929589009655896,0.33484155477958655
EMP08623,Nikita Roy,30,3,Customer Support,40804,374,2448,957,2100,34925,8911,4400,0,2216,2552,18079,186,338,Medium,0.5176521116678597,0.005325697924123121,0.009677881173944166,0.0
EMP08624,Yash Tayal,28,5,IT,98035,4804,5882,2078,1199,84072,0,8354,4414,14043,5211,32022,10949,6827,Medium,0.38088781044818726,0.13023360928727756,0.08120420591873632,0.05250261680464364
EMP08625,Diya Kumawat,25,2,Operations,54941,1080,3296,989,1383,48193,14019,7046,0,5505,3556,30126,6431,2442,Medium,0.6251115307202291,0.1334426161475733,0.05067125931151827,0.0
EMP08626,Riya Mishra,35,8,Finance,86087,3609,5165,1993,2342,72978,0,9644,0,3362,1984,14990,40404,2776,High,0.20540436843980378,0.5536463043656993,0.03803886102661076,0.0
EMP08627,Nandini Malhotra,25,1,Operations,50000,833,3000,1185,1497,43485,0,5509,0,3766,2107,11382,14742,4031,High,0.26174542945843393,0.33901345291479823,0.09269863171208463,0.0
EMP08628,Priya Iyer,58,38,Sales,85000,3500,5100,1980,1516,72904,0,7986,14442,4264,3502,30194,2818,894,Low,0.4141610885548118,0.03865357182047624,0.012262701635026884,0.19809612641281685
EMP08629,Akash Jadhav,23,2,Operations,50000,833,3000,936,1188,44043,10883,5599,0,3383,1761,21626,9876,2684,Medium,0.49102013940921374,0.22423540630747224,0.060940444565538224,0.0
EMP08630,Harsh George,58,28,Finance,130000,9500,7800,2545,1070,109085,0,14887,35534,3037,4584,58042,30127,3909,Medium,0.5320804876930834,0.276179126369345,0.03583444103222258,0.32574597790713666
EMP08631,Pallavi Chauhan,32,7,IT,100670,5100,6040,2459,1828,85243,17230,14802,7341,2780,4557,46710,21359,4121,High,0.5479628825827341,0.25056602888213697,0.048344145560339266,0.08611850826460823
EMP08632,Rupal Kulkarni,30,2,Operations,50595,863,3036,906,1151,44639,0,6000,14388,4005,2039,26432,9048,1812,Medium,0.5921279598557315,0.202692712650373,0.04059230717533995,0.3223190483657788
EMP08633,Garima Bohra,56,27,Cyber Security,173649,18412,10419,2517,1219,141082,0,23820,35790,7553,6122,73285,30619,8844,Medium,0.519449681745368,0.21702981244949746,0.0626869480160474,0.2536822557094456
EMP08634,Komal Pooja Chaudhary,45,20,Customer Support,52415,954,3145,704,1708,45904,11579,6604,2637,2101,3022,25943,29,343,Medium,0.5651577204600906,0.0006317532241199024,0.007472115719762983,0.057445974207040784
EMP08635,Rupal Rawat,28,4,Sales,54525,1060,3272,773,1634,47786,0,5230,12199,5055,2552,25036,9092,3071,Medium,0.5239191394969238,0.19026493115138324,0.06426568451010756,0.25528397438580336
EMP08636,Aarav Pradhan,34,9,IT,100147,5022,6009,2388,2139,84589,0,9615,24440,11291,5104,50450,4006,3968,Low,0.5964132452210098,0.047358403574932914,0.046909172587452266,0.2889264561586022
EMP08637,Parth Solanki,39,14,HR,54448,1056,3267,940,1732,47453,0,6320,12070,1993,2557,22940,2126,488,Low,0.4834257054348513,0.04480222535982973,0.010283859819189514,0.2543569426590521
EMP08638,Prachi Monika Iyer,27,5,Customer Support,41202,393,2472,909,1545,35883,3436,5135,0,2222,2345,13138,1149,681,Medium,0.3661343811832901,0.03202073405233676,0.018978346292116043,0.0
EMP08639,Rahul Chaudhary,37,9,Cyber Security,126847,9027,7611,3519,2071,104619,24690,14430,0,5454,3107,47681,18063,20209,High,0.4557585142278171,0.17265506265592293,0.1931675890612604,0.0
EMP08640,Namrata Malhotra,52,29,IT,150000,13333,9000,3249,1682,122736,0,16752,30900,5632,4214,57498,38265,6520,Medium,0.4684689088775909,0.3117667188111068,0.05312214835093208,0.2517598748533438
EMP08641,Mayank Naidu,36,16,Finance,100754,5113,6045,2469,1532,85595,0,12903,20380,3931,3114,40328,10467,19699,Medium,0.4711490157135347,0.12228518020912436,0.23014194754366493,0.23809801974414393
EMP08642,Sonia Tarun Nagpal,52,35,Marketing,90000,4000,5400,1881,1010,77709,0,10945,0,11297,4813,27055,12246,4508,Medium,0.34815787103166945,0.15758792417866657,0.05801129856258606,0.0
EMP08643,Aakash Jindal,36,10,Operations,66212,1644,3973,1619,1457,57519,16457,9934,7028,4383,3030,40832,8191,1345,Low,0.709887167718493,0.14240511830873276,0.02338357760044507,0.12218571254715833
EMP08644,Sonali Lakhotia,26,4,IT,83789,3379,5027,1470,2097,71816,17056,7990,7121,8272,4052,44491,11957,3032,Medium,0.619513757379971,0.16649493149158962,0.0422190041216442,0.0991561768965133
EMP08645,Palak Megha Menon,44,15,Operations,78199,2820,4692,2082,1648,66957,17280,11217,6911,2237,3401,41046,15713,1938,Medium,0.613020296608271,0.23467299908896755,0.028943949101662262,0.10321549651268724
EMP08646,Vaishnavi Gaurav Kapoor,36,9,Sales,58496,1258,3510,1072,1245,51411,0,6497,11274,8329,4680,30780,5126,1959,Low,0.5987045573904417,0.09970628853747253,0.03810468576763728,0.21929159129369202
EMP08647,Gaurav Lodha,51,30,Sales,85000,3500,5100,2187,1927,72286,0,12730,15932,11305,4869,44836,3051,2804,Low,0.6202584179509172,0.04220734305398002,0.03879036051240904,0.22040229090003596
EMP08648,Vivaan Shinde,51,35,IT,150000,13333,9000,3197,1845,122625,0,18857,40438,8452,8285,76032,17042,6039,Low,0.6200366972477064,0.13897655453618757,0.049247706422018346,0.32976962283384303
EMP08649,Aman Khushi Mathew,37,12,Marketing,73497,2350,4410,1754,1482,63501,0,9270,19638,2966,2826,34700,15492,3177,Medium,0.546448087431694,0.24396466197382718,0.05003070817782397,0.30925497236263993
EMP08650,Aisha Bose,40,15,Operations,79577,2958,4775,2162,1833,67849,17003,11228,0,3670,3395,35296,14484,2734,Medium,0.5202140046279238,0.21347403793718403,0.04029536175920058,0.0
EMP08651,Anjali Banerjee,44,23,Operations,88485,3848,5309,1598,1545,76185,18829,10226,8810,3783,3500,45148,11399,3009,Medium,0.5926100938504955,0.14962262912646845,0.03949596377239614,0.11563956159348954
EMP08652,Sanya Pawar,58,33,Cyber Security,180000,20000,10800,2518,1221,145461,0,18711,35711,9505,7148,71075,17391,30409,Medium,0.48861894253442506,0.11955781962175428,0.20905259829095085,0.24550223083850653
EMP08653,Lokesh Joshi,27,5,Operations,55236,1095,3314,1063,1901,47863,11029,7134,0,3163,1935,23261,11425,2158,Medium,0.4859912667404885,0.238702128993168,0.045087019200635146,0.0
EMP08654,Siddharth Das,22,2,Customer Support,35000,83,2100,1131,1726,29960,6479,3803,0,1940,1457,13679,1237,81,Medium,0.4565754339118825,0.04128838451268358,0.0027036048064085446,0.0
EMP08655,Komal Ghosh,59,33,IT,150000,13333,9000,3585,1739,122343,13305,18659,0,9062,5203,46229,26897,7978,Medium,0.37786387451672754,0.21984911274041016,0.06521010601342128,0.0
EMP08656,Deepak Nikhil Shukla,44,22,Operations,91831,4183,5510,1656,961,79521,0,10797,25475,2304,2536,41112,23154,2885,Medium,0.5169955106198363,0.29116837061908174,0.03627972485255467,0.32035562933061706
EMP08657,Lokesh Gill,42,20,Data Science,150349,13403,9021,3825,1412,122688,31352,12710,0,11775,5004,60841,20226,18343,High,0.4959001695357329,0.16485719874804383,0.14950932446531037,0.0
EMP08658,Lakshay Jadhav,38,8,Product Management,150067,13347,9004,2981,1848,122887,0,18081,30074,7199,6151,61505,27031,8200,Medium,0.5005004597719857,0.21996631051291024,0.06672796959808605,0.2447288972796146
EMP08659,Hemant Khurana,24,1,Customer Support,39886,328,2393,1191,1286,34688,0,3761,0,2717,1861,8339,9650,3287,High,0.24040013837638377,0.2781941881918819,0.09475899446494465,0.0
EMP08660,Shreya Trivedi,34,5,Operations,56355,1151,3381,1167,1426,49230,3452,8853,3252,7974,4326,27857,3794,2362,Medium,0.5658541539711558,0.07706682916920576,0.04797887466991672,0.06605728214503352
EMP08661,Namrata Mishra,38,12,HR,54664,1067,3280,773,2349,47195,0,5819,13633,1030,1681,22163,13330,1981,Medium,0.4696048310202352,0.2824451742769361,0.041974785464561924,0.28886534590528656
EMP08662,Sonia Daga,24,2,Operations,54071,1037,3244,906,1454,47430,0,4851,0,3152,1193,9196,25011,2611,High,0.19388572633354417,0.5273244781783681,0.05504954670040059,0.0
EMP08663,Nikita Dubey,29,3,Data Science,103827,5574,6230,3398,1395,87230,23365,10756,0,8779,3987,46887,15878,5234,Medium,0.5375100309526539,0.18202453284420497,0.060002292789178034,0.0
EMP08664,Tarun Malhotra,54,26,Marketing,90000,4000,5400,1483,2263,76854,0,9097,25172,11370,4519,50158,5134,3206,Low,0.6526400707835637,0.06680198818539049,0.0417154604835142,0.3275301220496005
EMP08665,Rahul Yadav,44,25,Marketing,90000,4000,5400,2176,872,77552,0,10931,14977,16597,6043,48548,5637,3928,Low,0.6260057767691356,0.07268671343098825,0.05064988652774912,0.19312203424798843
EMP08666,Vaishnavi Swain,39,12,Operations,73134,2313,4388,1390,1563,63480,13445,8555,3016,2287,2282,29585,23081,2171,High,0.46605229993698805,0.36359483301827344,0.0341997479521109,0.04751102709514808
EMP08667,Reema Solanki,40,10,IT,104940,5741,6296,3185,1588,88130,16120,9870,0,2938,2371,31299,36434,4988,High,0.35514580733008055,0.41341200499262454,0.056598207193918074,0.0
EMP08668,Sanya Jadhav,54,32,IT,150000,13333,9000,2596,1114,123957,13902,19256,0,8021,8818,49997,31549,7609,High,0.4033414813201352,0.25451567882410836,0.061384189678678897,0.0
EMP08669,Pankaj Atharv Agarwal,54,35,Finance,130000,9500,7800,3547,1439,107714,0,19991,0,6656,5163,31810,37439,7064,Medium,0.2953190857270178,0.3475778450340717,0.06558107581187218,0.0
EMP08670,Ayush Jindal,27,7,Sales,58295,1248,3498,1009,2184,50356,0,8513,13309,1986,2686,26494,1615,907,Low,0.5261339264437207,0.03207164985304631,0.01801175629517833,0.2642981968385098
EMP08671,Ashish Sai Somani,58,27,Customer Support,60000,1333,3600,1458,1080,52529,0,8932,15993,5708,5323,35956,2368,1964,Low,0.6844980867711169,0.04507986064840374,0.037388870909402426,0.3044603933065545
EMP08672,Sanya Ahuja,60,22,Operations,83718,3372,5023,1807,1757,71759,19016,11713,5715,5794,4442,46680,10343,2615,Medium,0.6505107373291155,0.14413523042405832,0.03644142198191168,0.07964157805989493
EMP08673,Shivam Arora,33,6,IT,99644,4964,5979,1839,1922,84940,4852,8910,0,7993,3436,25191,13955,24876,High,0.29657405227219213,0.16429244172356958,0.29286555215446197,0.0
EMP08674,Sneha Sharma,45,27,Marketing,90000,4000,5400,1613,1282,77705,21806,13061,0,5319,3677,43863,15145,3372,Medium,0.5644810501254746,0.19490380284408984,0.04339489093365935,0.0
EMP08675,Nikhil More,23,3,Sales,48663,766,2920,1139,1274,42564,3325,5084,2430,3578,1650,16067,9952,3084,Medium,0.3774786204304107,0.23381261159665445,0.07245559627854525,0.05709049901325063
EMP08676,Vikram Jindal,25,2,IT,83918,3392,5035,1749,1705,72037,16865,8256,0,6814,2804,34739,13668,4882,Medium,0.4822382942099199,0.1897358301983703,0.06777072893096603,0.0
EMP08677,Khushi Sakshi Mehta,50,19,Data Science,152274,13788,9136,2776,1075,125499,36219,22677,0,10331,7073,76300,23487,5048,Medium,0.6079729718961904,0.18714890158487318,0.04022342807512411,0.0
EMP08678,Neha Ghosh,43,25,Operations,92290,4229,5537,1326,1805,79393,20745,8042,0,5933,3535,38255,3377,1164,Medium,0.48184348746111116,0.04253523610393863,0.014661242175002835,0.0
EMP08679,Aisha Sharma,25,2,Marketing,55295,1098,3318,962,1602,48315,16921,6362,0,9088,3226,35597,2480,1573,Low,0.7367691193211218,0.05132981475732174,0.032557176860188344,0.0
EMP08680,Charu Chaudhary,44,23,Finance,119945,7992,7197,3046,1611,100099,21414,16649,0,5429,5072,48564,21931,4932,Medium,0.485159691905014,0.21909309783314518,0.04927122149072418,0.0
EMP08681,Rishabh Suri,25,2,Operations,50000,833,3000,1036,1456,43675,4513,4541,1513,3581,2875,17023,12499,3531,High,0.3897653119633658,0.2861820263308529,0.08084716657126502,0.03464224384659416
EMP08682,Manish Jindal,43,18,Sales,72100,2210,4326,2116,1623,61825,16839,11455,0,1382,4740,34416,656,1306,Medium,0.5566680145572179,0.010610594419733117,0.021124140719773553,0.0
EMP08683,Rashmi Gill,30,7,Customer Support,43350,501,2601,792,1266,38190,0,4620,4659,3287,1757,14323,9499,3349,Medium,0.3750458235140089,0.2487300340403247,0.08769311338046609,0.12199528672427337
EMP08684,Sonali Singh,55,37,IT,150000,13333,9000,3349,1735,122583,23080,13948,17966,2891,4747,62632,37079,4424,Medium,0.5109354478190288,0.3024807681326122,0.03608983301110268,0.14656192131045903
EMP08685,Anurag Tarun Saini,28,3,Customer Support,38209,244,2293,823,1581,33268,10478,4787,0,2789,1649,19703,1205,160,Low,0.5922508115907178,0.03622099314656727,0.00480942647589275,0.0
EMP08686,Payal Deshmukh,52,28,Operations,95000,4500,5700,1560,2059,81181,0,11556,0,1740,3374,16670,39297,4679,Medium,0.2053436148852564,0.48406646875500425,0.05763663911506387,0.0
EMP08687,Komal Porwal,40,14,Operations,80250,3025,4815,1724,1725,68961,7940,11309,3338,3811,2724,29122,19084,4772,High,0.42229666043125824,0.27673612621626714,0.069198532503879,0.048404170473165996
EMP08688,Akash Khanna,53,25,Marketing,90000,4000,5400,1329,1585,77686,0,12672,0,4383,4160,21215,22539,6170,Medium,0.2730865278171099,0.29012949566202406,0.07942228973045336,0.0
EMP08689,Aarav Bose,43,21,Finance,109635,6445,6578,2707,1759,92146,0,17532,16615,7408,6484,48039,17422,4274,Medium,0.5213357063790073,0.18906952010939163,0.04638291407114796,0.18031167929155906
EMP08690,Vikram Tayal,33,6,Data Science,107021,6053,6421,3274,2332,88941,0,15214,0,5669,6052,26935,22172,7548,Medium,0.3028412093410238,0.24928885440910267,0.08486524774850744,0.0
EMP08691,Kunal Ritika Lodha,36,8,IT,106416,5962,6385,3000,2304,88765,6229,10103,0,6239,3299,25870,13030,26020,High,0.2914436996563961,0.14679209147749675,0.2931335548921309,0.0
EMP08692,Kavya Chaudhary,31,5,Sales,51826,925,3110,875,2076,44840,10621,7214,0,1480,1184,20499,15078,1696,High,0.4571587867975022,0.3362622658340767,0.03782337198929527,0.0
EMP08693,Rohit Ghosh,51,31,Marketing,90000,4000,5400,1222,1539,77839,0,11641,18211,5319,5312,40483,15549,5040,Medium,0.520086332044348,0.1997584758283123,0.06474903326096172,0.23395727077685993
EMP08694,Garima Lokesh Narang,60,23,IT,130721,9608,7843,3998,1951,107321,0,16583,0,8185,5383,30151,29574,11172,High,0.2809422200687657,0.2755658258868255,0.104098918198675,0.0
EMP08695,Megha Khurana,32,11,Operations,72279,2228,4337,1498,1669,62547,0,5992,13799,4336,1333,25460,19963,3118,Medium,0.4070538954706061,0.31916798567477256,0.04985051241466417,0.2206180951924153
EMP08696,Sonali Bagri,57,37,Finance,130000,9500,7800,3851,1593,107256,0,10842,27116,5338,3611,46907,39923,4758,Medium,0.4373368389647199,0.37222160065637355,0.044361154620720517,0.2528156932945476
EMP08697,Payal Iyer,59,33,IT,150000,13333,9000,2833,898,123936,0,19191,0,5825,9255,34271,3118,1174,Medium,0.2765217531629228,0.025158146139943195,0.009472631035373096,0.0
EMP08698,Anurag Roy,38,10,HR,50386,853,3023,1015,1334,44161,0,5528,0,934,1208,7670,24786,2514,High,0.173682661171622,0.5612644641199248,0.05692805869432305,0.0
EMP08699,Charu Reddy,51,23,Data Science,159320,15197,9559,2456,1085,131023,0,22182,38799,9124,5861,75966,18694,17296,Low,0.5797913343458782,0.14267723987391526,0.13200735748685347,0.29612358135594513
EMP08700,Deepak Pillai,51,28,IT,150000,13333,9000,2227,1961,123479,27391,16518,9631,6071,5525,65136,17406,17853,Medium,0.5275067015443922,0.14096324071299574,0.14458328946622503,0.0779970683274079
EMP08701,Rishabh Nair,44,19,Operations,84582,3458,5075,2037,1213,72799,21139,7893,0,9541,4976,43549,5777,3146,Medium,0.5982087666039368,0.07935548565227545,0.04321487932526546,0.0
EMP08702,Vivaan Dhruv Solanki,29,3,Operations,53939,1030,3236,726,1829,47118,14791,8238,0,5537,4534,33100,2195,1921,Low,0.7024916167918842,0.04658516914979413,0.04076998174795195,0.0
EMP08703,Payal Goel,47,25,Finance,122799,8420,7368,2368,2134,102509,0,13412,0,7268,5257,25937,30649,10767,High,0.2530216859007502,0.29898838150796514,0.10503467988176649,0.0
EMP08704,Dhruv Ayush Mundra,24,0,Operations,51403,903,3084,873,1628,44915,0,6448,0,2698,2571,11717,12777,4481,High,0.2608705332294334,0.2844706668150952,0.09976622509184015,0.0
EMP08705,Megha Mohanty,49,17,Customer Support,54477,1057,3269,948,1554,47649,0,7248,12359,3479,2102,25188,8023,2765,Medium,0.5286155008499653,0.1683770908098806,0.058028500073453795,0.2593758525887217
EMP08706,Nisha Jadhav,28,5,Product Management,140127,11359,8408,2207,1789,116364,11283,18229,0,16657,9899,56068,9844,6388,Medium,0.4818328692722835,0.08459661063559176,0.054896703447801724,0.0
EMP08707,Manish Kohli,36,9,Cyber Security,122157,8324,7329,3135,1382,101987,0,10109,33634,7385,2692,53820,28077,3103,Medium,0.5277143165305382,0.2752997931108867,0.030425446380421033,0.3297871297322208
EMP08708,Vaishnavi Mukherjee,60,32,Sales,85000,3500,5100,2057,1991,72352,23432,9217,0,14237,5967,52853,3058,2642,Low,0.7304981203007519,0.042265590446705,0.036515922158337016,0.0
EMP08709,Vikram Mishra,22,1,Finance,70000,2000,4200,1559,998,61243,0,9313,8113,6936,4570,28932,11344,4408,Medium,0.47241317375046943,0.18522933233185834,0.07197557271851476,0.13247228254657675
EMP08710,Aditi Sai Singh,57,23,IT,140196,11373,8412,3135,1771,115505,10404,13364,9365,4319,3262,40714,49089,4384,High,0.35248690532877364,0.4249945889788321,0.037955066880221634,0.0810787411800355
EMP08711,Bhavna Roy,36,16,IT,118754,7813,7125,2981,1963,98872,0,15087,0,13881,7903,36871,7205,9644,Medium,0.37291649809855165,0.07287199611619063,0.09754025406586293,0.0
EMP08712,Sakshi Bose,48,17,Sales,70269,2027,4216,2037,994,60995,0,9296,11780,4320,4032,29428,12029,3075,Medium,0.4824657758832691,0.19721288630215592,0.05041396835806214,0.19313058447413722
EMP08713,Varun Jyoti Bagri,58,38,Data Science,170000,17500,10200,2247,1236,138817,0,19260,33226,4769,3921,61176,53476,5319,Medium,0.4406953038892931,0.38522659328468417,0.038316632689079866,0.23935108812321257
EMP08714,Khushi Jindal,42,27,Operations,95000,4500,5700,2098,1316,81386,5963,9909,9517,2228,3424,31041,31002,3577,Medium,0.38140466419285873,0.3809254662964146,0.0439510480918094,0.11693657385791167
EMP08715,Rishabh Das,22,3,IT,93371,4337,5602,1291,2199,79942,0,12124,6430,8363,7136,34053,10518,3803,Medium,0.4259713292136799,0.13157038853168548,0.04757198969252708,0.08043331415276075
EMP08716,Siddharth Joshi,49,15,Marketing,74554,2455,4473,1978,1031,64617,18210,12376,0,3493,3227,37306,2713,730,Medium,0.577340328396552,0.041985855115526875,0.011297336614203693,0.0
EMP08717,Preeti Arora,25,2,Cyber Security,106383,5957,6383,2796,1169,90078,24472,9563,0,9397,3119,46551,11887,13936,High,0.51678545260774,0.13196340948955348,0.15471036213059794,0.0
EMP08718,Sneha Agarwal,36,9,IT,104027,5604,6242,2652,1043,88486,21325,14418,0,4051,3184,42978,29630,3206,Medium,0.48570395316773274,0.33485523133603057,0.03623172027213344,0.0
EMP08719,Ankit Shetty,39,15,IT,116983,7547,7019,2659,1887,97871,0,14672,19069,10143,6919,50803,11676,5853,Medium,0.51908123959089,0.11929989475942823,0.05980321034831564,0.19483810321750059
EMP08720,Vihaan Prateek Khanna,28,7,Marketing,60384,1353,3623,1377,1582,52449,15839,7483,0,7394,4902,35618,3938,2532,Low,0.6790977902343228,0.07508246105740815,0.04827546759709432,0.0
EMP08721,Rupal Gill,22,3,Product Management,130445,9567,7827,3088,2097,107866,27133,12455,12571,10166,5337,67662,17564,3535,Medium,0.62727828972985,0.16283166150594255,0.032772143214729384,0.11654274748298815
EMP08722,Yash Arora,42,16,IT,112829,6924,6770,2200,2227,94708,0,14784,30108,2793,4359,52044,23092,4026,Medium,0.5495206318368037,0.2438231194830426,0.04250960848080416,0.3179034506060734
EMP08723,Kartik Swain,47,15,Customer Support,51174,892,3070,1057,1534,44621,0,6282,12897,3171,1831,24181,9588,1813,Medium,0.5419197238968199,0.21487640348714732,0.04063109298312454,0.28903431119876294
EMP08724,Lokesh Vikram Dubey,47,18,Sales,75327,2533,4520,1814,1477,64983,22769,11012,0,8315,6224,48320,2758,2253,Low,0.7435790899158241,0.04244186941200006,0.03467060615853377,0.0
EMP08725,Rahul Suri,58,32,Sales,85000,3500,5100,1329,1425,73646,19181,14019,0,3551,3950,40701,2241,329,Low,0.5526573065746951,0.03042935122070445,0.004467316622762947,0.0
EMP08726,Bhavna Abhishek Saxena,54,37,Finance,130000,9500,7800,2950,2002,107748,0,10354,0,9399,5410,25163,18161,35400,High,0.23353565727438097,0.16855069235623862,0.3285443813342243,0.0
EMP08727,Yash Arjun Bagri,36,14,Finance,100246,5037,6015,3096,1922,84176,0,11128,0,2525,1810,15463,45480,5015,High,0.183698441360958,0.5402965215738452,0.05957755179623646,0.0
EMP08728,Sakshi Tiwari,26,7,Finance,83073,3307,4984,1231,1834,71717,16480,9291,0,6395,3513,35679,16020,3321,Medium,0.4974971066832132,0.2233779996374639,0.04630701228439561,0.0
EMP08729,Aakash Soni,36,17,Data Science,135924,10518,8155,3294,1197,112760,6814,19609,0,8183,5210,39816,35722,5809,Medium,0.3531039375665129,0.31679673643135864,0.051516495211067756,0.0
EMP08730,Karan Soni,56,30,Marketing,90000,4000,5400,1996,1568,77036,0,11100,18239,4867,3723,37929,19224,3642,Medium,0.4923542239991692,0.24954566696090139,0.04727659795420323,0.23675943714626926
EMP08731,Mayank Ghosh,50,20,Customer Support,55300,1098,3318,920,1457,48507,0,6771,16891,2322,2704,28688,8746,1800,Low,0.5914197950811223,0.18030387366771805,0.03710804626136434,0.3482177830003917
EMP08732,Ritika Preeti Gupta,41,27,Product Management,216347,29904,12981,3562,1224,168676,37013,21035,11759,9091,5331,84229,23572,31108,High,0.4993537906993289,0.13974720766439802,0.184424577296118,0.06971353363845478
EMP08733,Pooja Jadhav,44,15,Marketing,73677,2368,4421,1469,1151,64268,15420,7188,0,5601,4671,32880,13809,3592,Medium,0.5116076429949586,0.21486587415198855,0.05589095661915728,0.0
EMP08734,Mayank Chaudhary,23,2,Data Science,90000,4000,5400,2047,1664,76889,0,6876,3280,7768,3018,20942,12697,19903,High,0.2723666584296843,0.16513415443041268,0.2588536721767743,0.04265889789176605
EMP08735,Pallavi Porwal,40,14,Customer Support,47457,706,2847,868,1770,41266,0,6503,12260,1002,1868,21633,1017,340,Low,0.5242330247661513,0.024644986187175883,0.008239228420491445,0.29709688363301506
EMP08736,Aarav Ananya Bansal,47,27,IT,150000,13333,9000,3090,1212,123365,0,18229,41074,4298,6997,70598,1235,894,Low,0.5722692822113241,0.010010943136221782,0.007246787986868237,0.33294694605439146
EMP08737,Sai Nair,49,15,Operations,78005,2800,4680,1403,1328,67794,0,9577,23053,2848,2154,37632,17305,2664,Medium,0.5550933710947872,0.255258577455232,0.039295512877245774,0.3400448417264065
EMP08738,Yash Namrata Jindal,28,3,Data Science,97128,4713,5828,1676,1591,83320,21438,12802,0,4870,4521,43631,19522,3903,Medium,0.5236557849255881,0.2343014882381181,0.046843494959193474,0.0
EMP08739,Vaishnavi Mundra,58,24,IT,137171,10768,8230,3482,887,113804,0,22063,0,9257,7714,39034,34023,6423,High,0.3429932164071562,0.2989613721837545,0.05643914097922744,0.0
EMP08740,Sanya Malhotra,46,24,IT,134801,10294,8088,2524,1620,112275,28669,14690,0,5302,3490,52151,14672,21383,Medium,0.46449343130705856,0.13067913604987752,0.1904520151413939,0.0
EMP08741,Hemant Thomas,31,10,Sales,62251,1446,3735,1484,1585,54001,2784,5265,0,9836,3495,21380,6020,3401,Medium,0.39591859410010927,0.11147941704783244,0.06298031517934853,0.0
EMP08742,Tarun Tayal,29,2,HR,41667,417,2500,1055,2066,35629,0,4052,4604,2282,1085,12023,12083,2415,Medium,0.3374498301945045,0.33913385163771087,0.06778186308905666,0.129220578742036
EMP08743,Ankit Chauhan,58,26,Sales,80836,3084,4850,1316,1537,70049,21114,10917,0,8537,5005,45573,5742,3408,Medium,0.6505874459307056,0.0819711915944553,0.04865165812502677,0.0
EMP08744,Dev Kavya Bajaj,27,4,Operations,57515,1209,3451,1035,948,50872,12729,7658,0,3045,1966,25398,11654,2829,Medium,0.49925302720553544,0.22908476175499293,0.05561015883000472,0.0
EMP08745,Saurabh Wadhwa,39,8,Customer Support,43123,489,2587,700,2116,37231,0,5962,0,973,2621,9556,2708,506,Medium,0.2566678305712981,0.07273508635277054,0.013590824850259193,0.0
EMP08746,Muskan Sahu,40,15,HR,60214,1344,3613,1981,1892,51384,10647,4331,0,2900,2359,20237,18983,2495,High,0.39383854896465825,0.3694340650786237,0.048555970730188386,0.0
EMP08747,Krishna Nagpal,44,20,Sales,77905,2790,4674,1828,1384,67229,0,9738,22473,4135,3728,40074,10550,3121,Medium,0.5960820479257464,0.15692632643650806,0.046423418465245656,0.3342753871097294
EMP08748,Bhavna Seth,35,10,Sales,61167,1392,3670,2164,1275,52666,10898,5547,2375,4490,3333,26643,12295,2652,Medium,0.5058861504576008,0.23345232218129344,0.05035506778566817,0.0450955075380701
EMP08749,Ankit Riya Khandelwal,24,0,Sales,45084,588,2705,1088,2110,38593,0,3999,0,3635,1808,9442,10478,2995,Medium,0.24465576658979607,0.27150001295571735,0.07760474697484,0.0
EMP08750,Akash Mundra,30,6,Marketing,62142,1440,3729,2168,1091,53714,12273,6920,4023,2612,2152,27980,12019,3212,Medium,0.5209070261012027,0.22375916893174963,0.05979819041590647,0.07489667498231374
EMP08751,Saurabh Sabharwal,22,1,Data Science,93682,4368,5621,1404,2058,80231,17143,9064,0,8040,3932,38179,10109,16941,Medium,0.47586344430457056,0.1259986788149219,0.2111527963006818,0.0
EMP08752,Dhruv Thomas,41,20,Finance,117732,7660,7064,3547,1656,97805,0,16900,0,6384,5938,29222,25606,9600,High,0.2987781810745872,0.2618066561014263,0.09815449107918818,0.0
EMP08753,Ishaan Bhatia,28,2,IT,88129,3813,5288,1468,1141,76419,20064,14645,0,5663,5265,45637,14950,3549,Medium,0.5971944150015048,0.19563197634096233,0.0464413300357241,0.0
EMP08754,Anurag Chauhan,53,38,IT,150000,13333,9000,3982,1379,122306,7867,12545,5319,10835,6768,43334,28250,9189,Medium,0.3543080470295815,0.2309780386898435,0.07513122823083086,0.04348928098376204
EMP08755,Ravi Priya Srivastava,37,8,Finance,87398,3740,5244,1923,2108,74383,20928,13030,6402,1963,6530,48853,868,917,Medium,0.6567764139655566,0.01166933304652945,0.01232808571851095,0.08606805318419532
EMP08756,Krishna Verma,31,8,IT,103607,5541,6216,3708,980,87162,24280,13937,0,9398,6583,54198,3684,5190,Medium,0.6218076684793832,0.042266125146279344,0.059544296826598744,0.0
EMP08757,Yuvraj Lodha,55,29,Data Science,170000,17500,10200,3891,1551,136858,0,16545,35596,11301,7597,71039,25657,6046,Medium,0.519070861769133,0.18747168598108988,0.04417717634336319,0.260094404419179
EMP08758,Rohan Lakshay Yadav,54,34,IT,150000,13333,9000,2434,1969,123264,0,20485,36063,7411,5292,69251,24893,5934,Medium,0.5618104231568016,0.20194866303219106,0.048140576323987536,0.29256717289719625
EMP08759,Aisha More,29,2,Data Science,92540,4254,5552,2117,1686,78931,19367,11515,0,6396,3602,40880,15686,4193,Medium,0.5179207155616932,0.19873053679796276,0.05312234736668736,0.0
EMP08760,Harsh Rajput,43,18,Operations,85203,3520,5112,1512,1418,73641,0,11075,24716,3237,3387,42415,16135,2912,Medium,0.5759699080675167,0.21910348854578293,0.039543189255985114,0.3356282505669396
EMP08761,Neha D'Souza,25,2,Operations,58282,1247,3497,794,1905,50839,12303,5461,6791,4477,2040,31072,8582,2645,Medium,0.6111843269930565,0.16880741163280158,0.052026987155530204,0.13357855189913256
EMP08762,Neha Gupta,36,12,Data Science,121513,8227,7291,3794,1650,100551,0,13797,33160,3126,3640,53723,29796,3261,Medium,0.534286083678929,0.29632723692454577,0.03243130351761792,0.3297828962417082
EMP08763,Diya Rathore,35,7,Operations,65213,1594,3913,1457,1755,56494,12005,9005,0,2187,1561,24758,18287,2551,High,0.43824122915707864,0.323698091832761,0.04515523772436011,0.0
EMP08764,Rohan Jindal,38,10,Sales,61039,1385,3662,1206,1540,53246,0,9873,16521,2625,3361,32380,2010,104,Low,0.608120797806408,0.03774931450249784,0.001953198362318296,0.31027682830635167
EMP08765,Vaishnavi Pillai,48,16,Operations,81161,3116,4870,1386,1313,70476,0,10465,20607,5663,4612,41347,13658,3719,Low,0.5866819910324081,0.19379646972018844,0.052769737215505985,0.292397411884897
EMP08766,Mansi Gupta,45,20,Operations,86525,3652,5192,1829,1252,74600,19200,10970,0,10878,4583,45631,5552,3625,Low,0.6116756032171582,0.0744235924932976,0.04859249329758713,0.0
EMP08767,Monika Nagpal,33,6,Finance,78207,2821,4692,1903,1922,66869,15520,11373,5000,3537,4248,39678,8339,9272,Medium,0.5933691247065157,0.12470651572477531,0.13865916942080786,0.07477306375151416
EMP08768,Sonia Bajaj,46,25,Cyber Security,176586,19146,10595,2915,1459,142471,15227,24190,18671,9079,6501,73668,33297,6421,Medium,0.5170736500761558,0.23371072007636642,0.04506882102322578,0.13105123147868689
EMP08769,Divya Bhatia,45,18,Customer Support,53693,1018,3222,812,2239,46402,13709,8167,1877,1667,2866,28286,454,338,Low,0.6095857937157881,0.009784061031852075,0.007284168785828197,0.04045084263609327
EMP08770,Sanya Seth,45,15,Operations,82325,3232,4940,1805,1302,71046,18806,12763,11514,3620,4747,51450,7027,2449,Low,0.7241787011232159,0.09890774990850998,0.03447062466570954,0.1620640148636095
EMP08771,Aarav Kumawat,52,24,Marketing,90000,4000,5400,1730,1782,77088,0,10708,0,4453,4263,19424,25785,7217,High,0.25197177251971775,0.33448785803237857,0.09362027812370279,0.0
EMP08772,Divya Sandhu,24,0,Finance,70000,2000,4200,1302,1873,60625,16039,7744,0,5334,3553,32670,11132,2904,Medium,0.5388865979381443,0.18362061855670103,0.04790103092783505,0.0
EMP08773,Shruti Sharma,46,24,Finance,125813,8872,7549,3047,1695,104650,18400,13917,0,4557,4199,41073,42831,3306,Medium,0.39247969421882467,0.4092785475394171,0.0315910176779742,0.0
EMP08774,Vikram Pillai,44,27,Customer Support,60000,1333,3600,1534,1847,51686,0,6888,14873,1403,3379,26543,2249,139,Low,0.513543319274078,0.0435127500677166,0.0026893162558526487,0.2877568393762334
EMP08775,Prateek Pawar,56,34,Marketing,90000,4000,5400,1473,1725,77402,0,13313,26529,1773,3368,44983,278,868,Low,0.5811606935221312,0.003591638458954549,0.01121418051213147,0.34274308157411953
EMP08776,Riya Suri,29,4,IT,89214,3921,5353,1834,1866,76240,0,9965,9767,7614,4892,32238,18948,4906,Medium,0.4228488982161595,0.24853095487932844,0.06434942287513117,0.12810860440713537
EMP08777,Jyoti Thomas,56,22,IT,129728,9459,7784,2986,1611,107888,0,14991,0,3842,7696,26529,1556,3287,Medium,0.24589388995995848,0.014422363932967521,0.03046678036482278,0.0
EMP08778,Saurabh Goel,55,38,Operations,95000,4500,5700,2011,1987,80802,20356,14153,0,4644,4910,44063,14638,4163,Medium,0.5453206603796936,0.181158882205886,0.05152100195539714,0.0
EMP08779,Kunal Jain,36,9,IT,105732,5860,6344,3738,1493,88297,0,13517,5288,2255,2176,23236,45538,3749,Medium,0.26315729866246873,0.515736661494728,0.04245897369106538,0.05988878444341257
EMP08780,Namrata Maheshwari,32,8,HR,50756,871,3045,1143,1663,44034,11284,6577,0,3146,1824,22831,9696,2414,Medium,0.5184857155834128,0.22019348685106963,0.05482127446972794,0.0
EMP08781,Vidhi Purohit,30,2,Sales,46853,676,2811,962,1829,40575,9365,5589,2080,2641,2297,21972,9133,1520,Medium,0.5415157116451017,0.22508934072704867,0.0374614910659273,0.05126309303758472
EMP08782,Kunal Shinde,46,25,Marketing,90000,4000,5400,2146,1080,77374,20341,13032,0,4059,5985,43417,1880,78,Low,0.5611316462894512,0.02429756765838654,0.0010080905730607181,0.0
EMP08783,Megha Kavya Khurana,47,21,IT,126387,8958,7583,3369,1917,104560,0,15492,28650,8118,5199,57459,17872,4538,Medium,0.5495313695485845,0.1709257842387146,0.0434009181331293,0.2740053557765876
EMP08784,Megha Manish Dubey,56,38,Operations,95000,4500,5700,1796,1386,81618,19393,11383,0,2861,4023,37660,902,1185,Medium,0.46141782449949764,0.01105148374133157,0.014518856134676175,0.0
EMP08785,Muskan Menon,46,25,IT,148961,13126,8938,3283,1405,122209,0,18007,26265,5553,4463,54288,16629,24283,Medium,0.44422260226333576,0.1360701748643717,0.1987005866998339,0.2149187048417056
EMP08786,Bhavna Parmar,34,6,Operations,66211,1644,3973,1689,2027,56878,0,5759,15392,3659,1260,26070,18649,2594,Medium,0.45834944969935654,0.3278772108723935,0.04560638559724322,0.2706142972678364
EMP08787,Nikhil Soni,27,6,Data Science,104642,5696,6279,2314,1648,88705,19197,12604,5549,4227,3564,45141,15132,11880,High,0.5088890141480187,0.17058790372583282,0.133927061608703,0.0625556620258159
EMP08788,Vihaan Kartik Porwal,42,26,Cyber Security,180000,20000,10800,2415,2039,144746,0,24247,0,4804,3972,33023,74730,7986,Medium,0.2281444737678416,0.5162836969588106,0.05517250908487972,0.0
EMP08789,Lakshay Mundra,28,5,Operations,59450,1306,3567,1081,1786,51710,12626,6425,6117,4720,2176,32064,7956,2655,Medium,0.6200734867530459,0.1538580545349062,0.051344034035969835,0.11829433378456779
EMP08790,Dhruv Sahu,31,9,Marketing,64298,1548,3858,1450,1695,55747,11332,6393,0,3192,1735,22652,19977,2863,Medium,0.4063357669471003,0.35835112203347264,0.0513570236963424,0.0
EMP08791,Mansi Shinde,26,2,IT,87133,3713,5228,1754,1396,75042,27293,11769,0,8549,7423,55034,3662,3153,Low,0.7333759761200395,0.048799339036806055,0.042016470776365236,0.0
EMP08792,Nisha Kumawat,58,30,IT,146203,12574,8772,3521,1988,119348,29490,16609,7780,8450,7277,69606,20351,4809,Medium,0.5832188222676542,0.17051814860743372,0.040293930354928446,0.06518751885243154
EMP08793,Nitin Swain,27,4,Data Science,106559,5984,6394,3488,2218,88475,20878,15107,0,5204,4256,45445,18033,4057,Medium,0.5136479231421306,0.20382028821701045,0.04585476123198644,0.0
EMP08794,Dev Rajput,35,6,Marketing,59553,1311,3573,1081,1109,52479,11401,5346,4206,4210,1148,26311,13957,2330,High,0.5013624497418014,0.2659540006478782,0.04439871186569866,0.08014634425198651
EMP08795,Divya Aman Purohit,40,9,Marketing,62393,1453,3744,1998,1732,53466,16893,8862,8485,5893,4485,44618,1004,1043,Low,0.8345116522649908,0.018778289006097335,0.019507724535218644,0.15869898627164927
EMP08796,Sanya Kapoor,38,18,Cyber Security,160134,15360,9608,2804,1420,130942,0,15842,25031,5584,6289,52746,17992,35340,Medium,0.4028195689694674,0.13740434696277742,0.2698904858639703,0.19116097203341936
EMP08797,Atharv Wadhwa,46,28,Data Science,170000,17500,10200,2972,1580,137748,0,15382,36519,12912,6200,71013,29575,6881,Medium,0.5155283561285826,0.2147036617591544,0.049953538345384324,0.2651145570171618
EMP08798,Akash Kulkarni,31,5,IT,95061,4506,5704,1891,1856,81104,15714,11626,0,3072,2243,32655,15877,14820,High,0.40263118958374433,0.19576099822450188,0.18272834878674293,0.0
EMP08799,Nisha Pawar,56,26,Finance,130000,9500,7800,3201,1871,107628,0,18269,0,8596,6544,33409,29389,9689,High,0.3104117887538559,0.2730609135169287,0.09002304233099194,0.0
EMP08800,Jyoti Tomar,34,9,Data Science,121798,8270,7308,3268,1973,100979,20265,9672,0,8273,5304,43514,17974,18719,High,0.43092128066231594,0.177997405401123,0.18537517701700354,0.0
EMP08801,Tushar Trivedi,30,5,Operations,57117,1189,3427,842,1729,49930,0,9581,10938,1687,3039,25245,1998,534,Low,0.5056078509913879,0.040016022431403966,0.010694972962147007,0.21906669337071902
EMP08802,Mayank Abhishek Sabharwal,51,38,Customer Support,60000,1333,3600,1561,2075,51431,0,9949,14727,3890,3834,32400,7569,2818,Low,0.6299702514047948,0.14716805039762013,0.054791857051194805,0.28634481149501273
EMP08803,Ishita Iyer,45,24,Marketing,90000,4000,5400,1375,1677,77548,28045,15205,0,11477,8208,62935,1710,2238,Low,0.811561871357095,0.022050858822922577,0.028859545055965337,0.0
EMP08804,Sonia Khurana,25,2,IT,80738,3074,4844,2018,1639,69163,0,7035,0,3573,3987,14595,1863,2058,Medium,0.21102323496667294,0.02693636771105938,0.029755794283070427,0.0
EMP08805,Yuvraj Vivaan George,56,26,Operations,95000,4500,5700,2136,1384,81280,8534,10209,34584,4666,4885,62878,1487,734,Low,0.7735974409448819,0.01829478346456693,0.009030511811023621,0.42549212598425196
EMP08806,Aman Daga,43,18,Finance,107331,6100,6440,3897,1243,89651,0,12066,29892,4410,2932,49300,8592,17770,Medium,0.5499102073596502,0.09583830632117879,0.19821307068521266,0.3334262863771737
EMP08807,Rajat Mittal,49,26,HR,68905,1890,4134,1441,1480,59960,11219,6885,8520,2721,2290,31635,18927,1466,Medium,0.5276017344896597,0.315660440293529,0.024449633088725817,0.14209472981987992
EMP08808,Sai Amit Mittal,43,18,HR,57638,1215,3458,1052,1879,50034,16480,8717,0,5814,4123,35134,3238,1981,Low,0.7022025022984371,0.06471599312467521,0.03959307670783867,0.0
EMP08809,Atharv Pandey,58,25,Cyber Security,178642,19660,10719,3423,2042,142798,16996,15696,0,12716,7218,52626,39202,8425,High,0.3685345733133517,0.27452765444894184,0.05899942576226558,0.0
EMP08810,Sumit Saurabh Patel,34,8,IT,95469,4547,5728,1202,1898,82094,20533,14512,0,4228,3542,42815,16415,4480,Medium,0.5215362876702316,0.19995371159889883,0.05457158866665043,0.0
EMP08811,Rohan Jindal,41,25,Customer Support,58159,1241,3490,1197,1734,50497,0,5349,2046,5027,2293,14715,13976,4002,Medium,0.29140344970988374,0.27676891696536426,0.07925223280590926,0.04051725845099709
EMP08812,Mohit Porwal,25,2,Data Science,102233,5335,6134,2204,1268,87292,26153,10041,0,9005,5787,50986,14693,4796,Medium,0.5840855977638272,0.16832012097328505,0.05494203363423911,0.0
EMP08813,Diya Lakhotia,32,9,Sales,59250,1296,3555,986,1910,51503,11975,8191,0,1697,2859,24722,1537,756,Medium,0.4800108731530202,0.02984292177154729,0.01467875657728676,0.0
EMP08814,Mansi Aarav Maheshwari,32,8,IT,94982,4498,5699,2038,1638,81109,18888,12929,8370,4095,3092,47374,14156,3906,Medium,0.5840782157343821,0.17453056997373903,0.048157417795805645,0.1031944667052978
EMP08815,Kavya Khandelwal,48,23,Cyber Security,165882,16510,9953,2630,1971,134818,31489,23108,0,3697,6349,64643,40366,5908,Medium,0.47948345176460117,0.29941105787061073,0.043822041567149785,0.0
EMP08816,Atharv Parmar,23,3,IT,86441,3644,5186,1507,895,75209,0,6370,3406,3641,2046,15463,34309,5183,High,0.2056003935699185,0.4561821058649896,0.06891462457950512,0.04528713318884708
EMP08817,Palak Khandelwal,26,5,Cyber Security,111021,6653,6661,2882,1745,93080,21489,14253,4862,5581,5236,51421,10846,17966,Medium,0.5524387623549635,0.11652342071336484,0.19301675977653632,0.05223463687150838
EMP08818,Ritika Ritika Mundra,59,36,Product Management,220000,31000,13200,3791,1630,170379,0,28876,35841,19422,13797,97936,17914,8202,Low,0.5748126236214557,0.10514206563015395,0.048139735530787243,0.21036043174334865
EMP08819,Ishaan Pandey,54,27,Operations,95000,4500,5700,1532,1133,82135,0,11052,20478,3536,2775,37841,30323,2598,Medium,0.46071711207158944,0.36918487855360077,0.031630851646679246,0.24932123942290133
EMP08820,Ravi Tarun Sharma,27,5,Sales,55411,1104,3325,869,2239,47874,0,6313,0,5578,4006,15897,5200,4098,Medium,0.33205915528261687,0.1086184567823871,0.08559969921042737,0.0
EMP08821,Shubham Verma,24,3,Sales,51263,896,3076,1131,1236,44924,0,5104,7799,3786,3112,19801,9133,3870,Medium,0.4407666280829846,0.2032989048170243,0.08614549016116108,0.17360430950048972
EMP08822,Vivaan Khurana,24,0,Sales,48045,736,2883,772,1790,41864,0,4082,1985,3787,2235,12089,8156,9728,High,0.28876839289126693,0.19482132619912096,0.23237148862984902,0.047415440473915535
EMP08823,Vikram Menon,57,34,Finance,130000,9500,7800,3927,1754,107019,0,16125,0,8625,5191,29941,33488,7871,Medium,0.27977275063306517,0.312916398022781,0.07354768779375626,0.0
EMP08824,Pankaj Malhotra,34,7,Customer Support,44192,543,2652,702,1983,38312,8039,4740,0,2955,2385,18119,9538,2087,Medium,0.4729327625809146,0.24895594069743163,0.05447379411150553,0.0
EMP08825,Diya Jain,42,28,Customer Support,60000,1333,3600,1787,2263,51017,18666,7627,8035,6740,3715,44783,795,601,Low,0.8778054374032185,0.015583040947135269,0.011780386929846913,0.15749652076758727
EMP08826,Prachi George,35,11,Cyber Security,125999,8900,7560,2643,1317,105579,24233,16553,16475,7031,5756,70048,16191,3596,Medium,0.6634652724500137,0.1533543602420936,0.03405980355941996,0.15604428911052387
EMP08827,Akash Bajaj,58,27,Finance,124814,8722,7489,2484,1094,105025,0,16319,34019,5014,2581,57933,23890,5151,Low,0.5516115210664128,0.2274696500833135,0.049045465365389194,0.3239133539633421
EMP08828,Namrata Srivastava,53,23,IT,139558,11245,8373,2946,1646,115348,26826,16566,0,9001,5416,57809,25684,5545,Medium,0.5011703713978569,0.2226653257967195,0.04807192148975275,0.0
EMP08829,Mansi Bohra,29,4,Sales,53628,1015,3218,1159,1611,46625,0,5104,5503,8396,2868,21871,4662,2468,Medium,0.46908310991957103,0.0999892761394102,0.052932975871313674,0.11802680965147454
EMP08830,Muskan Khanna,31,10,Marketing,70847,2085,4251,2101,1467,60943,16596,10494,0,3833,3725,34648,12747,2952,Medium,0.5685312505127742,0.20916266019066998,0.048438705019444396,0.0
EMP08831,Vidhi Mohanty,54,23,IT,137387,10811,8243,2918,1267,114148,0,19184,22413,8753,7750,58100,24343,4769,Medium,0.5089883309387813,0.21325822616252585,0.04177909380803869,0.1963503521743701
EMP08832,Lokesh Wadhwa,43,15,Cyber Security,135426,10419,8126,3473,1902,111506,0,16133,20364,7657,5862,50016,19376,24374,High,0.4485498538195254,0.17376643409323264,0.2185891342169928,0.182626943841587
EMP08833,Muskan Kavya Mittal,32,5,IT,96735,4674,5804,1276,1180,83801,19522,10929,0,1943,3396,35790,26911,3435,High,0.4270832090309185,0.3211298194532285,0.04098996432023484,0.0
EMP08834,Hemant Goel,40,15,HR,60476,1357,3629,1558,1340,52592,10293,6341,4219,3327,1089,25269,17700,1941,High,0.48047231518101613,0.3365530879221174,0.03690675387891695,0.08022132643748099
EMP08835,Dhruv Pillai,37,17,IT,117441,7616,7046,3415,1113,98251,0,10943,32462,17209,9256,69870,5220,4559,Low,0.7111378001241717,0.05312923023684237,0.04640156334286674,0.33039867278704543
EMP08836,Sonali Trivedi,53,25,Data Science,168082,17020,10085,2837,1753,136387,0,19053,39646,9044,5694,73437,28632,5187,Medium,0.538445746295468,0.2099320316452448,0.038031483939085106,0.2906875288700536
EMP08837,Preeti Kohli,28,2,IT,81006,3101,4860,1697,2084,69264,6598,6331,0,5422,2848,21199,15358,18567,High,0.30606086856086856,0.22173134673134673,0.2680613305613306,0.0
EMP08838,Aakash Ahuja,50,23,Customer Support,56761,1171,3406,1056,1132,49996,0,7220,0,1540,2622,11382,523,1728,Medium,0.22765821265701255,0.010460836866949355,0.034562765021201695,0.0
EMP08839,Preeti Maheshwari,60,31,Finance,130000,9500,7800,3357,1894,107449,0,18326,19713,15204,6366,59609,6199,6270,Low,0.5547655166637195,0.0576924866680937,0.058353265270035086,0.183463782817895
EMP08840,Monika Garima Rajput,50,23,Data Science,155238,14381,9314,2330,1392,127821,0,19606,0,8819,5744,34169,41172,9729,Medium,0.2673191416120982,0.3221066960828033,0.07611425352641585,0.0
EMP08841,Kunal Rawat,51,38,HR,70000,2000,4200,1294,1303,61203,0,9170,20628,2534,1409,33741,17955,1828,Medium,0.5512965050732808,0.2933679721582275,0.029867816937078247,0.33704230184794864
EMP08842,Pankaj Nikhil Pawar,46,23,HR,67353,1735,4041,2186,1299,58092,0,9449,0,2501,3004,14954,2560,476,Medium,0.257419265991875,0.044068030021345454,0.00819389933209392,0.0
EMP08843,Krishna Bhardwaj,55,38,Operations,95000,4500,5700,2070,1295,81435,0,12857,0,5562,4774,23193,21043,6318,Medium,0.2848038312764782,0.2584024068275312,0.07758334868299871,0.0
EMP08844,Neha Banerjee,58,38,Sales,85000,3500,5100,1521,1784,73095,0,11403,20158,2790,3686,38037,2078,612,Low,0.5203775908064847,0.028428757096928655,0.008372665709008823,0.27577809699705863
EMP08845,Trisha Pallavi Sharma,58,33,IT,150000,13333,9000,2918,1311,123438,36603,18649,12225,9195,8570,85242,14016,5305,Medium,0.6905653040392747,0.11354688183541535,0.04297704110565628,0.09903757351868954
EMP08846,Shivam Mayank Jindal,58,36,Marketing,90000,4000,5400,2193,1969,76438,0,12394,21929,2512,3242,40077,18997,3282,Medium,0.5243072817185169,0.24852821894869045,0.042936759203537504,0.286886103770376
EMP08847,Preeti Gupta,59,37,Finance,130000,9500,7800,3840,2154,106706,35602,15962,4539,16840,8309,81252,3486,4254,Low,0.7614567128371413,0.03266920323130845,0.03986654920997882,0.042537439319251025
EMP08848,Reema Agarwal,57,25,Operations,90595,4060,5436,1945,2044,77110,0,11737,23300,2189,3592,40818,2328,1571,Low,0.5293476851251459,0.03019063675269096,0.020373492413435352,0.30216573725846196
EMP08849,Ravi Srivastava,22,1,Sales,48014,734,2881,1162,1191,42046,13929,4624,0,7382,2435,28370,1504,1374,Medium,0.6747371925985826,0.03577034676306902,0.03267849498168673,0.0
EMP08850,Rajat Bhatia,45,24,Data Science,163671,16068,9820,3030,921,133832,9781,14694,0,15067,9276,48818,30225,9571,Medium,0.36477075736744574,0.22584284774941718,0.07151503377368641,0.0
EMP08851,Sumit Mukherjee,50,17,HR,61884,1428,3713,1844,2082,52817,0,8612,10660,1127,2873,23272,1624,1056,Low,0.4406157108506731,0.03074767593767158,0.019993562678682998,0.2018289565859477
EMP08852,Vivek Saxena,37,16,Operations,78862,2886,4732,2183,1538,67523,12266,9011,0,2727,3152,27156,28082,1954,High,0.40217407401922306,0.41588791967181554,0.028938287694563334,0.0
EMP08853,Mansi Daga,59,34,Sales,85000,3500,5100,1824,1280,73296,0,9621,0,3584,3648,16853,22481,6105,High,0.22993069198864877,0.3067152368478498,0.08329240340537,0.0
EMP08854,Rishabh Palak Malhotra,45,22,Finance,116725,7509,7004,3044,1818,97350,0,15659,28889,4714,4247,53509,23818,4287,Medium,0.5496558808423215,0.24466358500256805,0.04403697996918336,0.29675398048279406
EMP08855,Preeti Singh,34,5,HR,48539,760,2912,1059,1370,42438,10755,5200,0,2841,1995,20791,14281,1591,Medium,0.48991469909043783,0.33651444460153634,0.03748998539045195,0.0
EMP08856,Dev Tayal,42,26,Marketing,90000,4000,5400,1995,1126,77479,8283,11181,8749,7081,4257,39551,15668,5508,Medium,0.5104738058054441,0.2022225377198983,0.07109023090127647,0.11292092050749235
EMP08857,Vivaan Bajaj,30,2,Cyber Security,99419,4942,5965,1247,2119,85146,7105,10807,7178,7223,5460,37773,21967,5437,High,0.4436262419843563,0.2579921546520095,0.06385502548563643,0.0843022572992272
EMP08858,Ravi Lakhotia,35,5,Sales,54287,1048,3257,790,1129,48063,0,7572,5132,2368,2183,17255,13312,3474,Medium,0.35900796870773777,0.2769698104571084,0.0722801323263217,0.10677652248091048
EMP08859,Megha Reddy,38,12,HR,54855,1076,3291,1161,1672,47655,9709,6350,3372,1183,2134,22748,14944,1496,Medium,0.47734760256006714,0.3135872416325674,0.031392298814395134,0.070758577274158
EMP08860,Aisha Aditi Lodha,43,26,Data Science,166177,16569,9971,2399,1656,135582,0,17263,33181,6483,4007,60934,15792,31629,Medium,0.44942543995515627,0.11647563835907421,0.2332831791830774,0.24473012641796107
EMP08861,Khushi Varun Saini,35,6,Sales,55389,1103,3323,867,1207,48889,16037,7345,6316,7144,4268,41110,983,941,Low,0.8408844525353352,0.02010677248460799,0.01924768352799198,0.12919061547587393
EMP08862,Anjali Roy,42,25,Data Science,167225,16806,10034,3827,1914,134644,29586,21829,0,5471,6537,63423,43263,5259,Medium,0.47104215561035023,0.32131398354178425,0.039058554410148244,0.0
EMP08863,Mansi Bohra,54,29,Sales,85000,3500,5100,1902,1117,73381,0,12613,15293,2486,4394,34786,2708,1793,Low,0.47404641528461045,0.03690328559163816,0.02443411782341478,0.20840544555130075
EMP08864,Saloni Thomas,24,3,Cyber Security,108049,6207,6483,2929,1836,90594,22100,9845,0,6998,3954,42897,12293,18965,Medium,0.4735081793496258,0.1356933130229375,0.20934057443097778,0.0
EMP08865,Ishaan Malhotra,59,28,Sales,85000,3500,5100,2076,1195,73129,17840,9557,3356,4223,3053,38029,15611,3133,Medium,0.5200262549740868,0.21347208357833417,0.04284210094490558,0.045891506789372205
EMP08866,Ayush Wadhwa,46,15,Operations,75249,2525,4515,1455,1406,65348,18837,10252,0,1487,3575,34151,1986,764,Medium,0.522602068923303,0.03039113668360164,0.011691252984023995,0.0
EMP08867,Abhishek Arora,54,37,Product Management,220000,31000,13200,3127,2435,170238,0,25564,56108,16332,14207,112211,9891,6272,Low,0.6591419072122557,0.058101011525041414,0.0368425380937276,0.32958563892902876
EMP08868,Jyoti Purohit,29,4,HR,45847,626,2751,1071,1314,40085,8521,4446,0,1035,791,14793,16316,1422,Medium,0.3690407883248098,0.40703505051765,0.03547461644006486,0.0
EMP08869,Rashmi Khanna,59,22,Sales,77393,2739,4644,1765,2002,66243,0,8990,16269,10111,3807,39177,3289,3691,Low,0.5914134323626647,0.04965052911251,0.0557190948477575,0.24559576106154613
EMP08870,Anurag Somani,40,12,IT,104593,5689,6276,3500,1859,87269,0,11425,0,9365,3872,24662,26379,8729,High,0.2825974859342951,0.30227228454548577,0.10002406352771316,0.0
EMP08871,Ashish Kohli,50,18,Data Science,141055,11544,8463,3177,1833,116038,39735,20382,8685,16460,7287,92549,2547,2215,Low,0.7975749323497475,0.02194970613075027,0.019088574432513487,0.07484617108188697
EMP08872,Krishna Mehta,54,38,Customer Support,60000,1333,3600,2116,1329,51622,12958,5940,0,4939,3163,27000,9225,2834,Medium,0.5230328154662741,0.17870287861764364,0.05489907403820077,0.0
EMP08873,Mohit Vaishnavi Malhotra,29,7,IT,95462,4546,5728,1386,1628,82174,18317,11212,0,2169,2046,33744,26420,4710,High,0.4106408353007034,0.32151288728794997,0.05731739966412734,0.0
EMP08874,Siddharth Fernandes,29,2,Finance,76680,2668,4601,1268,1452,66691,15687,12465,0,3581,4038,35771,13020,3357,Medium,0.5363692252327901,0.19522874150934907,0.05033662713109715,0.0
EMP08875,Krishna Roy,25,3,Operations,51900,928,3114,746,1684,45428,0,5351,0,5969,2907,14227,4888,4239,Medium,0.3131768953068592,0.1075988377212292,0.09331249449678612,0.0
EMP08876,Nandini Mukherjee,34,9,Sales,61215,1394,3673,1540,2172,52436,0,7864,0,2593,3307,13764,15282,4523,High,0.2624914181096956,0.29144099473644064,0.0862575329926005,0.0
EMP08877,Harsh Jain,39,8,Operations,66740,1674,4004,2018,1769,57275,13198,8367,0,3801,2375,27741,11176,3052,Medium,0.4843474465298996,0.19512876473155827,0.05328677433435181,0.0
EMP08878,Aditi Wadhwa,56,27,IT,147624,12858,8857,3657,1281,120971,7252,19786,19367,8456,5201,60062,29306,6503,Medium,0.4964991609559316,0.24225640856072944,0.05375668548660423,0.16009622140843674
EMP08879,Sai Mishra,28,5,Marketing,59199,1293,3552,1082,817,52455,3934,7767,0,3512,2173,17386,15852,2974,High,0.33144600133447716,0.3022018873319989,0.056696215804022496,0.0
EMP08880,Akash Dubey,41,20,Marketing,83433,3343,5006,1814,2463,70807,0,10600,20375,5122,3109,39206,12576,3949,Low,0.5537023175674721,0.17760955837699663,0.05577132204443064,0.2877540356179474
EMP08881,Ayush Shetty,44,27,IT,150000,13333,9000,2963,1064,123640,32440,19409,0,9384,6096,67329,16422,18599,High,0.5445567777418311,0.13282109349725008,0.15042866386282758,0.0
EMP08882,Yash Nandini Bajaj,34,10,Cyber Security,130834,9625,7850,2784,1769,108806,0,13324,30643,6499,6406,56872,13431,20098,Medium,0.5226917633218756,0.12343988382993584,0.18471407826774258,0.28162968953917983
EMP08883,Muskan Jain,31,12,HR,58580,1262,3515,894,866,52043,0,5513,0,4541,2347,12401,16183,4689,High,0.23828372691812538,0.3109544030897527,0.09009857233441577,0.0
EMP08884,Nitin Arora,34,11,Data Science,117137,7571,7028,3522,2322,96694,27018,12125,0,9560,5789,54492,15528,5511,Medium,0.5635509959252901,0.16058907481332865,0.05699422921794527,0.0
EMP08885,Rajat Agarwal,27,6,HR,48142,740,2889,918,1324,42271,13109,4581,0,3033,2161,22884,1811,79,Medium,0.5413640557356107,0.04284261077334343,0.0018688935676941638,0.0
EMP08886,Rajat Agarwal,22,0,Marketing,50000,833,3000,1087,1931,43149,3334,3801,0,2277,1669,11081,17501,2600,High,0.25680780551113586,0.40559456766089597,0.060256321119840556,0.0
EMP08887,Lokesh Fernandes,52,28,IT,150000,13333,9000,2720,1607,123340,0,16791,39791,5353,5423,67358,30643,4279,Medium,0.5461164261391276,0.24844332738770877,0.034692719312469596,0.32261229122750124
EMP08888,Shivam Pawar,39,18,Sales,74087,2409,4445,1495,1623,64115,15860,10642,6830,2343,2702,38377,17597,1353,Medium,0.5985650783747953,0.2744599547687749,0.021102706075021446,0.10652733369726274
EMP08889,Varun Gupta,42,20,Operations,88235,3824,5294,1618,896,76603,0,13956,5476,4257,3976,27665,18373,7387,High,0.3611477357283657,0.23984700338106862,0.0964322546114382,0.07148545096145059
EMP08890,Deepak Shruti Gupta,51,35,Data Science,170000,17500,10200,2852,1078,138370,11352,22954,0,8758,6364,49428,38026,7833,High,0.3572161595721616,0.27481390474813905,0.05660909156609092,0.0
EMP08891,Abhishek Srivastava,27,4,Customer Support,37967,232,2278,1031,843,33583,0,3370,6046,2957,1488,13861,8684,1822,Medium,0.41273858797605933,0.25858321174403714,0.054253640234642526,0.1800315635887205
EMP08892,Aarav Patel,35,12,HR,55887,1128,3353,846,1828,48732,14910,7026,0,3414,3729,29079,1037,131,Medium,0.5967126323565625,0.021279651974062216,0.002688172043010753,0.0
EMP08893,Avantika Kapoor,46,17,IT,126131,8920,7568,3497,2066,104080,0,20117,0,2606,9006,31729,7230,35,Medium,0.30485203689469637,0.06946579554189085,0.00033627978478093775,0.0
EMP08894,Charu Roy,56,25,IT,142698,11873,8562,3009,830,118424,0,16504,0,5937,6269,28710,24475,30304,High,0.24243396608795514,0.20667263392555563,0.25589407552523136,0.0
EMP08895,Aisha Bedi,46,23,Sales,81741,3174,4904,1479,1847,70337,0,9641,0,3989,4524,18154,25582,6287,High,0.25810028861054635,0.3637061574988982,0.08938396576481795,0.0
EMP08896,Aman Verma,54,31,Marketing,90000,4000,5400,1705,1967,76928,15889,10955,0,3654,3874,34372,15920,4497,Medium,0.44680740432612315,0.20694675540765392,0.05845725873544093,0.0
EMP08897,Shubham Porwal,56,36,Marketing,90000,4000,5400,1583,1547,77470,0,11441,22789,4248,5160,43638,16540,3072,Low,0.5632890151026204,0.21350200077449336,0.03965405963598812,0.294165483412934
EMP08898,Abhishek Sabharwal,51,23,Sales,84153,3415,5049,1269,1193,73227,0,13485,15198,10282,6306,45271,3014,2788,Low,0.6182282491430756,0.041159681538230436,0.03807338823111694,0.20754639682084478
EMP08899,Namrata Mohanty,41,26,IT,144767,12287,8686,3679,1624,118491,0,12784,40305,11914,8506,73509,19425,4088,Low,0.6203762311061599,0.16393650150644354,0.03450051058730199,0.3401524166392384
EMP08900,Nitin Deshmukh,56,34,Sales,85000,3500,5100,1279,1575,73546,0,11699,23976,2233,4762,42670,2412,573,Low,0.5801811111413265,0.03279580126723411,0.007791042340847904,0.3260000543877301
EMP08901,Kartik Solanki,53,25,Finance,130000,9500,7800,3867,1079,107754,0,16970,29279,7119,4440,57808,21316,5498,Medium,0.5364812443157563,0.1978209625628747,0.05102362789316406,0.27172077138667705
EMP08902,Swati Ahuja,43,19,IT,130191,9529,7811,3545,1345,107961,32432,20644,0,12281,9333,74690,5720,3140,Medium,0.6918238993710691,0.052982095386296904,0.029084576837932218,0.0
EMP08903,Preeti Suri,49,25,Sales,79193,2919,4752,2134,1720,67668,4288,9038,0,3400,4365,21091,1405,2249,Medium,0.3116835136253473,0.020763137672164096,0.03323579830939292,0.0
EMP08904,Deepak Purohit,60,29,IT,147991,12932,8879,2747,1466,121967,23801,17203,7874,5173,4891,58942,43816,3874,Medium,0.48326186591455067,0.3592447137340428,0.03176268990792591,0.06455844613706986
EMP08905,Riya Mukherjee,41,20,Data Science,149239,13181,8954,3682,1858,121564,27370,18405,14429,6664,3612,70480,15739,18397,Medium,0.5797769076371294,0.1294708959889441,0.15133592181895955,0.11869467934585898
EMP08906,Pankaj Bedi,32,6,Data Science,105950,5892,6357,2928,2281,88492,0,11547,15352,3814,3973,34686,16379,17502,Medium,0.3919676354924739,0.18509017764317678,0.19778059033584958,0.17348460877819463
EMP08907,Komal Ashish Tiwari,55,36,IT,150000,13333,9000,3740,1843,122084,0,18091,32259,5402,4053,59805,41270,5197,Medium,0.4898676321221454,0.3380459355853347,0.042569050817469936,0.26423609973460893
EMP08908,Ishita Sabharwal,46,19,Sales,73367,2337,4402,1262,1347,64019,0,11015,15453,8282,5102,39852,4556,2157,Low,0.6225026945125666,0.07116637248316907,0.03369312235430107,0.24138146487761447
EMP08909,Rupal Bohra,23,2,Marketing,56400,1153,3384,896,1276,49691,15877,7305,15152,7518,4141,49993,0,0,Low,1.0060775593165765,0.0,0.0,0.30492443299591476
EMP08910,Pankaj Mundra,55,38,Operations,95000,4500,5700,1768,1764,81268,0,11610,0,3949,2813,18372,18953,23601,High,0.22606684057685683,0.2332160259880888,0.29040950927794457,0.0
EMP08911,Aarav Menon,24,3,Finance,80261,3026,4816,1220,1001,70198,0,7651,2782,5759,3133,19325,16653,19346,High,0.27529274338300236,0.23722898088264624,0.27559189720504856,0.03963075871107439
EMP08912,Sakshi Vihaan Mishra,35,5,Marketing,53585,1013,3215,1089,1632,46636,11835,7391,0,1001,1954,22181,16970,1793,High,0.4756196929410756,0.36388197958658547,0.03844669354147011,0.0
EMP08913,Vaishnavi Pandey,52,24,Cyber Security,171967,17992,10318,3540,1477,138640,0,25692,43870,15116,12964,97642,6841,5200,Low,0.7042844777841892,0.04934362377380266,0.03750721292556261,0.31643104443162146
EMP08914,Swati Mittal,26,7,IT,92686,4269,5561,2008,2067,78781,8015,8114,0,6420,3661,26210,23044,6228,Medium,0.33269443139843363,0.2925070765793783,0.0790545943818941,0.0
EMP08915,Shivam Tanvi Rawat,47,17,Operations,83354,3335,5001,1701,1422,71895,0,12491,17253,4842,3972,38558,14438,4529,Medium,0.5363098963766604,0.2008206412128799,0.06299464496835663,0.23997496348842062
EMP08916,Priya Trivedi,40,12,HR,54835,1075,3290,875,1486,48109,0,4254,0,2862,2300,9416,23358,3710,High,0.19572221413872665,0.48552245941507827,0.07711654783928164,0.0
EMP08917,Ritika Lakhotia,26,3,IT,84388,3439,5063,1631,2314,71941,0,9274,0,6133,2772,18179,14347,19801,High,0.25269317913290057,0.19942730848890064,0.27523943231258946,0.0
EMP08918,Muskan Purohit,56,35,Sales,85000,3500,5100,1591,827,73982,21595,12242,0,1806,4869,40512,496,1383,Medium,0.5475926576734882,0.006704333486523749,0.0186937363142386,0.0
EMP08919,Prachi Khurana,25,0,Operations,50281,847,3017,948,1993,43476,9979,3597,7603,2790,1084,25053,12854,1006,Medium,0.5762489649461772,0.29565737418345756,0.023139203238568405,0.17487809366087037
EMP08920,Pooja Naidu,22,1,IT,84674,3467,5080,2018,1566,72543,14326,7449,6743,5961,2793,37272,10450,12401,High,0.5137918200239858,0.14405249300414927,0.17094688667411054,0.09295176653846685
EMP08921,Rohit Bhatia,39,15,IT,123092,8464,7386,3358,1536,102348,0,11435,33842,5602,3455,54334,15425,13801,Medium,0.5308750537382264,0.15071129870637434,0.13484386602571619,0.3306561925978036
EMP08922,Rohit Saini,52,33,Data Science,170000,17500,10200,3027,1152,138121,0,22689,38849,8513,6496,76547,21784,9659,Low,0.5542024746417996,0.15771678455846685,0.06993143692849024,0.28126787382078033
EMP08923,Preeti Behera,40,17,Data Science,133291,9994,7997,2644,1703,110953,28462,13524,12613,7264,3781,65644,13140,17464,Medium,0.5916379007327427,0.11842852378935224,0.15739998017178444,0.11367876488242769
EMP08924,Nitin Verma,24,2,Operations,57385,1203,3443,840,1459,50440,15058,8722,2123,6009,4425,36337,2192,2185,Low,0.7204004758128469,0.04345757335448057,0.0433187946074544,0.04208961141950833
EMP08925,Aman Nair,44,18,Customer Support,53651,1016,3219,824,1146,47446,0,8623,9085,2919,2461,23088,9473,2459,Medium,0.4866163638662901,0.19965855920414788,0.05182734055557897,0.19148084137756607
EMP08926,Aakash Bhardwaj,55,24,HR,68761,1876,4126,1361,1244,60154,0,7618,16580,1596,2019,27813,16632,3304,Medium,0.4623632676131263,0.27649034145692725,0.05492569072713369,0.27562589353991424
EMP08927,Saloni Seth,45,25,Cyber Security,175455,18864,10527,3157,1229,141678,14070,20593,0,7479,6406,48548,24136,39954,High,0.3426643515577577,0.17035813605499794,0.28200567484013045,0.0
EMP08928,Diya Suri,45,18,Customer Support,56160,1141,3370,980,1639,49030,0,7700,0,3636,2666,14002,12404,4895,High,0.2855802569855191,0.2529879665510912,0.0998368345910667,0.0
EMP08929,Hemant Nair,28,7,Customer Support,40912,379,2455,1076,1218,35784,9371,6885,0,2579,1918,20753,6743,2045,Medium,0.5799519338251733,0.18843617259110218,0.05714844623295327,0.0
EMP08930,Aisha Tanvi Khandelwal,32,5,Sales,54863,1076,3292,882,2167,47446,9648,4220,7476,3425,1482,26251,7005,6219,Medium,0.553281625426801,0.14764152931753993,0.13107532774101083,0.15756860430805547
EMP08931,Sonia Reddy,56,36,IT,150000,13333,9000,2358,1338,123971,0,18863,42602,6614,8424,76503,20743,4533,Medium,0.6171040001290624,0.16732138967984447,0.036565003105565014,0.3436448846907745
EMP08932,Aditi More,41,27,Customer Support,60000,1333,3600,2013,2334,50720,2603,7530,0,3256,2252,15641,12687,5526,High,0.3083793375394322,0.25013801261829655,0.10895110410094637,0.0
EMP08933,Aman Ahuja,47,23,Operations,94233,4423,5654,2014,1571,80571,7397,13854,10771,4939,4397,41358,15557,4268,Medium,0.5133112410172395,0.19308436037780344,0.05297191297116829,0.13368333519504536
EMP08934,Saloni Nair,22,0,Sales,48426,755,2906,1175,1233,42357,0,3891,3825,3230,1619,12565,16288,3063,Medium,0.2966451826144439,0.38454092593904193,0.07231390325093845,0.09030384588143636
EMP08935,Garima Bose,58,22,Finance,122622,8393,7357,3076,1437,102359,0,12842,32011,2104,4056,51013,35922,3548,Medium,0.4983733721509589,0.3509412948543851,0.03466231596635372,0.3127326370910228
EMP08936,Krishna Bohra,38,15,Operations,78476,2848,4709,2015,1470,67434,14038,8468,0,4325,4962,31793,2597,1058,Medium,0.4714683987306107,0.038511729987839964,0.015689414835246315,0.0
EMP08937,Hemant Prachi Daga,27,2,Cyber Security,96471,4647,5788,1829,1414,82793,20718,12316,3912,4899,3795,45640,15498,3311,Medium,0.5512543330957931,0.18718973826289662,0.039991303612624256,0.04725037140821084
EMP08938,Karan Sabharwal,54,32,IT,150000,13333,9000,2340,1402,123925,0,13582,26466,18495,9038,67581,13810,6337,Low,0.5453379059915271,0.11143836998184385,0.0511357676013718,0.21356465604196087
EMP08939,Sonali Pandey,35,11,HR,52989,983,3179,1176,1632,46019,11013,6937,3058,2554,2538,26100,9538,2180,Medium,0.5671570438297225,0.20726221777961276,0.04737173776049023,0.06645081379430236
EMP08940,Yuvraj Mundra,60,33,IT,150000,13333,9000,3116,1565,122986,0,14236,28417,11789,4761,59203,29747,8056,Medium,0.4813799944709154,0.24187305872213097,0.06550339062982778,0.23105881970305564
EMP08941,Gaurav Mohanty,35,10,Finance,85727,3573,5144,2195,1879,72936,13884,8505,3667,2060,2008,30124,26323,3485,High,0.4130196336514204,0.36090545135461227,0.04778161675989909,0.05027695513875178
EMP08942,Shreya Goel,28,5,IT,89521,3952,5371,1297,2223,76678,20123,9344,0,8341,3534,41342,15503,4806,Medium,0.5391637757896659,0.20218315553352983,0.06267769112392081,0.0
EMP08943,Parth Aarav Porwal,42,20,Data Science,152162,13766,9130,3177,1436,124653,0,20154,32305,23189,11828,87476,6835,3723,Low,0.701756074863822,0.0548322142266933,0.029866910543669224,0.2591594265681532
EMP08944,Dhruv Sharma,31,9,Sales,61431,1405,3686,2105,1103,53132,0,5139,7244,4098,3027,19508,2280,320,Low,0.36716103289919444,0.042911992772717004,0.0060227358277497554,0.13633968230068508
EMP08945,Sonia Rathore,34,9,Sales,61393,1403,3684,1567,1725,53014,0,6682,12618,11155,4554,35009,2306,2064,Low,0.6603727317312408,0.04349794393933678,0.03893311200814879,0.23801260044516542
EMP08946,Nandini Deshmukh,42,25,IT,143448,12023,8607,3936,1525,117357,13023,12734,0,26178,11115,63050,6627,8077,Medium,0.5372495888613377,0.05646872363812981,0.06882418603065858,0.0
EMP08947,Siddharth Roy,56,23,Marketing,85184,3518,5111,2105,1919,72531,0,11691,0,2288,3748,17727,32711,4737,Medium,0.24440584026140547,0.4509933683528422,0.0653100053770112,0.0
EMP08948,Prachi Saini,35,9,Sales,62572,1462,3754,2094,1949,53313,15946,8581,0,1906,2336,28769,1819,928,Medium,0.539624481833699,0.034119257967099956,0.01740663628008178,0.0
EMP08949,Ayaan Swain,49,15,Sales,71099,2110,4266,1518,1487,61718,0,10360,17758,3172,3903,35193,9291,3111,Medium,0.5702226254901326,0.15053955086036488,0.0504066884863411,0.2877280534041933
EMP08950,Saloni Rajput,52,31,Sales,85000,3500,5100,1808,1850,72742,22929,11567,0,11604,5839,51939,2628,2784,Low,0.7140166616260207,0.03612768414396085,0.03827224986940145,0.0
EMP08951,Aarav Verma,44,27,Sales,85000,3500,5100,1388,946,74066,7061,10826,5112,4360,4870,32229,14915,4241,Medium,0.4351389301433856,0.20137444981502983,0.05725974131180299,0.06901952312802095
EMP08952,Varun Bhatia,42,21,IT,134650,10263,8079,3379,1347,111582,0,15246,0,15483,9272,40001,7445,7768,Medium,0.3584897205642487,0.06672223118424118,0.06961696330949436,0.0
EMP08953,Ayush Roy,33,8,Operations,69038,1904,4142,1244,1014,60734,0,8565,2744,6990,3850,22149,14123,5112,High,0.36468864227615505,0.23253861099219547,0.08417031646194882,0.045180623703362205
EMP08954,Vivaan Mohanty,30,2,IT,86796,3680,5208,2199,2011,73698,0,10525,13991,5134,2530,32180,10606,18513,Medium,0.4366468560883606,0.1439116393931993,0.25120084669868925,0.18984232950690658
EMP08955,Vidhi Mundra,28,6,Finance,81132,3113,4868,2200,1601,69350,18152,8744,0,5905,4664,37465,15214,2979,Medium,0.5402307137707282,0.21937995674116798,0.04295602018745494,0.0
EMP08956,Pooja Saxena,47,17,IT,119231,7885,7154,2229,1062,100901,0,14024,27144,6992,5539,53699,16687,5870,Medium,0.5321949237371285,0.1653799268590004,0.05817583572016135,0.2690161643591243
EMP08957,Namrata Patel,31,8,Operations,61613,1414,3697,1999,828,53675,0,9510,3381,1455,2988,17334,24,1031,Medium,0.32294364229156963,0.0004471355379599441,0.019208197484862598,0.06299021891010713
EMP08958,Nisha Sai Bagri,59,28,HR,70000,2000,4200,1549,2168,60083,16386,9933,0,1285,3912,31516,1274,310,Medium,0.5245410515453622,0.021204001131767722,0.005159529317777075,0.0
EMP08959,Reema Mathew,46,20,IT,127539,9131,7652,3652,2096,105008,0,12254,0,6956,2509,21719,47641,7931,Medium,0.20683186042968155,0.45368924272436384,0.07552757885113515,0.0
EMP08960,Siddharth Lodha,24,3,Marketing,54343,1050,3261,935,1334,47763,12973,6025,16766,3432,1819,41015,581,232,Low,0.8587190921843267,0.012164227540146138,0.004857316332726169,0.35102485187278853
EMP08961,Saurabh Vihaan Kulkarni,24,2,Operations,57413,1204,3445,861,1848,50055,3006,7581,0,4651,2762,18000,13309,2857,High,0.3596044351213665,0.26588752372390373,0.05707721506343023,0.0
EMP08962,Trisha Pradhan,57,33,Marketing,90000,4000,5400,1666,1230,77704,0,12385,14048,13234,7430,47097,7401,3035,Medium,0.6061077936785751,0.0952460619787913,0.039058478328014,0.18078863378976628
EMP08963,Aditya Chaudhary,56,29,Marketing,90000,4000,5400,2140,1293,77167,0,12164,0,10689,7839,30692,5351,4709,Medium,0.39773478300309717,0.06934311298871279,0.06102349449894385,0.0
EMP08964,Tushar Bohra,30,5,IT,89488,3949,5369,1436,1669,77065,18233,8167,0,8005,3718,38123,14537,6005,Medium,0.4946863037695452,0.18863297216635308,0.07792123532083306,0.0
EMP08965,Vivaan Swain,27,4,Operations,55475,1107,3328,998,979,49063,4225,5437,0,4059,2518,16239,22392,2310,Medium,0.3309826141899191,0.45639280109247293,0.04708232272792125,0.0
EMP08966,Mansi Shinde,47,20,Operations,90109,4011,5407,1804,2135,76752,16316,11234,0,2716,4569,34835,149,1074,Medium,0.4538643944131749,0.001941317490097978,0.013993120700437773,0.0
EMP08967,Aman Singh,43,23,Operations,90717,4072,5443,1567,1535,78100,16113,9542,9374,1935,2938,39902,20266,4439,Medium,0.5109090909090909,0.25948783610755444,0.05683738796414853,0.12002560819462228
EMP08968,Sonali Mathew,38,12,IT,113804,7071,6828,2255,2047,95603,21112,13997,5591,4565,4413,49678,25402,4578,High,0.5196280451450268,0.26570295911216174,0.047885526604813655,0.058481428407058354
EMP08969,Riya Aditi Jain,54,34,IT,150000,13333,9000,3756,1539,122372,0,18336,22360,5871,4463,51030,20674,22416,High,0.4170071585003105,0.16894387605007682,0.18317915863105938,0.18272153760664203
EMP08970,Anurag Kapoor,31,11,HR,52648,966,3159,902,2040,45581,11023,7877,1856,2792,2727,26275,9429,1827,Medium,0.5764463263201772,0.20686250850134924,0.04008249051139729,0.04071872051951471
EMP08971,Yuvraj Jadhav,50,25,Operations,95000,4500,5700,1260,1908,81632,21128,11576,4083,4657,5157,46601,14172,4685,Medium,0.5708668169345354,0.17360838886711094,0.05739170913367307,0.0500171501372011
EMP08972,Komal Jindal,27,7,Data Science,115717,7358,6943,3897,1546,95973,0,9192,17885,8461,3655,39193,17929,16258,High,0.4083752722119763,0.18681295781105103,0.1694018109259896,0.1863544955352026
EMP08973,Payal Nair,54,34,HR,70000,2000,4200,1580,2140,60080,0,9818,12181,4312,3465,29776,12243,4254,Medium,0.4956058588548602,0.20377829560585886,0.07080559254327563,0.2027463382157124
EMP08974,Nikita Kartik Wadhwa,51,29,Customer Support,60000,1333,3600,2129,1273,51665,0,7537,3065,2768,2805,16175,13091,3608,Medium,0.3130746153101713,0.2533823671731346,0.06983451079067067,0.05932449433852705
EMP08975,Diya Dhruv Menon,52,35,Sales,85000,3500,5100,1664,1364,73372,20505,7674,8221,9503,5590,51493,4605,2685,Low,0.7018072289156626,0.06276236166384996,0.03659434116556724,0.11204546693561576
EMP08976,Yuvraj Gupta,37,18,IT,125865,8880,7552,3003,1248,105182,22520,17883,0,6501,5437,52341,18127,20498,High,0.49762316746211327,0.17233937365708962,0.1948812534464072,0.0
EMP08977,Shivam Tanvi Tayal,53,33,Operations,95000,4500,5700,1571,1424,81805,0,11306,25533,5170,4862,46871,14719,4903,Low,0.5729600880141801,0.17992787726911558,0.05993521178412078,0.3121202860460852
EMP08978,Harsh Suri,25,1,Finance,76812,2681,4609,2180,1535,65807,13931,6165,0,4684,3551,28331,9880,15392,High,0.430516510401629,0.15013600376859604,0.23389609008160225,0.0
EMP08979,Ravi Nair,35,11,Sales,62235,1445,3734,1682,994,54380,0,6390,0,7764,4512,18666,8463,4864,Medium,0.3432511952923869,0.15562706877528504,0.08944464876792939,0.0
EMP08980,Muskan Saini,48,28,Marketing,90000,4000,5400,1707,1134,77759,20107,8457,0,7777,4934,41275,14444,3769,Medium,0.5308067233374915,0.18575341761082317,0.048470273537468335,0.0
EMP08981,Payal Nagpal,36,10,Sales,58883,1277,3533,1102,2035,50936,11733,8666,0,2047,3898,26344,682,656,Medium,0.5171980524579864,0.01338935134286163,0.012878906863515,0.0
EMP08982,Ankit Bansal,32,9,Sales,60375,1352,3622,1759,1598,52044,14871,6171,0,8999,4543,34584,3971,2564,Medium,0.6645146414572285,0.07630082238106217,0.049266005687495194,0.0
EMP08983,Vikram Mehta,29,2,HR,44592,563,2676,1099,2124,38130,0,6056,3961,1117,1587,12721,16821,1554,Medium,0.33362182008916863,0.44114870180959875,0.04075531077891424,0.1038814581694204
EMP08984,Aman Khanna,27,3,IT,89314,3931,5359,2110,1323,76591,7086,7179,0,7400,3830,25495,16820,18420,High,0.33287200846052406,0.21960804794296981,0.240498230862634,0.0
EMP08985,Lokesh Suri,36,18,HR,60063,1336,3604,2033,1583,51507,13473,7887,0,3670,3401,28431,9439,2096,Medium,0.551983225580989,0.18325664472790107,0.04069349797114955,0.0
EMP08986,Yash Jain,22,1,Product Management,120035,8005,7202,2416,1727,100685,0,11379,0,9476,5651,26506,16939,33690,High,0.2632566916621145,0.1682375726275016,0.3346079356408601,0.0
EMP08987,Tanvi Aditi Kohli,56,36,Sales,85000,3500,5100,1448,1510,73442,0,11968,22731,11751,6879,53329,4066,2627,Low,0.7261376324174178,0.055363416028975244,0.03576972304675798,0.30950954494703303
EMP08988,Rishabh Pillai,27,5,Finance,86178,3618,5171,2107,1532,73750,0,7789,0,8885,6326,23000,9186,6329,Medium,0.31186440677966104,0.12455593220338983,0.08581694915254237,0.0
EMP08989,Tushar Soni,35,7,IT,95305,4530,5718,1251,1477,82329,27198,14745,0,12447,5705,60095,4241,3447,Low,0.7299372031726367,0.051512832659208786,0.04186860037167948,0.0
EMP08990,Komal Chauhan,54,29,Cyber Security,180000,20000,10800,3631,1850,143719,0,22045,39805,8674,5370,75894,18914,21417,Medium,0.5280721407747062,0.13160403286969713,0.1490199625658403,0.2769640757311142
EMP08991,Saloni Mohanty,36,13,Operations,76670,2667,4600,2064,2113,65226,15663,11084,0,4981,4221,35949,14333,3255,Medium,0.5511452488271548,0.2197436605034802,0.04990341274951706,0.0
EMP08992,Sanya Pandey,56,27,Customer Support,60000,1333,3600,2091,847,52129,0,6078,11090,4534,3251,24953,11340,3449,Medium,0.4786778952214698,0.21753726332751444,0.06616278846707208,0.21274146828061155
EMP08993,Prateek Bansal,28,5,IT,93501,4350,5610,1670,1306,80565,22526,13860,0,5090,4112,45588,16828,4075,Medium,0.5658536585365853,0.2088748215726432,0.05058027679513436,0.0
EMP08994,Charu Gupta,32,8,Operations,64250,1546,3855,1970,1972,54907,10953,5905,0,3471,1911,22240,20505,2238,Medium,0.40504853661646056,0.3734496512284408,0.04075983025843699,0.0
EMP08995,Anjali Arora,46,26,HR,65557,1611,3933,2122,1486,56405,14364,7308,2275,5446,2762,32155,10195,2692,Medium,0.570073575037674,0.18074638773158408,0.04772626540200337,0.04033330378512543
EMP08996,Tushar Jain,42,21,Operations,86712,3671,5203,1378,1302,75158,17656,11025,2757,2082,3614,37134,26442,1938,Medium,0.49407913994518216,0.35181883498762606,0.025785678171319087,0.03668272173288273
EMP08997,Ritika Jindal,53,33,Sales,85000,3500,5100,1590,2127,72683,8036,12784,0,5240,4884,30944,17641,4479,Medium,0.4257391687189577,0.24271150062600608,0.06162376346600993,0.0
EMP08998,Aditi Chatterjee,30,7,IT,103813,5572,6229,3095,1117,87800,0,11609,18132,5598,3725,39064,2356,1989,Low,0.44492027334851936,0.02683371298405467,0.02265375854214123,0.20651480637813213
EMP08999,Khushi Kulkarni,46,25,IT,143435,12020,8606,3066,1282,118461,24028,18844,8079,7113,6979,65043,23664,5288,Medium,0.5490667814723833,0.19976194696988883,0.04463916394425169,0.06819966064780814
EMP09000,Siddharth Yuvraj Yadav,49,18,IT,128250,9238,7695,2564,1921,106832,0,12115,20090,19526,9311,61042,8853,5829,Medium,0.5713831061854127,0.08286842893515052,0.05456230342968399,0.18805226898307623
EMP09001,Lakshay More,46,22,Operations,87801,3780,5268,1420,1829,75504,25070,11629,4460,8411,5401,54971,2966,2596,Low,0.7280541428268701,0.03928268700995974,0.034382284382284384,0.059069718160627255
EMP09002,Mansi Vivaan Fernandes,59,24,Sales,81572,3157,4894,1413,1005,71103,21893,9470,0,7474,5366,44203,5256,2832,Medium,0.6216755973728253,0.07392093160626134,0.03982954305725497,0.0
EMP09003,Yash Nagpal,41,27,Finance,126732,9010,7604,3506,1927,104685,0,17426,27402,5349,5913,56090,11699,18667,Medium,0.5357978697998759,0.11175431055069972,0.17831590008119597,0.26175669866743084
EMP09004,Rashmi Agarwal,26,5,Marketing,62132,1440,3728,2057,883,54024,19069,5857,0,7674,4959,37559,2645,2136,Low,0.6952280467940175,0.048959721605212496,0.03953798311861395,0.0
EMP09005,Jyoti Payal Pradhan,44,26,IT,146340,12601,8780,3978,2059,118922,26681,18474,9731,5227,5420,65533,34380,3808,Medium,0.5510586771160929,0.2890970552126604,0.032020988547114916,0.08182674357982543
EMP09006,Rohit Komal Lakhotia,47,25,IT,135871,10508,8152,3431,1070,112710,0,16790,29779,7736,4914,59219,23708,5500,Medium,0.5254103451335286,0.21034513352852452,0.04879779966285157,0.26420903202910123
EMP09007,Lokesh Reddy,31,8,Customer Support,41752,421,2505,788,1203,36835,9625,6718,1271,1076,1712,20402,75,14,Medium,0.5538753902538347,0.002036106963485815,0.0003800732998506855,0.034505226007872945
EMP09008,Dhruv Bansal,59,34,Sales,85000,3500,5100,1324,980,74096,0,12352,0,8473,7161,27986,8635,4574,Medium,0.3776992010364932,0.11653800475059382,0.06173072770459944,0.0
EMP09009,Sonali Mittal,24,3,IT,86024,3602,5161,1660,1216,74385,0,7163,0,5230,3118,15511,16807,24847,High,0.20852322376823285,0.22594609128184445,0.3340323990051758,0.0
EMP09010,Mayank Goel,58,23,Operations,88923,3892,5335,1272,1550,76874,17148,6592,0,4169,2059,29968,32562,2481,High,0.38983271327106694,0.42357624164216773,0.03227359055077139,0.0
EMP09011,Komal Khurana,29,5,Marketing,58333,1250,3500,918,2327,50338,13871,7136,1714,5344,3243,31308,8242,1746,Medium,0.6219555802773252,0.16373316381262665,0.03468552584528587,0.034049823195200446
EMP09012,Parth Reddy,57,26,Data Science,164085,16150,9845,2352,1307,134431,0,13842,38650,11655,8380,72527,26318,7716,Medium,0.5395109758909775,0.19577329633789825,0.05739747528471856,0.2875080896519404
EMP09013,Akash Saini,27,4,Customer Support,40703,368,2442,953,2427,34513,9157,5547,5434,2968,2229,25335,4298,876,Low,0.7340712195404631,0.1245327847477762,0.02538174021383247,0.15744791817575987
EMP09014,Varun Nikhil Sahu,23,2,Marketing,53178,992,3191,911,1758,46326,11423,5751,0,4768,2916,24858,10595,2627,Medium,0.5365885248024868,0.22870526270344946,0.05670681690627293,0.0
EMP09015,Vihaan Porwal,49,16,HR,57688,1218,3461,889,1553,50567,0,8542,10550,3847,2471,25410,10445,3463,Medium,0.5025016314988036,0.20655763640318786,0.06848339826368975,0.2086340894259102
EMP09016,Garima Yash Solanki,42,17,Sales,68213,1821,4093,1601,1321,59377,17617,10865,2233,4322,3463,38500,8742,2968,Medium,0.648399211816023,0.14722872492716035,0.04998568469272614,0.03760715428532933
EMP09017,Anurag Sahu,52,38,Data Science,170000,17500,10200,3788,1044,137468,0,22937,34767,10652,6138,74494,25065,6172,Medium,0.5419006605173567,0.1823333430325603,0.04489772165158437,0.25290976809148313
EMP09018,Vivek Khanna,49,24,Customer Support,54607,1064,3276,944,1602,47721,0,7752,9868,7088,3598,28306,2704,2738,Low,0.5931560528907609,0.056662685191006056,0.0573751597829048,0.20678527273108274
EMP09019,Riya Kapoor,29,7,IT,94076,4408,5645,1259,1305,81459,4992,10216,0,6745,4893,26846,22773,7331,High,0.32956456622349894,0.2795639524177807,0.08999619440454708,0.0
EMP09020,Hemant Soni,33,7,Operations,62639,1465,3758,1875,1093,54448,5072,9881,7585,1315,3987,27840,2551,464,Medium,0.5113135468704084,0.04685204231560388,0.008521892447840141,0.13930722891566266
EMP09021,Aman Nagpal,43,21,Operations,81719,3172,4903,1868,1508,70268,0,11325,24036,4144,3847,43352,11448,3123,Medium,0.616952239995446,0.1629191096943132,0.04444412819491091,0.34206182045881484
EMP09022,Karan D'Souza,24,2,Customer Support,35206,94,2112,802,2142,30056,9994,4133,1575,6518,2918,25138,1192,456,Low,0.8363721054032472,0.03965930263508118,0.015171679531541124,0.05240218259249401
EMP09023,Krishna Parmar,39,12,Cyber Security,138836,11101,8330,2906,1057,115442,31838,11793,0,9813,6614,60058,16635,22175,High,0.5202439320178098,0.1440983350946796,0.1920878016666378,0.0
EMP09024,Yuvraj Bose,49,18,Data Science,148822,13098,8929,2915,895,122985,34021,19932,21850,6876,7571,90250,14926,3795,Low,0.7338293287799326,0.1213643940317925,0.030857421636784975,0.1776639427572468
EMP09025,Vivaan Tomar,59,23,Sales,79791,2979,4787,1393,2476,68156,0,8941,0,10733,5679,25353,5374,5008,Medium,0.3719848582663302,0.07884852397441164,0.07347849052174424,0.0
EMP09026,Abhishek Mathew,42,17,IT,119949,7992,7197,3278,1325,100157,0,15533,0,5471,4314,25318,36242,5950,Medium,0.25278313048513834,0.3618518925287299,0.05940673143165231,0.0
EMP09027,Deepak Anjali Chaudhary,26,6,Sales,54895,1078,3294,933,1161,48429,14189,8537,0,6568,4456,33750,3052,2299,Medium,0.6968964876417023,0.0630200912676289,0.04747155629891181,0.0
EMP09028,Varun Vihaan Joshi,32,11,Sales,64061,1536,3844,1427,2258,54996,6488,9928,0,4382,3706,24504,14700,3223,High,0.4455596770674231,0.26729216670303296,0.058604262128154776,0.0
EMP09029,Parth Rashmi Solanki,56,25,Sales,82724,3272,4963,1311,1908,71270,0,10579,0,3902,4029,18510,17025,19282,High,0.2597165707871475,0.23888031429774098,0.2705486179318086,0.0
EMP09030,Bhavna Aisha Lakhotia,47,16,Product Management,170061,17515,10204,2937,1690,137715,0,19513,34091,16510,7924,78038,7318,6023,Low,0.5666630359801038,0.053138728533565695,0.043735250335838506,0.24754747122680898
EMP09031,Nitin Daga,60,23,IT,145036,12341,8702,2500,1931,119562,0,23100,28154,6566,5486,63306,25402,6035,Medium,0.5294826115320921,0.21245880798246936,0.05047590371522725,0.23547615463107008
EMP09032,Ishaan Chopra,31,6,IT,94468,4447,5668,1623,1071,81659,16256,9919,0,3522,2406,32103,32739,3379,High,0.3931348657220882,0.4009233519881458,0.04137939480032819,0.0
EMP09033,Ananya Jindal,49,24,Marketing,90000,4000,5400,1661,1517,77422,0,8175,0,8073,5519,21767,22909,7797,High,0.28114747746118673,0.2958978068249335,0.10070780914985404,0.0
EMP09034,Yash Seth,49,21,Sales,76923,2692,4615,1747,1368,66501,5671,12060,7916,3288,3394,32329,701,1161,Low,0.4861430655178118,0.010541194869250087,0.017458384084449857,0.11903580397287258
EMP09035,Vihaan Singh,41,18,Product Management,181267,20317,10876,2832,991,146251,11863,24397,12487,15815,11052,75614,10464,8574,Medium,0.51701526827167,0.07154822873005996,0.05862524016929799,0.08538061278213482
EMP09036,Mohit Yash Goel,53,26,Marketing,90000,4000,5400,1790,1863,76947,0,9585,23206,2868,1572,37231,21773,3854,Medium,0.48385252186569977,0.2829609991292708,0.05008642312240893,0.30158420731152613
EMP09037,Akash Mukherjee,59,32,IT,150000,13333,9000,2520,744,124403,0,21435,22875,10096,8452,62858,25324,6642,Medium,0.5052772039259503,0.2035642227277477,0.05339099539400175,0.18387820229415688
EMP09038,Sneha Pawar,25,0,Finance,70206,2021,4212,1782,1462,60729,14694,7559,6208,5809,2284,36554,7552,7858,Medium,0.6019200052693112,0.12435574437254031,0.12939452320966918,0.10222463732318991
EMP09039,Hemant Verma,26,6,Marketing,55633,1115,3338,929,1777,48474,0,6513,6922,2437,2094,17966,18495,1848,Medium,0.37063167883814,0.38154474563683627,0.03812353013986879,0.14279820109749555
EMP09040,Neha Khanna,33,9,HR,46707,669,2802,1065,1502,40669,11320,6722,0,2721,2746,23509,6816,2198,Medium,0.5780569967296958,0.16759694115911383,0.054046079323317515,0.0
EMP09041,Avantika Kohli,48,15,HR,53738,1020,3224,1198,2022,46274,0,7686,11620,2717,2268,24291,9949,2576,Medium,0.524938410338419,0.2150019449366815,0.05566840990621083,0.25111293598997275
EMP09042,Lokesh Ahuja,50,20,Finance,112148,6822,6729,2873,2027,93697,0,16454,28711,4805,6091,56061,14392,5663,Low,0.5983222515128552,0.15360150271620224,0.060439501798350004,0.30642389831051153
EMP09043,Rahul Gupta,27,4,IT,90393,4039,5424,1458,1152,78320,0,9584,0,4662,5834,20080,5369,159,Medium,0.25638406537282943,0.0685520939734423,0.002030132788559755,0.0
EMP09044,Bhavna Arora,56,35,Sales,85000,3500,5100,1654,1091,73655,5919,12707,0,5749,4569,28944,19128,5309,High,0.39296721200190077,0.2596972371190007,0.07207928857511371,0.0
EMP09045,Namrata Trivedi,23,2,Customer Support,35000,83,2100,1045,1848,29924,6992,4914,0,969,1789,14664,310,248,Medium,0.4900414383103863,0.010359577596577997,0.008287662077262397,0.0
EMP09046,Hemant Banerjee,30,7,Operations,61063,1386,3664,1825,1266,52922,13059,9038,0,2973,2969,28039,10190,3460,Medium,0.5298174672159026,0.1925475227693587,0.06537923736820225,0.0
EMP09047,Divya Ahuja,49,23,IT,141038,11541,8462,3443,2234,115358,28031,16420,13295,7970,7774,73490,15677,4536,Low,0.6370602819050261,0.13589868062899843,0.03932107006016054,0.11524991764767073
EMP09048,Anjali Arora,24,0,Data Science,90000,4000,5400,1685,2042,76873,0,8183,0,6678,3454,18315,16931,19241,High,0.23825010081563097,0.22024638039363625,0.2502959426586708,0.0
EMP09049,Komal Maheshwari,46,16,Sales,73414,2341,4405,1588,1020,64060,0,8562,11713,2957,4197,27429,10004,13113,High,0.42817670933499846,0.1561660942866063,0.20469871995004682,0.18284420855448016
EMP09050,Priya Lodha,24,1,Cyber Security,95895,4590,5754,1836,1752,81963,0,8888,14205,6215,4859,34167,12126,15623,Medium,0.41685882654368434,0.14794480436294424,0.19061039737442503,0.17330990812927785
EMP09051,Namrata Pandey,29,5,IT,93060,4306,5584,1249,1445,80476,0,13091,23727,11451,5148,53417,5693,3604,Low,0.663763109498484,0.07074158755405338,0.04478353794920225,0.2948332422088573
EMP09052,Ayush Mundra,42,27,Operations,95000,4500,5700,1934,1166,81700,0,7841,18701,4284,1568,32394,27715,3806,Medium,0.396499388004896,0.33922888616891067,0.046585067319461444,0.2288984088127295
EMP09053,Vivek Dubey,30,2,Sales,46443,655,2787,1192,1634,40175,0,6774,12067,3390,2954,25185,6357,1579,Low,0.6268823895457374,0.15823273179838207,0.03930304915992533,0.30036092097075295
EMP09054,Megha Sonia Shukla,41,28,Marketing,90000,4000,5400,1640,1427,77533,8208,10676,0,5077,3100,27061,18072,6725,High,0.34902557620626057,0.23308784646537603,0.08673726026337172,0.0
EMP09055,Prachi Khandelwal,23,3,Operations,55669,1117,3340,778,1856,48578,0,6807,4220,1203,1594,13824,20645,2908,High,0.2845732636172753,0.42498661945736754,0.059862489192638646,0.08687059986001894
EMP09056,Vihaan Monika Soni,23,0,Cyber Security,95000,4500,5700,1778,1606,81416,17041,8723,0,6040,4348,36152,3422,701,Medium,0.44404048344305785,0.04203105040778225,0.008610101208607645,0.0
EMP09057,Tushar More,33,11,Finance,97119,4712,5827,1298,1255,84027,27183,10619,0,13752,6599,58153,3279,3155,Low,0.6920751663155891,0.03902317112356742,0.037547454984707296,0.0
EMP09058,Yash Mohanty,39,11,Operations,70073,2007,4204,1424,1095,61343,14965,9968,7778,2882,3417,39010,11150,1865,Medium,0.6359323802226823,0.18176483054301223,0.030402816947328954,0.12679523335995957
EMP09059,Rajat Bajaj,34,8,Sales,61854,1426,3711,2080,1280,53357,12390,8639,0,3239,2000,26268,12650,2334,Medium,0.4923065389733306,0.2370822947317128,0.04374308900425436,0.0
EMP09060,Kavya Pandey,25,1,Product Management,120000,8000,7200,3101,1763,99936,0,9092,6825,7407,5403,28727,28469,10439,High,0.28745397054114635,0.2848723182837016,0.10445685238552674,0.06829370797310279
EMP09061,Mayank Wadhwa,46,21,Finance,110631,6595,6638,3251,2026,92121,25268,14240,14600,12056,6898,73062,2187,2459,Low,0.7931090630800794,0.023740515191975772,0.02669315356976151,0.15848720704291094
EMP09062,Saurabh Patel,37,13,Sales,65209,1594,3913,2017,2106,55579,5985,5650,3628,2933,3968,22164,275,828,Medium,0.3987837132729988,0.004947911981143957,0.014897713165044351,0.06527645333669192
EMP09063,Kunal Fernandes,42,28,Operations,95000,4500,5700,1409,1713,81678,18007,12433,9679,3410,3133,46662,3089,592,Low,0.5712921472122237,0.03781924141139597,0.007247973750581552,0.11850192218222777
EMP09064,Rashmi Chatterjee,35,11,HR,51672,917,3100,973,2047,44635,0,5070,0,4961,2681,12712,14920,3012,Medium,0.2847989246107315,0.33426683096224935,0.06748067659908144,0.0
EMP09065,Aarav Swain,23,0,Cyber Security,95520,4552,5731,1479,1295,82463,0,9696,0,6117,2930,18743,12867,27816,High,0.22728981482604318,0.1560336150758522,0.3373149169930757,0.0
EMP09066,Harsh Narang,26,2,Operations,55300,1098,3318,1126,1682,48076,10409,5017,0,3556,1350,20332,14676,2848,Medium,0.4229137199434229,0.3052666611198935,0.05923953739911806,0.0
EMP09067,Lokesh Sandhu,37,17,Finance,101888,5283,6113,2387,1429,86676,19064,13327,0,5047,3341,40779,22279,4884,Medium,0.4704762564031566,0.2570377036319166,0.05634777793160736,0.0
EMP09068,Lakshay Preeti Fernandes,40,11,IT,104622,5693,6277,2915,1079,88658,0,11725,26670,4964,4548,47907,8781,13171,Medium,0.5403573281598953,0.09904351553159331,0.14855963364840172,0.30081887703309346
EMP09069,Vivek Nagpal,56,27,HR,70000,2000,4200,1857,1168,60775,0,8331,14335,6085,3434,32185,11136,3649,Medium,0.5295763060468943,0.1832332373508844,0.06004113533525298,0.23587001234060057
EMP09070,Atharv Nagpal,38,11,Operations,67357,1736,4041,1330,1449,58801,13950,8065,10317,4078,3012,39422,6802,1945,Low,0.6704307749868199,0.11567830479073485,0.033077668747130154,0.17545619972449447
EMP09071,Swati Lakshay Saxena,58,28,Cyber Security,177020,19255,10621,3971,1001,142172,45972,19348,0,17008,11211,93539,8323,4070,Low,0.657928424724981,0.058541766311228656,0.028627296514081534,0.0
EMP09072,Ayush Srivastava,28,4,Product Management,142340,11801,8540,3442,1443,117114,11735,14401,3750,7538,6312,43736,20065,25972,High,0.3734480933107912,0.1713287907508923,0.22176682548627832,0.032020082996055126
EMP09073,Avantika Arora,57,29,Data Science,170000,17500,10200,3383,1264,137653,32029,21980,0,8659,5403,68071,29904,6809,Medium,0.4945115616804574,0.21724190537075108,0.04946495899108628,0.0
EMP09074,Varun Saini,46,19,Marketing,80652,3065,4839,1254,1412,70082,22669,11955,12612,11054,7352,65642,1057,418,Low,0.9366456436745527,0.015082332125224737,0.005964441654062384,0.17996061756228418
EMP09075,Kavya Bohra,31,11,IT,106743,6011,6405,3364,1713,89250,22661,16197,0,6403,6477,51738,13371,5528,Medium,0.5796974789915966,0.14981512605042016,0.06193837535014005,0.0
EMP09076,Muskan Bansal,25,3,IT,87620,3762,5257,1680,2132,74789,0,7704,2385,4396,2360,16845,30857,5813,High,0.2252336573560283,0.4125874125874126,0.07772533393948308,0.0318897164021447
EMP09077,Siddharth Sandhu,49,24,Data Science,156740,14681,9404,2272,1302,129081,27012,20690,7809,6055,5674,67240,31311,7102,Medium,0.5209132250292452,0.24256861970390686,0.05501971630216686,0.06049689729704604
EMP09078,Saloni Sabharwal,45,23,IT,140249,11383,8415,3626,1765,115060,11387,10670,0,8677,4007,34741,50884,5308,Medium,0.30193811924213454,0.4422388319137841,0.046132452633408656,0.0
EMP09079,Preeti Chatterjee,45,22,Operations,86459,3646,5188,2144,2185,73296,0,11008,0,2564,3788,17360,4793,95,Medium,0.236847849814451,0.06539238157607509,0.0012961143855053483,0.0
EMP09080,Manish Wadhwa,32,11,HR,53269,997,3196,914,1876,46286,0,5748,2671,4190,2470,15079,11769,4661,High,0.32577885321695543,0.2542669489694508,0.10069999567903902,0.057706433910901786
EMP09081,Aditya Bose,54,22,IT,129694,9454,7782,2657,1350,108451,0,18404,30396,7095,7546,63441,19112,4885,Low,0.5849738591622022,0.17622705184830015,0.04504338364791473,0.2802740408110575
EMP09082,Nandini Shinde,40,11,Cyber Security,125585,8838,7535,2306,739,106167,0,13659,36125,5113,5482,60379,11619,15527,Low,0.5687172096790905,0.10944078668512815,0.1462507182081061,0.34026580764267617
EMP09083,Parth Bohra,28,5,Product Management,137121,10758,8227,2544,1727,113865,24900,11897,6197,9099,7561,59654,22849,7765,Medium,0.5239011109647389,0.20066745707636235,0.06819479207833838,0.054424098713388665
EMP09084,Aman Shetty,26,3,Sales,52387,953,3143,1135,2166,44990,12069,5324,4442,3507,2983,28325,1256,202,Low,0.6295843520782396,0.027917314958879752,0.004489886641475884,0.09873305178928651
EMP09085,Ishita Saloni Menon,42,21,Sales,79692,2969,4782,1884,1607,68450,19974,11166,0,9455,5138,45733,2912,2133,Medium,0.6681227173119065,0.04254200146092038,0.031161431701972244,0.0
EMP09086,Khushi Chopra,50,15,IT,113736,7060,6824,2640,1207,96005,0,16382,0,5437,3977,25796,28679,9408,High,0.26869433883651894,0.2987240247903755,0.0979948960991615,0.0
EMP09087,Aisha More,55,36,Customer Support,60000,1333,3600,1240,1475,52352,11979,7073,0,1134,3457,23643,2650,124,Medium,0.45161598410757947,0.050618887530562345,0.0023685819070904646,0.0
EMP09088,Mayank Singh,44,17,Sales,75462,2546,4528,1573,2057,64758,3738,9528,0,4149,2733,20148,13002,13010,High,0.31112758269248586,0.2007782822199574,0.20090181908026808,0.0
EMP09089,Prachi Rawat,43,28,Marketing,90000,4000,5400,1786,1473,77341,19529,12559,0,5459,5034,42581,14034,3955,Medium,0.550561797752809,0.18145614874387453,0.0511371717459045,0.0
EMP09090,Avantika Chaudhary,39,14,Marketing,73624,2362,4417,1549,1718,63578,0,9555,0,6552,5536,21643,7999,3444,Medium,0.3404164962722954,0.12581396080405172,0.0541696813363113,0.0
EMP09091,Deepak Thomas,33,7,Finance,86861,3686,5212,1411,2196,74356,0,9156,24149,5626,2783,41714,17273,2909,Medium,0.5610038194631234,0.23230136101995805,0.03912259938673409,0.32477540480929584
EMP09092,Vikram Tayal,40,12,Sales,69051,1905,4143,2181,2147,58675,0,8003,10785,3930,3563,26281,15856,3128,Medium,0.44790796761823604,0.2702343417128249,0.053310609288453346,0.1838091180230081
EMP09093,Mansi Chaudhary,36,9,Cyber Security,128288,9243,7697,3478,1477,106393,0,13806,36824,6329,5689,62648,11994,14038,Low,0.5888357316740763,0.11273298055323189,0.1319447708025904,0.34611299615576213
EMP09094,Swati Solanki,45,25,Operations,94311,4431,5659,1426,1304,81491,22368,9779,0,5648,4050,41845,2043,303,Medium,0.5134922874918703,0.02507025315679032,0.0037182020100379183,0.0
EMP09095,Nisha Bajaj,36,11,IT,110899,6635,6654,3680,1309,92621,20607,14161,0,4150,5243,44161,11799,15627,Medium,0.4767925200548472,0.1273901167121927,0.16871983675408384,0.0
EMP09096,Rohan Bhardwaj,52,29,Data Science,170000,17500,10200,3325,1366,137609,0,19056,47922,16522,9908,93408,9869,5316,Low,0.6787928115166886,0.07171769288345965,0.038631194180613185,0.3482475710164306
EMP09097,Rohan Nagpal,30,7,IT,104189,5628,6251,3573,1484,87253,0,14794,5384,4646,4396,29220,28405,6452,Medium,0.3348881986865781,0.32554754564312977,0.0739458815169679,0.06170561470665765
EMP09098,Mohit Nair,38,10,HR,53928,1030,3236,1029,904,47729,3422,7225,0,3231,2173,16051,11189,4510,Medium,0.33629449600871586,0.2344277064258627,0.09449181839133441,0.0
EMP09099,Preeti Mundra,54,24,HR,69937,1994,4196,1273,1789,60685,0,10128,14253,1443,4072,29896,814,559,Low,0.49264233336079755,0.013413528878635577,0.009211502018620747,0.23486858366977012
EMP09100,Vaishnavi Thomas,41,25,IT,139227,11179,8354,3279,1651,114764,26120,11545,0,10791,5498,53954,26854,5791,Medium,0.47013000592520304,0.23399323829772403,0.050460074587849846,0.0
EMP09101,Komal Agarwal,53,33,Sales,85000,3500,5100,1314,1548,73538,22106,11876,6184,11241,7023,58430,1795,1573,Low,0.7945551959531126,0.02440914901139547,0.02139030161277163,0.08409257798689113
EMP09102,Aditya Narang,26,5,IT,92786,4279,5567,1335,1614,79991,0,7867,26931,5943,1945,42686,19110,3952,Medium,0.5336350339413184,0.23890187646110186,0.049405558125289094,0.33667537597979774
EMP09103,Saloni Reddy,38,17,Cyber Security,141703,11674,8502,3107,2229,116191,25764,17658,10984,6633,7016,68055,20980,4512,Medium,0.585716621769328,0.1805647597490339,0.03883261182019261,0.09453400005163912
EMP09104,Saloni Bhardwaj,59,29,Sales,85000,3500,5100,2138,1138,73124,0,6469,16826,5514,3100,31909,25867,2374,Medium,0.43636836059296535,0.3537415896285761,0.03246540123625622,0.2301022919971555
EMP09105,Nandini Jain,31,12,Finance,95248,4525,5715,1370,921,82717,21850,12544,0,4534,5692,44620,17375,3674,Medium,0.5394296214804696,0.2100535561009224,0.044416504467038216,0.0
EMP09106,Dev Khurana,26,5,Finance,80554,3055,4833,1253,788,70625,0,9673,0,3816,3015,16504,25311,4464,Medium,0.2336849557522124,0.3583858407079646,0.0632070796460177,0.0
EMP09107,Nisha Shukla,36,8,IT,100836,5125,6050,3107,1715,84839,0,13616,29142,5396,4200,52354,15201,3970,Medium,0.6170982684850128,0.17917467202583717,0.046794516672756636,0.34349768384823015
EMP09108,Vikram Kumawat,40,8,Sales,58784,1273,3527,1149,1458,51377,0,6193,13741,4130,3688,27752,868,281,Low,0.5401638865640267,0.016894719426980946,0.005469373455047979,0.26745430834809353
EMP09109,Monika Mittal,32,8,Sales,57314,1199,3439,731,1033,50912,0,6960,3782,4407,2547,17696,14871,3272,High,0.3475801382778127,0.2920922375864236,0.06426775612822125,0.07428504085480829
EMP09110,Mohit Megha Khurana,39,15,Finance,104782,5717,6287,3381,2100,87297,0,11560,24611,5801,4778,46750,11880,15199,Medium,0.5355281395695156,0.13608715076119454,0.17410678488378753,0.28192263193465983
EMP09111,Pooja Reddy,30,6,Sales,55075,1087,3304,900,1186,48598,11309,7144,8407,1687,3010,31557,461,381,Low,0.6493477097822956,0.009485987077657517,0.007839828799539076,0.1729906580517717
EMP09112,Khushi Bedi,49,17,Operations,85704,3570,5142,1500,1025,74467,15161,12755,5560,3777,3490,40743,22235,2200,Medium,0.5471282581546189,0.29858863657727586,0.02954328763076262,0.07466394510320007
EMP09113,Sonia Sharma,28,2,Product Management,124866,8730,7492,3445,1239,103960,32083,15200,0,10304,9675,67262,6980,5588,Medium,0.6469988457098884,0.06714120815698346,0.05375144286263948,0.0
EMP09114,Rohan Lakhotia,60,29,Operations,95000,4500,5700,1759,1296,81745,16740,13253,0,3682,3272,36947,24183,4529,High,0.45197871429445224,0.29583460762126124,0.055404000244663285,0.0
EMP09115,Riya George,60,31,Sales,85000,3500,5100,1314,1087,73999,0,13162,19104,10505,5925,48696,3926,3142,Low,0.6580629467965783,0.05305477101041906,0.042460033243692484,0.25816565088717414
EMP09116,Jyoti Arora,50,26,Finance,126550,8982,7593,3455,1536,104984,0,13560,34014,2089,3756,53419,27899,5640,Medium,0.5088299169397241,0.2657452564200259,0.053722471995732685,0.32399222738703043
EMP09117,Rupal Bohra,39,17,Marketing,81783,3178,4907,2075,1513,70110,0,9501,0,10163,5624,25288,6822,6304,Medium,0.3606903437455427,0.09730423620025674,0.08991584652688632,0.0
EMP09118,Garima Purohit,53,34,IT,150000,13333,9000,2614,1134,123919,32288,16712,0,9619,5252,63871,2210,2613,Medium,0.5154253988492483,0.017834230424712917,0.021086354796278215,0.0
EMP09119,Prateek Khurana,54,31,Customer Support,60000,1333,3600,1516,2225,51326,17196,8204,0,8396,3352,37148,1682,1386,Low,0.7237657327670186,0.03277091532556599,0.02700385769395628,0.0
EMP09120,Rashmi Pradhan,28,5,HR,46128,640,2768,1104,2013,39603,9133,5695,0,1289,1641,17758,1185,360,Medium,0.44840037370906244,0.02992197560790849,0.009090220437845617,0.0
EMP09121,Megha Fernandes,53,22,HR,65557,1611,3933,2010,1434,56569,0,6691,17923,4710,3013,32337,1259,21,Low,0.57163817638636,0.022256005939648923,0.0003712280577701568,0.3168343085435486
EMP09122,Dhruv Mishra,58,31,Finance,130000,9500,7800,3423,1989,107288,0,16138,25707,4239,2327,48411,36687,4976,Medium,0.45122474088434866,0.34194877339497426,0.04637983744687197,0.2396074118261129
EMP09123,Mayank Shetty,45,24,IT,143205,11974,8592,2633,1582,118424,24441,15083,0,3983,2433,45940,46877,4670,High,0.38792812267783555,0.3958403701952307,0.039434574072823074,0.0
EMP09124,Varun Bhatia,56,30,HR,70000,2000,4200,1296,1871,60633,12982,9721,0,2376,3753,28832,2448,636,Medium,0.4755166328566952,0.04037405373311563,0.010489337489485924,0.0
EMP09125,Saloni Bedi,22,2,HR,44897,578,2694,1030,1606,38989,0,4177,0,3012,2027,9216,12192,3455,High,0.23637436199953832,0.3127035830618892,0.0886147374900613,0.0
EMP09126,Palak Pradhan,26,6,Cyber Security,118897,7835,7134,2419,1664,99845,0,13026,17618,7429,6970,45043,3924,1014,Low,0.4511292503380239,0.0393009164204517,0.010155741399168711,0.1764535029295408
EMP09127,Shruti Wadhwa,44,21,IT,127862,9179,7672,3778,1577,105656,26903,15486,0,5406,4722,52517,15606,22302,High,0.4970564851972439,0.14770576209585826,0.2110812447944272,0.0
EMP09128,Shruti Vaishnavi Das,24,0,Sales,46443,655,2787,922,2423,39656,0,4922,0,5998,2844,13764,2770,3712,Medium,0.3470849304014525,0.06985071615896711,0.0936050030260238,0.0
EMP09129,Gaurav Prateek Kohli,45,22,IT,135670,10467,8140,3117,1240,112706,27895,17187,0,4864,2855,52801,41187,3836,High,0.46848437527727005,0.36543750998172236,0.034035455077813075,0.0
EMP09130,Divya Lodha,42,21,Data Science,157491,14832,9449,2300,1229,129681,0,21763,43978,6071,4969,76781,4458,484,Low,0.5920759401917012,0.03437666273393944,0.0037322352542006926,0.33912446696123566
EMP09131,Pankaj Bajaj,44,28,Cyber Security,180000,20000,10800,3403,2170,143627,0,17981,35216,12186,6096,71479,27465,11138,Medium,0.497671050707736,0.1912244912168325,0.07754809332507119,0.24519066749288088
EMP09132,Mansi Mohanty,43,20,Sales,76467,2647,4588,1569,1342,66321,0,9593,21811,1386,2818,35608,16355,3135,Medium,0.5369038464438112,0.24660363987274017,0.04727009544488171,0.32887019194523603
EMP09133,Muskan Sandhu,25,2,Finance,79803,2980,4788,1683,2425,67927,0,10141,3941,3078,3553,20713,28114,3917,High,0.3049302928143448,0.41388549472227537,0.05766484608476747,0.058018166561161245
EMP09134,Abhishek Reddy,27,6,HR,45434,605,2726,986,1649,39468,10493,4872,2612,3860,1985,23822,7819,1454,Medium,0.6035775818384514,0.19810986115333942,0.03683997162258032,0.06618019661497922
EMP09135,Ananya Deshmukh,33,12,Customer Support,46051,636,2763,774,1980,39898,0,5767,9976,804,1093,17640,12818,1942,Medium,0.44212742493358065,0.3212692365532107,0.04867411900345882,0.25003759586946717
EMP09136,Saloni Iyer,44,23,Product Management,201599,25480,12096,3393,1071,159559,15012,26077,6222,22693,12276,82280,15362,8700,Medium,0.5156713190731955,0.09627786586779812,0.05452528531765679,0.03899497991338627
EMP09137,Monika Lakhotia,48,15,IT,122949,8442,7377,3506,2103,101521,0,14563,27037,2254,4744,48598,27734,6182,Medium,0.4786989883866392,0.27318485830517825,0.06089380522256479,0.2663192836949991
EMP09138,Rajat Joshi,44,20,Operations,88110,3811,5287,2118,1217,75677,0,14553,0,6527,5090,26170,24275,5134,Medium,0.345811805436262,0.3207711722187719,0.06784095564041916,0.0
EMP09139,Ayush Soni,34,7,Cyber Security,121396,8209,7284,3701,1606,100596,8258,12424,0,4809,5337,30828,18486,26210,High,0.3064535369199571,0.18376476201837053,0.26054713905125454,0.0
EMP09140,Prachi Mittal,37,18,Finance,112465,6870,6748,2468,2240,94139,0,9337,19892,4564,3463,37256,34014,4625,Medium,0.39575521303604244,0.3613167762563868,0.0491294787495087,0.21130456027788697
EMP09141,Trisha Swati Saxena,30,4,Sales,51704,919,3102,1086,1927,44670,12455,5530,1451,6413,3444,29293,2064,1820,Low,0.6557644951869264,0.04620550705171256,0.04074322811730468,0.03248265054846653
EMP09142,Jyoti Jain,30,5,IT,89983,3998,5399,2042,633,77911,0,11320,2896,4215,4972,23403,21316,7298,High,0.3003812041945297,0.273594229312934,0.09367098355816252,0.03717061775615767
EMP09143,Kartik Dubey,34,7,Data Science,107810,6172,6469,3354,1966,89849,9382,15651,0,3811,6978,35822,164,1238,Medium,0.3986911373526695,0.001825284644236441,0.013778673107101916,0.0
EMP09144,Riya Verma,35,5,Operations,64213,1544,3853,1243,1210,56363,0,4555,14364,3881,1314,24114,19501,1949,Medium,0.42783386264038464,0.3459893902027926,0.034579422670901125,0.2548480386068875
EMP09145,Nisha Pawar,31,7,Data Science,112377,6857,6743,2671,1137,94969,10963,12890,5689,2409,2568,34519,38241,4752,High,0.3634765028588276,0.4026682391096042,0.05003738061893881,0.059903758068422325
EMP09146,Sakshi Fernandes,47,21,Customer Support,54711,1069,3283,1039,1335,47985,0,8457,14933,1558,2844,27792,95,511,Low,0.5791809940606439,0.001979785349588413,0.010649161196207148,0.3112014171095134
EMP09147,Amit Jain,38,15,Sales,67065,1706,4024,1695,1747,57893,0,9257,0,8729,4139,22125,4327,3172,Medium,0.38217055602577166,0.07474133314908538,0.054790734631129843,0.0
EMP09148,Preeti Bose,33,12,Operations,75043,2504,4503,1517,1949,64570,0,4965,0,3689,2861,11515,34655,3360,High,0.1783335914511383,0.5367043518661917,0.05203654948118321,0.0
EMP09149,Aakash Agarwal,56,23,Marketing,85052,3505,5103,1900,2052,72492,0,11277,22174,7751,5109,46311,4185,3889,Low,0.6388429068035093,0.057730508194007615,0.053647299012304805,0.30588202836175027
EMP09150,Vidhi Nair,23,1,Finance,71504,2150,4290,1805,1205,62054,15129,6636,1897,3624,2754,30040,22181,2066,Medium,0.48409449834015533,0.3574467399361846,0.03329358300834757,0.030570148580268797
EMP09151,Atharv Harsh Purohit,44,17,Cyber Security,148649,13063,8919,2387,1008,123272,12329,17226,7713,7156,5604,50028,20719,22409,High,0.4058342527094555,0.1680754753715361,0.18178499578168603,0.06256895320916347
EMP09152,Lokesh Chatterjee,48,15,Marketing,73035,2304,4382,1999,1096,63254,0,7553,12821,7634,4137,32145,7504,2480,Medium,0.5081892054257439,0.11863281373509976,0.039207006671514846,0.20269073892560155
EMP09153,Vihaan Daga,28,5,Marketing,60201,1343,3612,1532,1794,51920,0,6573,13750,4794,2457,27574,9869,2479,Medium,0.5310862865947612,0.1900808936825886,0.04774653312788906,0.2648305084745763
EMP09154,Sanya Lokesh Jadhav,36,18,HR,61762,1421,3706,1917,1967,52751,0,6703,3735,2141,2187,14766,21364,3609,High,0.2799188640973631,0.4049970616670774,0.0684157646300544,0.07080434494132813
EMP09155,Swati Trivedi,40,16,Sales,67093,1709,4026,1576,1291,58491,0,10684,12357,3510,2822,29373,13792,3676,Medium,0.5021798225368005,0.2357969602161016,0.06284727564924518,0.21126327127250347
EMP09156,Prachi Yash Bajaj,40,9,Product Management,156667,14667,9400,3500,2390,126710,0,21147,0,9168,7100,37415,39487,9434,Medium,0.29528056191302976,0.3116328624417962,0.07445347644226975,0.0
EMP09157,Shivam Reddy,38,12,Operations,68977,1898,4139,2119,1591,59230,0,9074,12874,9725,3823,35496,4020,3602,Low,0.5992908998818166,0.06787101131183522,0.06081377680229613,0.21735606955934492
EMP09158,Sakshi Deshmukh,25,0,Operations,50000,833,3000,1080,1827,43260,0,4843,4405,2186,2701,14135,2776,1231,Medium,0.3267452612112806,0.0641701340730467,0.02845584835876098,0.10182616736014795
EMP09159,Sumit Bajaj,52,31,IT,148739,13081,8924,3550,1177,122007,0,17234,0,3289,4181,24704,53341,7084,Medium,0.20248018556312342,0.4371962264460236,0.058062242330358095,0.0
EMP09160,Preeti Bajaj,35,5,HR,50500,858,3030,993,1415,44204,9593,5348,0,3167,2098,20206,15968,1603,Medium,0.4571079540313094,0.36123427744095554,0.03626368654420414,0.0
EMP09161,Prachi Srivastava,34,11,Sales,67351,1735,4041,2190,1874,57511,3005,8795,0,2080,2960,16840,57,1888,Medium,0.2928135487124202,0.0009911147432665056,0.03282850237345899,0.0
EMP09162,Mayank Sandhu,45,15,IT,124675,8701,7480,3741,1478,103275,24994,14958,0,4658,5303,49913,27022,4344,High,0.4833018639554587,0.2616509319777294,0.04206245461147422,0.0
EMP09163,Aditi Nair,28,4,Customer Support,35544,111,2133,1091,1638,30571,7527,3165,0,1855,1391,13938,9320,1123,Medium,0.455922279284289,0.3048640868797226,0.03673415982467044,0.0
EMP09164,Saloni Saini,27,3,Customer Support,40439,355,2426,1082,1194,35382,9813,4929,4978,1150,1711,22581,529,233,Low,0.6382058673901984,0.01495110508167995,0.006585269345995139,0.14069300774405064
EMP09165,Kunal Sabharwal,36,16,Sales,72640,2264,4358,1402,1650,62966,12243,9148,0,3557,3389,28337,10978,9485,High,0.45003652764984275,0.17434806085824095,0.15063685163421528,0.0
EMP09166,Anurag Fernandes,37,17,Operations,81924,3192,4915,1940,1994,69883,23499,11392,0,8415,5000,48306,3010,3068,Low,0.6912410743671565,0.04307199175765208,0.04390195040281614,0.0
EMP09167,Rohit Naidu,46,18,Cyber Security,147303,12794,8838,3456,1933,120282,0,12794,38431,20660,9896,81781,9387,3180,Low,0.6799105435559768,0.07804160223474835,0.026437871003142616,0.3195074907301176
EMP09168,Tanvi Preeti Suri,48,21,IT,130739,9611,7844,3504,1830,107950,0,15221,22715,6864,6643,51443,23916,7392,Medium,0.476544696618805,0.22154701250578973,0.06847614636405744,0.21042149143121816
EMP09169,Kunal Sahu,46,23,HR,70000,2000,4200,1649,1921,60230,14758,9426,0,4596,3794,32574,10288,3586,Medium,0.540826830483148,0.17081188776357298,0.059538435995351156,0.0
EMP09170,Mayank Srivastava,47,20,IT,132067,9810,7924,3037,1651,109645,0,18563,30660,9383,5001,63607,18269,5163,Low,0.5801176524237311,0.16661954489488806,0.0470883305212276,0.2796297140772493
EMP09171,Sneha Das,38,8,Sales,56227,1145,3374,992,1868,48848,0,7991,7574,3526,2016,21107,11940,2892,Medium,0.4320954798558795,0.24443170651817883,0.059204061578774975,0.1550524074680642
EMP09172,Anjali Deepak Kulkarni,27,5,Cyber Security,110777,6617,6647,3316,1784,92413,5919,10616,0,19409,7145,43089,10809,6695,Medium,0.4662655686970448,0.11696406349755986,0.07244651726488698,0.0
EMP09173,Priya Gupta,25,1,Sales,45000,583,2700,1058,1823,38836,0,5222,4434,4300,1926,15882,10520,3041,Medium,0.4089504583376249,0.27088268616747346,0.07830363580183335,0.11417241734473169
EMP09174,Bhavna Aditya Jain,47,17,IT,119355,7903,7161,2312,1537,100442,0,15435,34177,7196,5481,62289,17163,4676,Low,0.6201489416777842,0.170874733677147,0.046554230302064875,0.34026602417315466
EMP09175,Pooja Shukla,31,5,Sales,53195,993,3192,856,1383,46771,0,7284,14884,2490,3084,27742,8082,2650,Low,0.5931453250946099,0.1727993842338201,0.05665904085865173,0.31823138269440465
EMP09176,Parth Kohli,38,10,Customer Support,48673,767,2920,736,1112,43138,0,8061,8789,2683,2764,22297,10419,2554,Medium,0.5168760721405721,0.24152719180305068,0.05920534099865548,0.2037414808289675
EMP09177,Rahul Bansal,60,28,Customer Support,60000,1333,3600,1646,2008,51413,10736,6715,0,2785,2271,22507,10324,4467,Medium,0.43776865773248014,0.20080524380993134,0.08688464007157723,0.0
EMP09178,Parth Purohit,51,29,Sales,85000,3500,5100,2140,1741,72519,0,12071,22376,2857,5550,42854,1797,1209,Low,0.5909347895034405,0.024779712902825466,0.016671492988044514,0.3085536204305079
EMP09179,Jyoti Rawat,33,8,Sales,59351,1301,3561,730,1906,51853,15792,6993,0,11419,3283,37487,1946,2080,Low,0.7229475633039554,0.03752916899697221,0.0401133974890556,0.0
EMP09180,Mansi Dubey,34,11,Finance,99335,4934,5960,1233,1062,86146,0,15380,0,7060,4384,26824,24825,7030,High,0.3113783576718594,0.28817356580688597,0.08160564622849581,0.0
EMP09181,Saloni Iyer,46,27,Sales,85000,3500,5100,1910,1146,73344,7252,13577,2938,13970,5109,42846,7122,3996,Medium,0.584178664921466,0.09710405759162304,0.05448298429319372,0.04005780977312391
EMP09182,Aman Avantika Verma,26,4,Sales,53016,984,3181,1060,1979,45812,0,7300,0,5245,3914,16459,4750,4764,Medium,0.359272679647254,0.10368462411595215,0.10399022090282022,0.0
EMP09183,Vikram Sahu,25,2,HR,40000,333,2400,992,988,35287,0,5247,0,4246,2405,11898,9099,3253,High,0.33717799756284184,0.25785700116190097,0.09218692436307989,0.0
EMP09184,Aisha Lodha,55,37,Marketing,90000,4000,5400,1375,1784,77441,16741,9258,4954,4914,2115,37982,23125,4059,Medium,0.4904637078550122,0.29861442904921165,0.05241409589235676,0.06397128136258572
EMP09185,Yash Menon,37,18,Data Science,150746,13483,9045,3560,1186,123472,0,17255,34928,3904,6151,62238,30956,5557,Medium,0.5040656991058702,0.2507127121938577,0.04500615524167423,0.2828819489438901
EMP09186,Yash Swain,25,1,Finance,70000,2000,4200,1224,1600,60976,0,5725,0,5603,3321,14649,11788,15290,High,0.24024206245080032,0.19332196273943847,0.2507543951718709,0.0
EMP09187,Rishabh Pandey,57,34,IT,150000,13333,9000,2580,972,124115,0,17004,0,5507,5093,27604,61366,6377,Medium,0.22240663900414936,0.4944285541634774,0.051379768762840915,0.0
EMP09188,Pooja Malhotra,51,25,IT,137678,10869,8261,2247,1886,114415,31106,20658,0,8808,7400,67972,19984,4181,Medium,0.5940829436699734,0.17466241314512956,0.036542411397107025,0.0
EMP09189,Nandini Jadhav,30,5,IT,93171,4317,5590,1223,1434,80607,6401,13883,0,4197,5914,30395,1019,845,Medium,0.37707643256789114,0.012641581996600792,0.010482960536926074,0.0
EMP09190,Tarun Jadhav,24,0,Customer Support,35000,83,2100,860,1591,30366,3185,3732,0,4069,2427,13413,4228,1890,Medium,0.4417111242837384,0.1392346703550023,0.06224066390041494,0.0
EMP09191,Ishita Wadhwa,38,10,Customer Support,45882,627,2753,965,1993,39544,13697,6322,0,6479,3824,30322,1057,1072,Low,0.7667914222132308,0.026729718794254502,0.027109043091240136,0.0
EMP09192,Gaurav Mohanty,59,34,Customer Support,60000,1333,3600,1632,1220,52215,0,10092,0,4160,3645,17897,15027,4343,High,0.34275591305180503,0.2877908646940534,0.08317533275878579,0.0
EMP09193,Anjali Kulkarni,56,31,Finance,130000,9500,7800,2972,1158,108570,29569,14523,0,17365,6855,68312,8230,3234,Low,0.6291977526020079,0.07580362899511836,0.029787234042553193,0.0
EMP09194,Lakshay Lakhotia,60,33,Marketing,90000,4000,5400,1692,1438,77470,20511,12908,4419,1855,4408,44101,1664,1373,Medium,0.5692655221376016,0.0214792823028269,0.017722989544339745,0.057041435394346196
EMP09195,Mohit Chauhan,42,22,Operations,87914,3791,5275,2134,1421,75293,8978,10459,2613,8977,5976,37003,5270,4879,Medium,0.49145338876123945,0.0699932264619553,0.0648001806276812,0.03470442139375506
EMP09196,Saurabh Jadhav,38,8,IT,98426,4843,5906,1550,1622,84505,22507,15101,0,7196,4129,48933,14092,4904,Medium,0.5790544938169339,0.166759363351281,0.05803206910833678,0.0
EMP09197,Preeti Saxena,31,5,Finance,80713,3071,4843,1320,1466,70013,15283,6575,0,5655,2070,29583,11863,15894,High,0.42253581477725566,0.16943996115007212,0.22701498293174124,0.0
EMP09198,Rishabh Saini,58,31,Operations,95000,4500,5700,1291,1938,81571,0,11341,22680,3556,3199,40776,9660,13631,Medium,0.49988353704135047,0.11842444005835408,0.16710595677385345,0.2780399897022226
EMP09199,Varun Joshi,60,32,IT,150000,13333,9000,2804,1950,122913,26446,13795,19371,7329,5808,72749,31483,3943,Medium,0.5918739270866386,0.25614052215794914,0.03207960101860666,0.15759927753777062
EMP09200,Rohan Soni,55,37,IT,150000,13333,9000,2906,694,124067,0,18366,30853,5568,4681,59468,14606,20875,Medium,0.4793216568467038,0.11772671217970936,0.16825586175211782,0.2486801486293696
EMP09201,Simran Singh,54,25,HR,67380,1738,4043,2123,1013,58463,13467,10332,0,2536,4295,30630,2238,122,Medium,0.5239211124985034,0.03828062193182013,0.00208678993551477,0.0
EMP09202,Palak Kavya Solanki,57,28,HR,68606,1861,4116,1490,1788,59351,13182,4870,6642,4180,2396,31270,16007,2921,Medium,0.5268655961988846,0.26970059476672675,0.04921568297080083,0.1119104985594177
EMP09203,Vidhi Lodha,54,31,Sales,85000,3500,5100,1259,1943,73198,0,12913,0,8455,6343,27711,8839,5363,Medium,0.3785759173747917,0.12075466542801716,0.07326702915380201,0.0
EMP09204,Ritika Thomas,43,15,IT,117241,7586,7034,2581,1237,98803,5224,13048,0,6524,4844,29640,17603,21951,High,0.29999089096484927,0.17816260639859113,0.22216936732690304,0.0
EMP09205,Aman George,57,28,Operations,95000,4500,5700,1928,1405,81467,0,13654,17294,14005,5593,50546,5398,4219,Low,0.6204475431769919,0.0662599580198117,0.05178784047528447,0.21228227380411702
EMP09206,Shruti Rajat Shukla,58,29,Customer Support,60000,1333,3600,1575,1533,51959,0,7101,0,2741,3103,12945,17405,5004,High,0.24913874400969996,0.3349756538809446,0.0963067033622664,0.0
EMP09207,Arjun Yuvraj Behera,36,17,IT,115899,7385,6954,3880,881,96799,0,13876,33752,6913,4570,59111,9497,16364,Medium,0.6106571348877571,0.0981105176706371,0.16905133317492949,0.348681288029835
EMP09208,Siddharth Purohit,37,17,Operations,85052,3505,5103,1913,1710,72821,16167,11414,0,2604,3357,33542,3018,174,Medium,0.46060889029263535,0.041444088930390956,0.002389420634157729,0.0
EMP09209,Ankit Seth,34,6,Operations,60364,1352,3622,1526,1955,51909,15360,8220,1824,1979,3519,30902,918,355,Medium,0.5953110250630912,0.017684794544298676,0.006838891136411797,0.03513841530370456
EMP09210,Harsh Sharma,23,3,Operations,55888,1128,3353,912,1708,48787,11233,6033,0,3658,1531,22455,14768,2776,Medium,0.4602660544817267,0.30270358907085904,0.05690040379609322,0.0
EMP09211,Ashish Dhruv Malhotra,22,3,Cyber Security,110174,6526,6610,2485,1195,93358,28738,12487,0,20032,6189,67446,2618,3002,Low,0.7224447824503524,0.028042588744403265,0.03215578739904454,0.0
EMP09212,Namrata Payal Solanki,41,25,Data Science,170000,17500,10200,3470,1672,137158,44249,19045,0,21808,9350,94452,10108,5453,Medium,0.688636463057204,0.07369602939675411,0.03975706849035419,0.0
EMP09213,Parth Pandey,56,35,Finance,130000,9500,7800,2251,1772,108677,24371,16388,0,6496,4953,52208,20927,6146,Medium,0.4803960359597707,0.1925614435437121,0.056552904478408494,0.0
EMP09214,Nandini Menon,22,0,Finance,70000,2000,4200,1464,1690,60646,13735,5696,0,4267,2463,26161,21121,3253,High,0.43137222570326156,0.3482669920522376,0.05363915179896448,0.0
EMP09215,Pallavi Lakhotia,41,22,IT,136302,10594,8178,2984,1286,113260,0,17914,10912,7702,5822,42350,28863,10216,High,0.37391841779975277,0.25483842486314673,0.09019954087939255,0.09634469362528696
EMP09216,Vihaan Dubey,33,8,IT,101685,5253,6101,3769,1040,85522,21519,9336,0,7819,4374,43048,19639,4262,Medium,0.503355861649634,0.22963681859638455,0.049835130141951775,0.0
EMP09217,Aman Bhardwaj,60,37,Operations,95000,4500,5700,1982,1300,81518,0,12629,22572,3180,3896,42277,21212,3888,Medium,0.518621654113202,0.2602124684118845,0.04769498761009838,0.27689590029196004
EMP09218,Abhishek Das,43,25,IT,145335,12400,8720,3360,1571,119284,10909,21308,9586,18162,8587,68552,6466,5995,Medium,0.5746956842493545,0.05420676704335871,0.050258207303578016,0.08036283156165118
EMP09219,Rahul Amit Jindal,25,1,Data Science,90000,4000,5400,1946,1902,76752,0,6961,3284,4728,2625,17598,35233,3883,High,0.22928392745465917,0.4590499270377319,0.05059151553053992,0.042787158640817176
EMP09220,Sneha Karan Nair,56,28,Sales,85000,3500,5100,2018,1498,72884,16676,9650,5780,3456,4572,40134,15517,3019,Medium,0.5506558366719719,0.21289995060644312,0.04142198562098677,0.07930409966522145
EMP09221,Atharv Yadav,22,2,IT,86466,3647,5188,1764,1116,74751,19730,9154,0,5784,3990,38658,13584,5593,Medium,0.5171569611108882,0.1817233214271381,0.07482174151516367,0.0
EMP09222,Kunal Sai Khurana,37,14,Cyber Security,134810,10295,8089,2230,1926,112270,23901,16974,0,7057,4915,52847,14977,19008,High,0.47071345862652536,0.13340162109201034,0.16930613699118197,0.0
EMP09223,Saurabh Shubham Kohli,50,19,Data Science,150631,13460,9038,3060,1103,123970,31628,21044,0,8409,6556,67637,19684,19119,High,0.54559167540534,0.1587803500846979,0.15422279583770268,0.0
EMP09224,Ayush Ghosh,39,13,Sales,71549,2155,4293,2015,1688,61398,0,9759,19207,2908,2488,34362,9566,3825,Low,0.5596599237760188,0.1558031206228216,0.062298446203459396,0.3128277794064953
EMP09225,Sanya Srivastava,24,3,Finance,77404,2740,4644,2127,1165,66728,6914,7772,0,12976,6616,34278,4100,4882,Medium,0.513697398393478,0.06144347200575471,0.0731626903249011,0.0
EMP09226,Preeti D'Souza,59,23,Operations,93315,4332,5599,1614,1469,80301,9563,13641,0,12486,5132,40822,4919,6567,Medium,0.5083622868955555,0.0612570204605173,0.08177980348937124,0.0
EMP09227,Ishita Srivastava,45,26,IT,144123,12158,8647,2636,1759,118923,0,10104,0,10920,4131,25155,31688,26309,High,0.21152342271890215,0.2664581283687764,0.22122718061266533,0.0
EMP09228,Diya Daga,39,16,Finance,111328,6699,6680,2960,1364,93625,29902,15027,0,15613,7844,68386,5760,3581,Low,0.7304245660881175,0.061522029372496664,0.03824833110814419,0.0
EMP09229,Karan Preeti Patel,59,24,Operations,91085,4108,5465,1443,2145,77924,0,8191,18484,4093,3846,34614,27526,3449,Medium,0.44420204301627225,0.353241620040039,0.04426107489348596,0.2372054822647708
EMP09230,Jyoti Vaishnavi Ahuja,48,28,Sales,85000,3500,5100,2176,1429,72795,0,9778,17048,1667,3188,31681,21026,3760,Medium,0.4352084621196511,0.28883851912906106,0.051651899168898965,0.23419190878494403
EMP09231,Mansi Fernandes,44,16,Operations,84222,3422,5053,1624,1833,72290,16467,8461,0,2580,3164,30672,24842,2540,Medium,0.42429104993775074,0.3436436574906626,0.035136256743671324,0.0
EMP09232,Ayush Fernandes,59,31,Marketing,90000,4000,5400,1278,2430,76892,6668,13557,10397,6072,4559,41253,16050,3408,Medium,0.5365057483223222,0.2087343286687822,0.04432190605004422,0.1352156271133538
EMP09233,Rohit Dubey,45,28,Operations,94569,4457,5674,2153,1277,81008,26960,12050,10510,9527,7650,66697,3502,1195,Low,0.8233384357100533,0.043230298242148926,0.01475162946869445,0.12974027256567253
EMP09234,Ananya Khurana,42,16,Finance,111132,6670,6668,3131,1601,93062,17760,11994,3684,3856,1992,39286,31741,4866,Medium,0.4221486750768305,0.3410736928069459,0.05228772216371881,0.039586512217661345
EMP09235,Akash Chauhan,25,3,HR,40116,339,2407,731,1862,34777,9286,3726,1400,5566,2039,22017,2626,1227,Low,0.6330908358972884,0.07550967593524456,0.035281939212698045,0.04025649135923168
EMP09236,Rajat Srivastava,47,22,Finance,120952,8143,7257,2535,1874,101143,23029,14294,7962,6725,6205,58215,16465,4233,Medium,0.5755712209446032,0.16278931809418348,0.04185163580277429,0.07872022779628843
EMP09237,Karan Tiwari,46,22,HR,66401,1653,3984,1816,1547,57401,0,7869,10889,5210,3893,27861,11009,4144,Medium,0.48537481925402,0.19179108377902823,0.07219386421839341,0.1897005278653682
EMP09238,Atharv Sandhu,31,7,Sales,53023,984,3181,960,1541,46357,12226,5788,7199,4938,2689,32840,5859,1880,Low,0.7084151260866751,0.12638867916388033,0.040554824514097115,0.15529477748775805
EMP09239,Prachi Bohra,22,3,Sales,46953,681,2817,1052,2152,40251,0,4519,3187,7713,3399,18818,3097,2443,Medium,0.46751633499788825,0.07694218777173238,0.06069414424486348,0.07917815706442076
EMP09240,Dhruv Purohit,35,9,Sales,60783,1372,3647,2053,1936,51775,4213,6361,0,1695,1759,14028,26174,2309,High,0.2709415741187832,0.5055335586673104,0.04459681313375181,0.0
EMP09241,Nandini Chopra,27,7,Marketing,65717,1619,3943,1346,1812,56997,11414,8754,0,3680,3188,27036,12609,3347,Medium,0.4743407547765672,0.22122216958787305,0.05872238889766128,0.0
EMP09242,Harsh Wadhwa,44,24,Customer Support,59255,1296,3555,1043,1121,52240,2807,8759,2721,1747,1994,18028,23742,2261,High,0.34509954058192954,0.45447932618683,0.04328101071975498,0.052086523736600304
EMP09243,Aisha Das,54,24,Cyber Security,164786,16291,9887,2855,1927,133826,0,15413,32979,7433,6702,62527,47725,3909,Medium,0.46722609956211797,0.3566197898764067,0.02920957063649814,0.24643193400385574
EMP09244,Sonia Shetty,56,26,Operations,95000,4500,5700,1474,2314,81012,7350,11840,0,2595,5935,27720,2535,506,Medium,0.3421715301436824,0.03129166049474152,0.006245988248654521,0.0
EMP09245,Sanya Mundra,23,0,Sales,46159,641,2770,763,2259,39726,0,6670,0,4009,3209,13888,5014,2992,Medium,0.34959472385843027,0.1262145698031516,0.07531591401097518,0.0
EMP09246,Amit Porwal,44,28,Finance,129085,9363,7745,2657,1511,107809,36504,18924,17720,18977,8169,100294,1774,1058,Low,0.930293389234665,0.0164550269458023,0.009813651921453682,0.16436475618918645
EMP09247,Rakesh Bohra,58,32,IT,150000,13333,9000,2643,1285,123739,0,14234,31687,5663,3889,55473,23007,20201,Medium,0.4483065161347675,0.1859316787754871,0.16325491558845634,0.2560793282635224
EMP09248,Ananya George,31,12,Operations,70614,2061,4237,1819,1581,60916,14273,6276,0,3599,2538,26686,20996,2691,Medium,0.43807866570359183,0.34467135071245647,0.04417558605292534,0.0
EMP09249,Ayaan George,45,16,Product Management,171803,17951,10308,3270,1196,139078,40700,16416,16101,13906,9330,96453,21299,4700,Medium,0.6935173068350134,0.15314427875005393,0.03379398610851465,0.11576956815599879
EMP09250,Pankaj Rajput,27,3,IT,92974,4297,5578,1678,1810,79611,18792,12671,0,3960,4417,39840,18132,5323,Medium,0.500433357199382,0.227757470701285,0.06686261948725679,0.0
EMP09251,Lokesh Mittal,26,2,Operations,54483,1057,3269,1043,1405,47709,11774,6411,0,2210,2479,22874,12024,1954,Medium,0.4794483221195162,0.2520279192605169,0.04095663292041334,0.0
EMP09252,Shruti Kumawat,38,11,Product Management,154686,14271,9281,2541,2114,126479,0,22409,36097,16236,7957,82699,6847,4070,Low,0.6538555807683489,0.054135469129262564,0.03217925505419872,0.28539915717233694
EMP09253,Aman Chaudhary,43,17,IT,120918,8138,7255,3318,1477,100730,10798,16252,0,7989,5525,40564,24420,7035,Medium,0.4027002878983421,0.2424302591085079,0.06984016678248783,0.0
EMP09254,Shivam George,40,8,HR,45158,591,2709,701,1656,39501,9419,6108,0,2422,2373,20322,9577,1449,Medium,0.5144679881521986,0.24244955823903191,0.03668261562998405,0.0
EMP09255,Ankit Kohli,27,6,Data Science,113890,7084,6833,2897,1343,95733,22316,14377,0,4746,4528,45967,31445,3164,High,0.48015835709734367,0.32846562836221577,0.03305025435325332,0.0
EMP09256,Amit Rawat,26,4,Sales,49308,799,2958,1054,1027,43470,4542,6849,2367,6169,2634,22561,5007,2285,Medium,0.5190016103059581,0.11518288474810214,0.05256498734759604,0.05445134575569358
EMP09257,Ankit Solanki,29,7,HR,47752,721,2865,1191,1334,41641,9864,6670,0,3442,2533,22509,7943,2408,Medium,0.540548978170553,0.19074950169304292,0.05782762181503806,0.0
EMP09258,Atharv Chatterjee,42,17,Data Science,147486,12831,8849,3507,1315,120984,0,23102,28685,6925,5553,64265,25387,4774,Medium,0.5311859419427363,0.20983766448455995,0.03945976327448258,0.23709746743371024
EMP09259,Aditi More,52,31,HR,70000,2000,4200,2125,1060,60615,17219,8240,10160,6639,5517,47775,2853,1036,Low,0.7881712447414007,0.04706755753526355,0.017091479006846492,0.16761527674667986
EMP09260,Shreya Aarav Mukherjee,37,12,Operations,67375,1738,4042,1760,1258,58577,0,10383,11556,3441,2744,28124,11986,4322,Medium,0.48012018368984416,0.204619560578384,0.07378322549806238,0.19727879543165405
EMP09261,Vihaan Saxena,53,25,Customer Support,60000,1333,3600,1242,1495,52330,15312,7552,0,2253,3657,28774,722,679,Medium,0.5498566787693484,0.013797057137397286,0.012975348748327918,0.0
EMP09262,Trisha Khurana,47,22,Marketing,83157,3316,4989,1269,1489,72094,0,11685,0,12577,6269,30531,9861,4831,Medium,0.4234887785391295,0.1367797597580936,0.0670097372874303,0.0
EMP09263,Avantika Somani,42,15,IT,120619,8093,7237,3688,2116,99485,11386,9091,4331,7223,2856,34887,37924,4014,Medium,0.35067598130371413,0.38120319646177814,0.04034779112429009,0.043534201135849625
EMP09264,Namrata Ghosh,39,16,Sales,69470,1947,4168,1670,1712,59973,0,6751,16501,12524,4991,40767,3705,1776,Low,0.6797558901505678,0.061777800010004505,0.029613325996698515,0.27514047988261386
EMP09265,Yuvraj Chaudhary,36,15,Sales,69962,1996,4198,1764,1973,60031,13718,10554,0,1359,3870,29501,195,1352,Medium,0.49142942812880014,0.003248321700454765,0.022521697123153037,0.0
EMP09266,Kartik Chauhan,48,22,IT,128726,9309,7724,3075,1717,106901,23333,15683,8650,7117,5006,59789,19900,6784,Medium,0.5592931778000205,0.18615354393317182,0.06346058502726822,0.08091598768954453
EMP09267,Vivek Agarwal,22,3,Data Science,98877,4888,5933,1381,1885,84790,0,14300,14356,5039,4600,38295,20943,5207,Medium,0.4516452411841019,0.24699846680033022,0.06141054369619059,0.16931241891732515
EMP09268,Sonia Porwal,54,27,Sales,85000,3500,5100,1998,1188,73214,16414,10445,0,5495,3766,36120,13600,3971,Medium,0.4933482667249433,0.18575682246564865,0.05423826044199197,0.0
EMP09269,Vikram Shukla,30,7,Finance,88775,3878,5326,1605,1306,76660,22022,15038,11491,4756,3365,56672,7379,2071,Low,0.7392642838507696,0.09625619619097313,0.027015392642838507,0.14989564309939996
EMP09270,Sneha Bhardwaj,25,0,Finance,75355,2536,4521,1572,1652,65074,13769,8066,0,5513,4034,31382,16741,3849,Medium,0.4822509758121523,0.25726096444048313,0.05914804683898331,0.0
EMP09271,Palak Chaudhary,56,26,Sales,84440,3444,5066,1401,1125,73404,0,12914,14379,11598,6989,45880,3355,2975,Low,0.6250340580894774,0.04570595607868781,0.04052912647812108,0.19588850743828673
EMP09272,Simran Priya Mohanty,55,32,Cyber Security,180000,20000,10800,3090,1432,144678,35026,19172,0,7609,5156,66963,24333,28154,High,0.4628416207025256,0.16818728486708415,0.19459765824797134,0.0
EMP09273,Megha Agarwal,58,30,Operations,95000,4500,5700,1349,2318,81133,0,11183,20110,1696,5221,38210,3175,1501,Low,0.4709550984186459,0.03913327499291287,0.018500486854917234,0.24786461735668594
EMP09274,Shubham Khanna,60,32,Data Science,170000,17500,10200,3549,2195,136556,39896,20481,0,7459,8062,75898,23615,7041,Medium,0.5558012829901285,0.1729327162482791,0.05156126424324087,0.0
EMP09275,Ishaan Sandhu,57,33,Cyber Security,180000,20000,10800,3451,1824,143925,0,22996,0,7127,6600,36723,65595,10373,High,0.25515372589890567,0.4557582073996873,0.0720722598575647,0.0
EMP09276,Sai Verma,58,29,Sales,85000,3500,5100,2200,1888,72312,0,11394,0,11145,6009,28548,5992,6847,Medium,0.394789246598075,0.08286314857838256,0.09468691226905632,0.0
EMP09277,Sai Bhardwaj,34,10,IT,104630,5694,6278,2779,1501,88378,21961,13463,11904,4754,4399,56481,14086,3728,Medium,0.6390843875172554,0.15938355699382198,0.042182443594559735,0.13469415465387313
EMP09278,Namrata Bansal,26,5,Finance,77956,2796,4677,2012,1156,67315,4178,10059,0,3199,1320,18756,32410,3198,Medium,0.2786303201366709,0.48146772636113794,0.04750798484735943,0.0
EMP09279,Sanya Muskan Mohanty,52,26,Customer Support,60000,1333,3600,1227,1496,52344,0,7488,17913,3034,3483,31918,7537,2882,Low,0.6097738040654134,0.14398976004890723,0.0550588415100107,0.3422168729940394
EMP09280,Shruti Lakhotia,49,26,Finance,130000,9500,7800,3671,1154,107875,0,18925,35237,7932,5808,67902,19478,4405,Medium,0.6294507531865585,0.1805608342989571,0.04083429895712631,0.3266465816917729
EMP09281,Rupal Ahuja,29,4,Sales,50674,867,3040,940,1443,44384,4163,6213,1889,6219,4051,22535,3985,2667,Medium,0.5077280100937275,0.08978460706560923,0.06008922134102379,0.04256038211968277
EMP09282,Saurabh Swain,36,11,Product Management,153969,14127,9238,3959,1093,125552,0,14762,31680,4886,3404,54732,35518,6538,Medium,0.4359309290174589,0.28289473684210525,0.052074041034790367,0.2523257295781827
EMP09283,Manish Jadhav,29,3,Finance,82051,3205,4923,1444,2381,70098,14406,10794,9288,4106,2414,41008,7024,12254,Medium,0.5850095580473053,0.10020257353990128,0.17481240548945762,0.1325002139861337
EMP09284,Tushar Bose,44,18,Marketing,79903,2990,4794,1977,1255,68887,15917,9413,0,4149,4325,33804,16084,4664,Medium,0.4907166809412516,0.23348382133058487,0.06770508223612583,0.0
EMP09285,Vidhi Bajaj,46,27,HR,70000,2000,4200,1980,1691,60129,18576,7800,6954,4444,4761,42535,173,125,Low,0.7073957657702606,0.0028771474662808295,0.0020788637762144723,0.11565134959836351
EMP09286,Ankit Reddy,45,15,Operations,73966,2397,4438,1259,1610,64262,0,11639,0,3296,5549,20484,3819,1317,Medium,0.3187575861317731,0.05942858921290965,0.020494226759204506,0.0
EMP09287,Riya Aditya Goel,36,16,Customer Support,53309,999,3199,999,1411,46701,0,6569,16312,2017,2021,26919,11778,1603,Medium,0.5764116400077086,0.25220016701997816,0.03432474679343055,0.34928588252928205
EMP09288,Pallavi Porwal,33,7,IT,102829,5424,6170,3595,867,86773,28349,12471,9490,11297,7060,68667,4222,1783,Low,0.7913406243877704,0.04865568782916345,0.020547866271766562,0.1093658165558411
EMP09289,Saloni Atharv Joshi,54,37,Sales,85000,3500,5100,1380,1645,73375,0,11651,0,11100,4705,27456,10908,6263,Medium,0.37418739352640545,0.14866098807495742,0.08535604770017036,0.0
EMP09290,Kunal Kulkarni,52,37,Finance,130000,9500,7800,2843,1504,108353,27451,19959,7047,9176,7121,70754,15612,4891,Medium,0.6529953023912582,0.14408461233191514,0.04513949775271566,0.06503742397533986
EMP09291,Siddharth Kohli,35,9,Customer Support,40520,359,2431,977,1201,35552,0,6372,10578,941,1916,19807,288,63,Low,0.5571275877587759,0.008100810081008101,0.001772052205220522,0.29753600360036003
EMP09292,Manish Lakhotia,46,25,IT,139031,11140,8342,3739,1145,114665,24297,18220,17345,6823,5534,72219,12137,14001,Medium,0.6298260149130075,0.10584746871320803,0.12210351894649632,0.1512667335281036
EMP09293,Akash Chauhan,59,26,Operations,91636,4164,5498,2013,1518,78443,0,12258,23315,3882,2543,41998,19756,3365,Medium,0.5353951276723226,0.25185166299096157,0.04289739046186403,0.2972221868108053
EMP09294,Pankaj Shubham Tiwari,48,28,IT,150000,13333,9000,3698,925,123044,0,16599,0,8375,4882,29856,29622,30973,High,0.24264490751275966,0.24074314879230194,0.2517229608920386,0.0
EMP09295,Nisha Srivastava,44,27,Product Management,209514,27854,12571,3001,2237,163851,0,25740,49458,5871,4425,85494,44864,7772,Medium,0.5217789332991559,0.2738097417775906,0.047433338826128615,0.3018474101470238
EMP09296,Shreya Bose,59,23,Customer Support,53578,1012,3215,1121,1502,46728,0,7515,12602,4666,4360,29143,3524,1407,Low,0.6236731724019859,0.07541516863550762,0.030110426296866975,0.269688409518918
EMP09297,Nandini Goel,32,8,IT,104051,5608,6243,3527,1205,87468,0,11628,30587,12138,6565,60918,5109,3491,Low,0.6964604198106736,0.05840993277541501,0.03991173915031783,0.3496936022316733
EMP09298,Preeti Mohanty,41,16,Data Science,129297,9395,7758,3218,1628,107298,0,16064,31905,4506,3146,55621,29367,4870,Medium,0.5183787209454044,0.27369568864284516,0.04538761207105445,0.2973494380137561
EMP09299,Ayaan Bajaj,53,29,HR,70000,2000,4200,1455,1606,60739,15333,8544,0,2358,2679,28914,2232,1217,Medium,0.4760368132501358,0.036747394589966904,0.020036549827952388,0.0
EMP09300,Aditi Shetty,27,3,Operations,53997,1033,3240,984,1220,47520,0,7366,8623,2930,3390,22309,10224,2998,Medium,0.4694654882154882,0.21515151515151515,0.06308922558922558,0.1814604377104377
EMP09301,Ananya Agarwal,60,37,Cyber Security,180000,20000,10800,3595,1891,143714,0,24589,29759,7443,8461,70252,34580,9308,Medium,0.4888319857494747,0.24061678055025953,0.06476752438871648,0.20707098821270023
EMP09302,Riya Menon,43,23,Product Management,198059,24515,11884,2282,1331,158047,0,23266,55271,16946,12024,107507,8513,4690,Low,0.6802217062013198,0.053863724082076854,0.02967471701455896,0.349712427315925
EMP09303,Amit Mehta,29,5,Cyber Security,109431,6415,6566,3693,1615,91142,20963,14994,0,4003,4515,44475,28011,3322,High,0.48797480854051917,0.30733361128788045,0.03644861863904676,0.0
EMP09304,Avantika Banerjee,47,26,Data Science,170000,17500,10200,2430,1699,138171,31303,19657,9455,5985,4481,70881,21222,26739,High,0.5129947673534968,0.1535922878172699,0.193521071715483,0.06842969943041594
EMP09305,Nikhil D'Souza,30,7,Operations,60191,1343,3611,1625,1302,52310,15251,5925,2026,3944,3929,31075,1151,887,Low,0.5940546740584974,0.02200344102466068,0.016956604855668134,0.038730644236283696
EMP09306,Aman Arora,22,3,Sales,47955,731,2877,989,1448,41910,11554,5063,4868,3573,2677,27735,4968,2171,Medium,0.6617752326413744,0.11853972798854688,0.05180147936053448,0.11615366261035552
EMP09307,Ananya Jindal,50,18,IT,129610,9442,7777,3793,1367,107231,0,18567,27332,6560,5148,57607,20949,5298,Medium,0.537223377568054,0.1953632811407149,0.04940735421659781,0.2548889780007647
EMP09308,Trisha Arora,26,2,Sales,52399,953,3144,863,2036,45403,8608,6282,0,979,1493,17362,16479,2643,Medium,0.38239763892253814,0.3629495848291963,0.058212012422086644,0.0
EMP09309,Simran Mundra,27,2,HR,42687,468,2561,1133,2267,36258,7342,3458,5930,3343,1856,21929,6033,1706,Medium,0.6048044569474323,0.16639086546417342,0.04705168514534724,0.16355011307849301
EMP09310,Ankit Khanna,37,14,IT,116429,7464,6986,3454,2011,96514,6402,18014,0,6343,4223,34982,27298,6582,High,0.36245518784839503,0.2828397952628634,0.06819735996850197,0.0
EMP09311,Trisha Dubey,60,28,Marketing,90000,4000,5400,1612,1075,77913,0,11941,17150,4977,3797,37865,17909,4592,Medium,0.48599078459307177,0.22985894523378642,0.058937532889248266,0.2201173103333205
EMP09312,Prateek Ahuja,59,25,Customer Support,54703,1068,3282,1033,1641,47679,13616,8532,0,2029,2882,27059,91,665,Low,0.5675244866712809,0.0019085970762809622,0.013947440172822416,0.0
EMP09313,Ayaan Roy,27,7,Marketing,64338,1550,3860,1432,1137,56359,0,7346,10831,2045,2560,22782,21108,2093,Medium,0.40423002537305486,0.3745275821075605,0.037136925779378625,0.19217871147465357
EMP09314,Sumit Dubey,28,5,Operations,60573,1362,3634,1917,1705,51955,9126,7001,0,1130,1069,18326,18932,3445,Medium,0.352728322586854,0.36439226253488594,0.0663073813877394,0.0
EMP09315,Rishabh Das,25,3,HR,42539,460,2552,851,1763,36913,0,3856,0,1917,1530,7303,17167,2616,High,0.19784357814320158,0.4650665077344025,0.07086934142443042,0.0
EMP09316,Jyoti Khanna,59,36,Sales,85000,3500,5100,1699,2265,72436,0,10867,17797,3692,3801,36157,12708,5406,Medium,0.4991578772985808,0.17543762769893423,0.07463139875200177,0.2456927494615937
EMP09317,Aditi Mohanty,24,1,IT,82984,3298,4979,1276,1267,72164,0,8671,0,9923,5917,24511,5354,4436,Medium,0.33965689263344606,0.07419211795355024,0.061471093620087576,0.0
EMP09318,Yash Tayal,25,0,Marketing,51691,918,3101,1012,1220,45440,5074,6138,6656,4309,2669,24846,9020,2858,Medium,0.5467869718309859,0.19850352112676056,0.06289612676056339,0.14647887323943662
EMP09319,Dev Sanya Khandelwal,23,2,Data Science,98163,4816,5890,1621,2056,83780,0,7741,0,8076,3580,19397,17091,18942,High,0.23152303652423012,0.20399856767724994,0.2260921460969205,0.0
EMP09320,Payal Shubham Malhotra,49,22,Finance,117661,7649,7060,3858,1033,98061,24243,13578,4644,4511,4846,51822,13346,16506,High,0.5284669746382353,0.13609895881135212,0.16832379845198397,0.047358276990852634
EMP09321,Megha Rajput,46,25,HR,68165,1816,4090,1839,2300,58120,0,8709,11145,4136,2779,26769,11346,4388,Medium,0.4605815554026153,0.19521679284239504,0.07549896765313145,0.1917584308327598
EMP09322,Priya Mathew,48,15,HR,58696,1268,3522,891,1618,51397,0,7456,15296,2106,3206,28064,1463,608,Low,0.5460240870089694,0.02846469638305738,0.011829484211140728,0.2976049185750141
EMP09323,Avantika Tayal,45,16,Data Science,140074,11348,8404,3523,1472,115327,0,10760,27307,10186,4201,52454,13434,24309,Medium,0.4548284443365387,0.11648616542526902,0.21078325110338428,0.23677889826319942
EMP09324,Preeti Ghosh,29,7,Marketing,59074,1287,3544,1049,1171,52023,0,6307,16778,9649,3414,36148,3647,2285,Low,0.6948465101974127,0.07010360801952982,0.04392288026449839,0.32251119697057073
EMP09325,Divya Bansal,45,27,HR,68743,1874,4125,1667,2232,58845,5996,10413,2012,4545,3420,26386,15948,3123,Medium,0.44839833460786815,0.2710170787662503,0.053071628855467755,0.03419152009516527
EMP09326,Rishabh Mishra,23,0,Finance,70000,2000,4200,1211,1308,61281,19589,6735,0,8118,5012,39454,4791,3099,Medium,0.643821086470521,0.07818083908552406,0.050570323591325204,0.0
EMP09327,Jyoti Joshi,30,4,IT,94587,4459,5675,1477,1996,80980,17961,13021,0,2924,2370,36276,27456,4089,Medium,0.44796245986663374,0.33904667819214623,0.0504939491232403,0.0
EMP09328,Abhishek Fernandes,54,29,HR,70000,2000,4200,1777,1241,60782,0,10544,17314,4552,3471,35881,11682,1988,Medium,0.5903227929321181,0.19219505774735943,0.03270705142969958,0.28485406863874174
EMP09329,Ankit Arora,22,1,Operations,52185,943,3131,1118,2154,44839,0,6381,0,5240,3183,14804,12187,2931,High,0.3301590133589063,0.271794643056268,0.06536720265840006,0.0
EMP09330,Rakesh Nandini Somani,27,7,Operations,60561,1361,3634,1511,1531,52524,5619,7020,0,7847,3343,23829,4103,4729,Medium,0.45367831848297924,0.07811667047444977,0.0900350316045998,0.0
EMP09331,Sai Swain,28,4,Sales,51008,884,3060,1014,1379,44671,8849,6755,455,2144,1824,20027,15361,2233,High,0.4483221776991784,0.34386962458865933,0.04998768776163506,0.010185579010991472
EMP09332,Komal Bagri,59,32,Finance,130000,9500,7800,2521,1451,108728,26592,13529,0,6183,3859,50163,18265,18247,High,0.4613622985799426,0.1679880067691855,0.16782245603708337,0.0
EMP09333,Arjun Nagpal,55,29,Finance,130000,9500,7800,2960,2080,107660,23543,15274,0,3763,2973,45553,38543,5057,High,0.42311907858071707,0.3580066877206019,0.046971948727475385,0.0
EMP09334,Ashish Seth,54,33,Customer Support,60000,1333,3600,2007,1296,51764,11471,6729,0,1325,1675,21200,17261,3108,High,0.40955103933235454,0.333455683486593,0.060041727841743296,0.0
EMP09335,Ashish Tiwari,35,8,IT,99854,4985,5991,1580,2033,85265,22918,9113,3035,6779,3337,45182,14355,5939,Medium,0.5299008972028382,0.168357473758283,0.06965343341347563,0.035594909986512636
EMP09336,Komal Chauhan,36,13,IT,109293,6394,6558,3899,2178,90264,23774,12751,0,5521,4233,46279,20510,4142,Medium,0.5127071700788798,0.22722236993707348,0.04588761854116813,0.0
EMP09337,Krishna Tomar,55,26,HR,70000,2000,4200,1528,1074,61198,13146,9249,2943,1507,1477,28322,19306,3266,High,0.46279290172881465,0.3154678257459394,0.053367757116245626,0.048089806856433215
EMP09338,Nisha Chatterjee,44,24,Operations,90545,4054,5433,2149,1364,77545,20405,11170,0,4179,3951,39705,7836,12926,High,0.5120252756463989,0.10105100264362628,0.1666903088529241,0.0
EMP09339,Muskan Nair,28,6,IT,96209,4621,5773,1249,1399,83167,23130,11381,0,8402,4866,47779,15796,4693,Medium,0.5744946914040425,0.18993110248055117,0.056428631548570946,0.0
EMP09340,Pooja Bhatia,59,28,IT,150000,13333,9000,3507,1540,122620,0,17926,26868,8676,4394,57864,18929,23272,Medium,0.47189691730549665,0.15437122818463547,0.1897895938672321,0.21911596803131625
EMP09341,Muskan Sabharwal,49,25,Finance,122538,8381,7352,2623,1302,102880,0,15713,0,3219,3147,22079,45085,8173,Medium,0.21460925349922239,0.43822900466562986,0.07944206842923794,0.0
EMP09342,Rupal Daga,59,23,HR,69878,1988,4193,2066,1169,60462,10029,8852,10140,1773,2128,32922,18489,1704,Medium,0.5445072938374517,0.3057953756078198,0.028182990969534583,0.16770864344546987
EMP09343,Pankaj Verma,28,2,Operations,54961,1081,3298,1015,1200,48367,0,6950,11248,7823,2839,28860,2971,1845,Low,0.5966878243430438,0.0614261790063473,0.038145843240225775,0.2325552546157504
EMP09344,Aakash Seth,26,6,Sales,58046,1236,3483,833,1686,50808,0,6964,0,4257,3663,14884,3276,436,Medium,0.29294599275704614,0.06447803495512518,0.00858132577546843,0.0
EMP09345,Rohit Suri,53,36,Sales,85000,3500,5100,1907,1427,73066,0,9654,19150,4774,4563,38141,16933,4012,Medium,0.5220075000684313,0.2317493772753401,0.05490926012098651,0.2620918074070019
EMP09346,Lakshay Kohli,51,24,Sales,85000,3500,5100,1766,1463,73171,14656,10829,5206,4534,2288,37513,8381,13457,High,0.5126757868554482,0.11453991335365103,0.1839116589905837,0.07114840578917878
EMP09347,Aakash Wadhwa,39,18,Marketing,85541,3554,5132,1806,2104,72945,0,7748,15666,5506,2593,31513,22654,3792,Medium,0.43201041880869145,0.310562752758928,0.05198437178696278,0.21476454863253136
EMP09348,Aarav Chatterjee,35,7,Sales,55202,1093,3312,1144,1963,47690,0,5906,0,3069,3152,12127,2317,414,Medium,0.2542881107150346,0.048584608932690294,0.00868106521283288,0.0
EMP09349,Aakash Mohanty,54,25,Customer Support,57234,1195,3434,841,1594,50170,0,5859,9844,2053,1344,19100,18029,2496,Medium,0.38070560095674705,0.359358182180586,0.049750847119792704,0.19621287622084913
EMP09350,Rakesh Reddy,57,22,Cyber Security,159951,15324,9597,3150,1226,130654,37558,20743,0,23643,8879,90823,9299,3060,Low,0.6951413657446385,0.07117271572244248,0.023420637714880524,0.0
EMP09351,Amit Sahu,23,1,IT,82127,3213,4928,1571,1872,70543,0,8308,0,6080,3663,18051,25667,5187,Medium,0.2558864805863091,0.36384899990076974,0.07352962023163177,0.0
EMP09352,Aditya Sabharwal,27,2,HR,43009,484,2581,925,1546,37473,8743,6308,0,1806,1577,18434,9453,2031,Medium,0.4919275211485603,0.25226162837242816,0.054199023296773674,0.0
EMP09353,Yuvraj Reddy,35,5,Cyber Security,105047,5757,6303,3179,1084,88724,31702,9642,9621,17114,8964,77043,1172,1896,Low,0.8683445291014833,0.013209503629232226,0.021369640683467833,0.10843740137955908
EMP09354,Sakshi Kulkarni,27,7,Sales,53537,1010,3212,1028,1276,47011,5107,7588,0,3095,2153,17943,13940,2937,Medium,0.3816766288740933,0.2965263448980026,0.06247473995447874,0.0
EMP09355,Anurag Purohit,48,16,Product Management,169769,17442,10186,3854,1795,136492,0,22298,0,6991,6552,35841,44108,10931,High,0.26258681827506375,0.323154470591683,0.08008527972335375,0.0
EMP09356,Nisha Agarwal,33,9,IT,99830,4983,5990,2029,1104,85724,20216,13262,5593,4189,3208,46468,27383,2691,Medium,0.5420652326069713,0.3194321310251505,0.03139144230320564,0.06524427231580421
EMP09357,Tarun Mishra,34,6,IT,101473,5221,6088,3657,1244,85263,24577,10416,11278,13967,6489,66727,2091,2788,Low,0.7826020665470368,0.024524119489110166,0.03269882598548022,0.13227308445632924
EMP09358,Akash Menon,37,8,Customer Support,43608,514,2616,807,1337,38334,3297,5730,0,1942,1832,12801,12645,3099,High,0.3339333228987322,0.3298638284551573,0.08084207231178588,0.0
EMP09359,Mayank Pradhan,23,3,Marketing,58020,1234,3481,924,1958,50423,0,6207,0,3676,4268,14151,284,731,Medium,0.2806457370644349,0.0056323503163239,0.014497352398706939,0.0
EMP09360,Komal Rawat,32,10,Sales,55362,1101,3322,1117,1225,48597,9686,4854,0,2670,1767,18977,17630,2400,Medium,0.3904973558038562,0.3627795954482787,0.04938576455336749,0.0
EMP09361,Sai Nitin Mittal,52,24,Sales,85000,3500,5100,1552,841,74007,6853,9048,12087,13659,5884,47531,4835,2229,Low,0.6422500574270001,0.06533165781615252,0.030118772548542706,0.16332238842271676
EMP09362,Atharv Shivam Chatterjee,35,6,Customer Support,43247,496,2595,764,1117,38275,13177,7070,0,5807,2510,28564,1148,980,Low,0.7462834748530373,0.029993468321358588,0.025604180274330503,0.0
EMP09363,Nikita Tayal,27,7,Sales,55747,1121,3345,1112,741,49428,0,5745,13478,9089,4495,32807,3493,2214,Low,0.6637331067411184,0.07066844703406976,0.04479242534595776,0.2726794529416525
EMP09364,Aman Hemant Saini,26,4,Sales,51755,921,3105,1133,2421,44175,2304,6168,0,3328,1869,13669,15097,2887,Medium,0.3094284097340125,0.34175438596491226,0.06535370684776458,0.0
EMP09365,Shruti Iyer,37,8,Marketing,64126,1540,3848,1259,1364,56115,11893,9182,0,3882,2202,27159,12614,2498,Medium,0.4839882384389201,0.2247883810032968,0.044515726632807624,0.0
EMP09366,Krishna Shukla,33,11,Finance,88431,3843,5306,1598,1828,75856,0,11141,16988,2885,2151,33165,24042,3843,Medium,0.43720997679814383,0.3169426281375237,0.05066178021514448,0.2239506433241932
EMP09367,Sonali Jain,29,2,Cyber Security,95000,4500,5700,2013,1763,81024,21640,12628,12045,4815,2958,54086,7618,10165,Medium,0.6675306082148499,0.09402152448657188,0.12545665481832544,0.14865965639810427
EMP09368,Divya Suri,44,16,IT,115894,7384,6954,3105,1920,96531,29760,14278,3132,11704,7248,66122,5620,3999,Medium,0.6849820264992593,0.05821963928686122,0.04142710631817758,0.03244553563104081
EMP09369,Bhavna Kunal Gill,46,22,HR,68501,1850,4110,1314,1649,59578,4819,9171,0,9155,5450,28595,7047,2473,Medium,0.47995904528517236,0.11828191614354291,0.04150861056094531,0.0
EMP09370,Preeti Rajput,56,35,IT,150000,13333,9000,3431,1951,122285,10735,14059,0,5264,5636,35694,23511,34688,High,0.2918918918918919,0.19226397350451813,0.28366520832481495,0.0
EMP09371,Arjun Solanki,34,8,Data Science,108496,6274,6510,3337,1952,90423,0,13474,0,4681,4460,22615,37263,5770,Medium,0.25010229698196257,0.41209647987790715,0.06381119847826328,0.0
EMP09372,Vihaan Khurana,35,10,Marketing,69071,1907,4144,1947,1066,60007,0,9424,5762,4916,2624,22726,14214,4252,Medium,0.378722482377056,0.23687236489076274,0.07085839985335045,0.09602213075141233
EMP09373,Garima Tushar Mukherjee,46,17,Marketing,78035,2804,4682,2034,1587,66928,16796,9820,0,4262,3406,34284,16014,3788,Medium,0.5122519722687067,0.23927205355008369,0.05659813530958642,0.0
EMP09374,Vikram Rawat,51,38,Marketing,90000,4000,5400,1538,1766,77296,0,11530,16169,3474,4656,35829,2014,1831,Low,0.4635298074932726,0.026055682053405093,0.023688159801283377,0.20918288139101635
EMP09375,Vidhi Aisha Pawar,41,25,Marketing,89239,3924,5354,1687,1190,77084,19568,11594,0,5998,5313,42473,12835,4795,Medium,0.5509963157075398,0.16650666805043848,0.06220486741736288,0.0
EMP09376,Priya Gill,53,32,IT,150000,13333,9000,2868,1555,123244,31852,21069,8402,7540,8865,77728,18721,5786,Medium,0.6306838466781345,0.15190191814611664,0.04694751874330596,0.06817370419655318
EMP09377,Shreya Pooja Roy,48,25,Sales,85000,3500,5100,1538,1767,73095,0,10777,19811,2979,1528,35095,21566,2854,Medium,0.48012859976742595,0.29504070045830766,0.03904507832273069,0.2710308502633559
EMP09378,Rajat More,25,3,IT,87028,3703,5222,2027,1603,74473,17040,8516,0,5320,3642,34518,13973,14484,High,0.46349683778013506,0.18762504531843754,0.19448659245632646,0.0
EMP09379,Shubham Daga,48,20,Cyber Security,152253,13784,9135,3784,2047,123503,0,16139,0,16379,7663,40181,10770,13193,Medium,0.32534432361966914,0.08720435940827348,0.10682331603280892,0.0
EMP09380,Manish Rahul Srivastava,38,11,IT,105823,5873,6349,2349,1663,89589,0,11102,31175,7904,4016,54197,17000,3508,Low,0.6049515007422787,0.18975543872573641,0.03915659288528726,0.3479779883691078
EMP09381,Ishita Roy,49,19,Cyber Security,162209,15775,9733,2933,2288,131480,0,14919,25685,12180,6358,59142,26509,9883,Medium,0.4498174627319744,0.2016200182537268,0.07516732582902343,0.1953529053848494
EMP09382,Aditya Fernandes,53,34,Customer Support,60000,1333,3600,1279,1226,52562,0,7279,0,2805,2374,12458,397,1470,Medium,0.23701533427190746,0.007552985046231118,0.027966972337430084,0.0
EMP09383,Varun Reema More,38,13,Sales,63864,1527,3832,1475,1198,55832,4423,9694,0,6583,5122,25822,4884,3575,Medium,0.4624946267373549,0.08747671586187133,0.06403137985384726,0.0
EMP09384,Abhishek Sharma,27,6,HR,46718,669,2803,766,1127,41353,3667,6368,2974,1968,2440,17417,10730,2208,High,0.4211786327473218,0.2594733151161947,0.053393949652987695,0.07191739414310933
EMP09385,Reema Vivaan Sabharwal,54,38,IT,150000,13333,9000,3928,1742,121997,0,14197,29205,5300,6652,55354,20743,21558,Medium,0.4537324688312008,0.17002877119929177,0.17670926334254122,0.23939113256883365
EMP09386,Vaishnavi Sahu,32,7,IT,96482,4648,5789,1247,2265,82533,22807,13874,0,12475,6324,55480,4607,4147,Low,0.6722159621000084,0.05582009620394267,0.050246568039450885,0.0
EMP09387,Neha Malhotra,28,7,HR,44448,556,2667,1147,2076,38002,0,6112,13220,933,2300,22565,0,336,Low,0.5937845376559129,0.0,0.008841639913688753,0.3478764275564444
EMP09388,Saurabh More,35,11,Finance,95802,4580,5748,1721,1618,82135,18789,12835,10653,6449,5287,54013,10363,3743,Medium,0.6576124672794789,0.1261703293358495,0.045571315517136425,0.12970110184452427
EMP09389,Ritika Bose,47,27,Customer Support,60000,1333,3600,2050,1864,51153,0,5407,11936,3627,3386,24356,2380,258,Low,0.4761402068304889,0.04652708541043536,0.005043692452055598,0.23333919809199852
EMP09390,Ayaan Kapoor,45,18,Product Management,179641,19910,10778,3225,1833,143895,0,22168,27900,24512,9025,83605,8000,7069,Low,0.5810139337711526,0.0555960943743702,0.049126098891552866,0.19389137913061608
EMP09391,Sonali Suri,28,4,Marketing,55889,1128,3353,867,1774,48767,10399,7508,0,1551,2859,22317,961,540,Medium,0.45762503332171345,0.019705948694814117,0.011073061701560482,0.0
EMP09392,Nikita Pillai,29,3,Sales,50485,858,3029,1002,1660,43936,10604,6494,1949,2636,2196,23879,5922,5975,Medium,0.5434950837581938,0.13478696285506192,0.13599326292789513,0.044359978150036415
EMP09393,Rohan Jindal,47,27,IT,145412,12416,8725,3747,1137,119387,0,15541,0,5577,6842,27960,32067,10779,High,0.23419635303676278,0.2685970834345448,0.09028621206664042,0.0
EMP09394,Nikita Shivam Bedi,39,15,Operations,74642,2464,4479,1778,1469,64452,0,11068,17146,1434,2563,32211,1682,1365,Low,0.49976726866505305,0.026096940358716566,0.021178551480171292,0.2660274312666791
EMP09395,Ayaan Sandhu,42,24,Customer Support,59143,1290,3549,1122,1972,51210,15511,9771,0,1773,3182,30237,1398,39,Low,0.5904510837727006,0.027299355594610428,0.0007615700058582308,0.0
EMP09396,Sakshi Solanki,57,29,Sales,85000,3500,5100,1574,1617,73209,0,12419,20320,4011,3632,40382,14344,2775,Low,0.551598847136281,0.19593219412913712,0.037905175593164774,0.27756150200112006
EMP09397,Vivaan Sabharwal,52,26,Marketing,90000,4000,5400,1865,2423,76312,0,11668,22754,5708,3977,44107,13161,3236,Low,0.5779824929237866,0.17246304644092672,0.04240486424153475,0.2981706677848831
EMP09398,Rohan Nair,57,24,Operations,91411,4141,5485,1689,1650,78446,13871,11180,0,3051,3514,31616,30074,4155,High,0.4030288351222497,0.38337200112179076,0.052966371771664585,0.0
EMP09399,Akash Khanna,30,2,IT,80569,3057,4834,1912,1102,69664,6248,10620,0,4266,3249,24383,10584,17634,High,0.3500086127698668,0.15192926045016078,0.2531293063849334,0.0
EMP09400,Rahul Bose,28,6,Sales,55111,1089,3307,1067,1509,48139,10534,5899,1680,3784,1913,23810,9199,2997,Medium,0.49460936039385944,0.19109246141382247,0.06225721348594695,0.03489893849062091
EMP09401,Gaurav Yadav,36,15,Operations,79246,2925,4755,1239,1585,68742,0,11265,18220,2156,4523,36164,499,224,Low,0.5260830351168136,0.007259026504902389,0.0032585609961886474,0.2650490238864159
EMP09402,Garima Narang,58,34,Sales,85000,3500,5100,2047,1535,72818,18730,9590,11190,3417,4539,47466,11604,2933,Medium,0.6518443242055536,0.1593562031365871,0.04027850256804636,0.15367079568238623
EMP09403,Aarav D'Souza,49,25,Operations,95000,4500,5700,1414,1074,82312,14506,8498,0,4947,2791,30742,28903,3556,High,0.3734813878899796,0.35113956652735934,0.04320147730586063,0.0
EMP09404,Aisha Khanna,48,26,Operations,95000,4500,5700,1692,1578,81530,18914,9285,0,6785,3631,38615,15566,5082,Medium,0.47362933889365877,0.19092358640991047,0.062332883601128417,0.0
EMP09405,Arjun Mathew,49,20,Customer Support,53013,984,3181,1040,2327,45481,0,7784,9933,3265,2958,23940,9927,2156,Medium,0.5263736505353884,0.21826696862426068,0.04740441063301159,0.21839889184494624
EMP09406,Sakshi Tomar,41,17,Sales,74722,2472,4483,1342,1328,65097,0,9347,21693,9612,5700,46352,2774,2389,Low,0.7120451019248198,0.04261333087546277,0.03669907983470821,0.33324116318724367
EMP09407,Aditi Bhardwaj,49,23,IT,141248,11583,8475,2921,2367,115902,27864,17571,5157,7080,7599,65271,25145,4710,Medium,0.5631568048868872,0.21695052716950528,0.04063778019361185,0.04449448672154061
EMP09408,Neha Shetty,37,11,Marketing,65870,1627,3952,1621,1196,57474,16151,9046,0,9160,5045,39402,2888,1981,Low,0.6855621672408393,0.05024880815673174,0.03446775933465567,0.0
EMP09409,Shreya Kumawat,50,20,Customer Support,56361,1151,3382,1097,897,49834,0,8552,10984,2685,2806,25027,8690,3704,Medium,0.5022073283300558,0.17437893807440702,0.07432676485933298,0.22041176706666132
EMP09410,Neha Mittal,51,36,Marketing,90000,4000,5400,2013,2280,76307,23237,14222,0,11540,6180,55179,3694,3056,Low,0.7231184557117958,0.04840971339457717,0.04004875044229232,0.0
EMP09411,Nandini Porwal,31,6,Operations,63259,1496,3796,1493,2132,54342,13533,8470,5993,4254,2912,35162,9225,2161,Medium,0.647050163777557,0.16975819807883405,0.03976666298627213,0.11028302233999485
EMP09412,Monika Saini,55,27,Operations,95000,4500,5700,2200,922,81678,20655,10999,31071,3458,3090,69273,1015,468,Low,0.8481231176081686,0.012426846886554519,0.005729817086608389,0.3804084331154044
EMP09413,Rohit Bajaj,33,12,IT,115700,7355,6942,2233,1639,97531,19543,12742,0,2234,3444,37963,35410,4648,Medium,0.3892403440957234,0.3630640514298018,0.047656642503409175,0.0
EMP09414,Shubham Anurag Das,56,36,Sales,85000,3500,5100,1747,1717,72936,0,8114,13376,6327,3449,31266,15584,6320,Medium,0.4286771964461994,0.21366677635187012,0.08665131073818141,0.18339366019523967
EMP09415,Vikram Shruti Sandhu,51,38,Customer Support,60000,1333,3600,1508,1820,51739,0,8054,0,2011,2968,13033,1788,819,Medium,0.25189895436711185,0.03455807031446298,0.015829451670886566,0.0
EMP09416,Ishita Nagpal,60,25,Sales,85000,3500,5100,1206,1315,73879,0,10111,20676,3830,4692,39309,14710,3113,Medium,0.5320727134909785,0.19910935448503633,0.04213646638422285,0.2798630192612244
EMP09417,Sanya Lodha,24,2,Finance,71073,2107,4264,1505,2172,61025,0,7799,0,3464,2374,13637,27336,3555,Medium,0.2234657927079066,0.44794756247439577,0.0582548136009832,0.0
EMP09418,Diya Tiwari,58,30,IT,150000,13333,9000,2397,1220,124050,0,16411,24720,7181,5989,54301,26654,8473,Medium,0.4377347843611447,0.21486497380088673,0.0683031035872632,0.1992744860943168
EMP09419,Pallavi Gupta,40,16,Operations,81266,3127,4876,1403,1269,70591,4096,9856,0,1993,2338,18283,35537,2709,High,0.25899902253828394,0.5034211160062898,0.038375996940119846,0.0
EMP09420,Gaurav Patel,37,10,Operations,68386,1839,4103,2101,1706,58637,6416,6345,0,3992,1395,18148,21276,3551,Medium,0.30949741630710986,0.3628425738015246,0.06055903269266845,0.0
EMP09421,Shreya Tanvi Parmar,52,26,HR,70000,2000,4200,2198,820,60782,0,5847,0,4105,3257,13209,3841,465,Medium,0.21731762692902504,0.06319305057418315,0.00765029120463295,0.0
EMP09422,Ayush Mohit Bedi,38,8,Sales,58918,1279,3535,918,1757,51429,5430,5609,2440,10015,3658,27152,3918,2474,Medium,0.5279511559625892,0.07618269847751269,0.048105154679266564,0.0474440490773688
EMP09423,Neha Singh,39,10,Sales,64132,1540,3848,1933,1767,55044,0,9520,15884,7258,4660,37322,3969,2472,Low,0.6780393866724802,0.07210595160235447,0.044909526923915415,0.2885691446842526
EMP09424,Ashish Swain,33,8,Marketing,65549,1611,3933,1581,1951,56473,0,9613,0,7289,3809,20711,3934,4648,Medium,0.3667416287429391,0.0696616082021497,0.08230481823172135,0.0
EMP09425,Pooja Malhotra,60,35,Finance,130000,9500,7800,2989,1872,107839,0,15903,35804,15267,8270,75244,3300,5086,Low,0.6977438589007687,0.030601173972310575,0.04716290024944593,0.33201346451654784
EMP09426,Amit Behera,42,25,Marketing,89083,3908,5345,1878,1930,76022,0,10472,26100,3415,2466,42453,20968,2060,Medium,0.5584304543421641,0.2758148956880903,0.02709741916813554,0.34332167004288233
EMP09427,Vaishnavi Sabharwal,40,10,Finance,92355,4236,5541,2141,2267,78170,0,12220,16359,4365,4291,37235,19611,3531,Medium,0.47633363182806704,0.25087629525393373,0.04517078162978125,0.20927465779710885
EMP09428,Kartik Bohra,53,30,Sales,85000,3500,5100,1273,1763,73364,17136,8723,0,4205,2947,33011,3628,752,Medium,0.449961834142086,0.049452047325663814,0.010250258982607273,0.0
EMP09429,Charu Daga,46,19,Sales,69106,1911,4146,1245,1064,60740,19663,10814,0,7463,5449,43389,3878,1936,Low,0.7143398090220613,0.06384590055976293,0.03187355943365163,0.0
EMP09430,Rohan Khandelwal,34,5,Cyber Security,112297,6845,6738,2500,1583,94631,20032,10452,4473,6125,3758,44840,28224,4076,Medium,0.47384049624330293,0.29825321511978103,0.043072566072428695,0.0472678086462153
EMP09431,Divya Maheshwari,37,17,Customer Support,49269,797,2956,916,1902,42698,0,7230,10891,5695,4210,28026,2515,2234,Low,0.6563773478851469,0.05890205630240292,0.05232095180102112,0.25507049510515717
EMP09432,Vivaan Agarwal,38,14,Sales,69105,1910,4146,2010,1862,59177,16152,10130,0,3718,3919,33919,11007,2933,Medium,0.5731787687784106,0.18600131807965933,0.049563174882133264,0.0
EMP09433,Parth Rawat,39,18,Sales,74683,2468,4481,1620,1894,64220,14652,9470,0,1543,1660,27325,25345,2261,High,0.4254905014014326,0.3946589847399564,0.03520710059171597,0.0
EMP09434,Priya D'Souza,49,19,Product Management,186859,21715,11212,3567,1126,149239,0,25003,40751,9514,6639,81907,27765,8895,Medium,0.5488310696265721,0.18604386252923164,0.059602382755177936,0.27305865088884274
EMP09435,Aisha Kapoor,58,37,Cyber Security,180000,20000,10800,3100,837,145263,0,22790,40122,8606,10442,81960,30161,7863,Low,0.5642180045847875,0.2076302981488748,0.054129406662398544,0.27620247413312404
EMP09436,Palak Sai Bhardwaj,40,9,Sales,57139,1190,3428,883,1511,50127,0,7356,10554,5410,3066,26386,10032,2873,Medium,0.5263829872124803,0.20013166556945358,0.05731442136972091,0.21054521515351007
EMP09437,Lakshay Swain,46,20,Operations,89018,3902,5341,1348,1248,77179,18996,12672,5274,2732,5153,44827,1471,1221,Low,0.5808186164630275,0.019059588748234622,0.015820365643504062,0.06833465061739592
EMP09438,Rajat Srivastava,46,28,Marketing,90000,4000,5400,1784,1340,77476,19065,12502,0,5596,3571,40734,16783,4479,Medium,0.5257628168723217,0.21662192162734267,0.057811451288140844,0.0
EMP09439,Anurag Daga,42,24,Operations,95000,4500,5700,1506,1888,81406,0,12245,22915,5314,5566,46040,15370,3285,Low,0.5655602781121785,0.1888067218632533,0.040353290912217774,0.28149030783971696
EMP09440,Nikita Bose,49,19,Sales,75603,2560,4536,1558,2090,64859,0,6396,16383,4389,3348,30516,21754,2513,Medium,0.4704975408193158,0.33540449282289275,0.03874558658011995,0.25259408871552136
EMP09441,Shruti Mishra,35,6,Marketing,57236,1195,3434,739,1434,50434,0,8097,0,3159,2252,13508,17645,3516,High,0.2678351905460602,0.34986318753222034,0.06971487488598961,0.0
EMP09442,Tarun Khandelwal,51,32,Operations,95000,4500,5700,1518,1443,81839,0,12597,28138,6047,5031,51813,14502,3805,Medium,0.6331089089553881,0.17720157870941727,0.04649372548540427,0.343821405442393
EMP09443,Nandini Bajaj,36,18,Customer Support,52827,975,3170,1177,1127,46378,13851,6087,2753,4803,2296,29790,6716,1717,Medium,0.6423304152831084,0.1448100392427444,0.03702186381473975,0.059360041398939155
EMP09444,Vivaan Sharma,41,19,Sales,80426,3043,4826,2124,1202,69231,0,10877,17723,11573,7169,47342,4268,3089,Low,0.6838266094668574,0.06164868339327758,0.044618740159755026,0.2559980355621037
EMP09445,Preeti Joshi,31,8,Finance,92909,4291,5575,1912,1653,79478,0,10840,0,1984,1778,14602,40662,5567,Medium,0.18372379778051787,0.5116132766300108,0.07004454062759506,0.0
EMP09446,Tushar Roy,27,7,Operations,57161,1191,3430,758,1814,49968,0,6882,0,3612,1933,12427,13754,4291,High,0.248699167467179,0.27525616394492475,0.0858749599743836,0.0
EMP09447,Ravi Tiwari,25,2,Sales,46686,668,2801,855,1113,41249,2645,5079,2619,4328,2654,17325,5895,10454,Medium,0.4200101820650198,0.14291255545588985,0.25343644694416834,0.06349244830177701
EMP09448,Aman Kumawat,51,29,Customer Support,60000,1333,3600,2184,1782,51101,10653,6735,0,2339,2209,21936,15163,2899,Medium,0.42926752901117393,0.29672609146592044,0.05673078804720064,0.0
EMP09449,Rashmi Seth,59,22,Marketing,80953,3095,4857,2198,1154,69649,0,12910,0,5995,3705,22610,19909,5791,High,0.32462777642177204,0.28584760728797254,0.08314548665451048,0.0
EMP09450,Vivek Vaishnavi Behera,40,18,IT,128380,9257,7703,3141,1558,106721,27791,18418,0,7393,6551,60153,17151,6295,Medium,0.5636472671732836,0.16070876397335107,0.05898557922058451,0.0
EMP09451,Sumit D'Souza,46,22,Finance,110987,6648,6659,2961,1247,93472,17911,14287,10576,3266,3978,50018,22783,3897,Medium,0.5351121191372817,0.2437414412872304,0.04169162957891133,0.11314618281410475
EMP09452,Saurabh Mukherjee,35,12,Sales,60192,1343,3612,1511,1159,52567,16643,8729,0,7363,4985,37720,1831,1344,Low,0.7175604466680617,0.0348317385431925,0.02556737116441874,0.0
EMP09453,Atharv Banerjee,38,8,Marketing,64672,1567,3880,1815,1446,55964,0,8396,10097,2805,2283,23581,13181,3138,Medium,0.4213601601029233,0.23552640983489387,0.056071760417411194,0.18041955542848975
EMP09454,Mayank Srivastava,23,2,IT,88633,3863,5318,1603,1150,76699,19000,9542,0,8189,4371,41102,16511,3555,Medium,0.5358870389444451,0.2152700817481323,0.046350017601272504,0.0
EMP09455,Rajat Mishra,29,4,HR,44738,570,2684,889,1566,39029,10321,5949,1944,852,1602,20668,1828,81,Medium,0.5295549463219658,0.04683696738322786,0.0020753798457557203,0.04980911629813728
EMP09456,Monika Mishra,49,27,IT,143722,12078,8623,3588,1727,117706,0,21275,30456,7652,7777,67160,23517,6461,Medium,0.5705741423546803,0.19979440300409496,0.054890999609195794,0.2587463680695971
EMP09457,Pankaj Saurabh Deshmukh,43,17,Marketing,75356,2536,4521,1929,1892,64478,0,10493,19969,3373,2928,36763,12931,2510,Low,0.5701634666087658,0.20054902447346382,0.03892800645181302,0.3097025341977108
EMP09458,Sai Sahu,23,2,Finance,76521,2652,4591,1982,1323,65973,21776,8683,9703,10455,6246,56863,1671,1275,Low,0.8619132069179816,0.025328543495066164,0.019326087945068435,0.14707531869097965
EMP09459,Nandini D'Souza,53,34,Finance,130000,9500,7800,3846,1478,107376,0,15510,0,5235,4127,24872,42688,7833,Medium,0.23163462971241247,0.3975562509313068,0.07294926240500671,0.0
EMP09460,Aditi Malhotra,54,37,Operations,95000,4500,5700,1430,1854,81516,0,14074,15451,6322,5293,41140,14930,5263,Medium,0.5046861965749055,0.18315422739094164,0.06456401197310957,0.18954561067765838
EMP09461,Amit Mishra,30,3,Sales,48095,738,2886,1096,1635,41740,0,6239,12087,2046,1504,21876,13883,1227,Medium,0.524101581217058,0.3326066123622424,0.02939626257786296,0.28957834211787253
EMP09462,Mansi Thomas,58,27,Operations,95000,4500,5700,2120,1799,80881,0,11635,0,5889,3812,21336,29489,4997,Medium,0.2637949580247524,0.36459737144694054,0.06178212435553467,0.0
EMP09463,Vaishnavi Ashish Naidu,36,10,Customer Support,46644,666,2799,1186,1360,40633,0,4988,8505,1647,1834,16974,16229,1418,Medium,0.41773927595796523,0.3994044249747742,0.034897743213644083,0.20931262766716707
EMP09464,Yash Mundra,57,36,Finance,130000,9500,7800,3696,1675,107329,0,9244,29279,6850,3402,48775,35265,5593,Medium,0.45444381294897,0.3285691658358878,0.052110799504327815,0.27279672781820385
EMP09465,Reema Bagri,43,21,Marketing,87528,3753,5252,1739,1633,75151,18899,11757,0,2386,6444,39486,3493,676,Medium,0.52542215007119,0.04647975409508855,0.008995222951125068,0.0
EMP09466,Sonia Khanna,60,23,Operations,87929,3793,5276,1675,1835,75350,0,6989,15591,6253,4489,33322,10455,13840,Medium,0.44222959522229593,0.13875248838752488,0.18367617783676177,0.206914399469144
EMP09467,Ankit Ghosh,55,25,Cyber Security,180000,20000,10800,3637,1958,143605,42137,23958,7652,24505,9083,107335,5591,3382,Low,0.747432192472407,0.0389331847776888,0.023550712022561888,0.05328505274885972
EMP09468,Ananya Naidu,35,12,IT,115863,7379,6952,3981,2174,95377,0,14622,21668,13823,5795,55908,8330,6113,Low,0.5861790578441344,0.08733761808402445,0.06409302032984891,0.2271826540989966
EMP09469,Kavya Sonali Swain,40,10,Sales,57819,1224,3469,1163,1727,50236,5463,7935,0,8298,5152,26848,4989,2523,Medium,0.5344374552114022,0.09931125089577196,0.05022294768691775,0.0
EMP09470,Rakesh Dubey,32,10,IT,107308,6096,6438,2998,1601,90175,24431,16273,4699,6920,6275,58598,15398,3018,Medium,0.6498253396174106,0.17075686165788745,0.03346825616856113,0.052109786526199055
EMP09471,Ishita Swain,22,2,Customer Support,35108,89,2106,1029,1811,30073,6782,4593,917,916,1409,14617,122,421,Medium,0.4860506101818907,0.004056795131845842,0.013999268446779503,0.030492468327070796
EMP09472,Diya Porwal,26,6,Data Science,105225,5784,6314,2900,1880,88347,7440,9339,0,6783,2886,26448,35315,6554,High,0.2993650039050562,0.39973060771729657,0.07418474877471787,0.0
EMP09473,Neha Arora,39,14,IT,113073,6961,6784,2407,1788,95133,0,17544,21382,14453,9379,62758,6212,3158,Low,0.6596869645653979,0.06529805640524318,0.03319563137922698,0.22475902158031388
EMP09474,Karan Ananya Naidu,60,26,Finance,124406,8661,7464,3147,976,104158,30454,15285,0,7241,7126,60106,17352,4156,Medium,0.5770656118589067,0.16659306054263714,0.03990091975652374,0.0
EMP09475,Lokesh Solanki,47,16,Sales,70235,2024,4214,2068,1202,60727,18947,10214,7640,2432,4353,43586,716,309,Low,0.7177367563027978,0.011790472112898711,0.005088346205147628,0.12580894824377953
EMP09476,Ashish Mishra,58,35,Data Science,170000,17500,10200,2416,1320,138564,0,16565,0,6421,5848,28834,60249,9175,Medium,0.20809156779538696,0.4348099073352386,0.0662148898703848,0.0
EMP09477,Riya Yadav,40,9,Sales,60700,1368,3642,1425,1530,52735,0,7705,0,2830,1827,12362,8721,16953,High,0.23441736986820896,0.16537404001137765,0.3214753010334692,0.0
EMP09478,Sakshi Bose,40,12,Marketing,70193,2019,4212,2116,1376,60470,12822,10189,0,1230,2697,26938,3147,875,Medium,0.4454770960807012,0.05204233504216967,0.014469985116586738,0.0
EMP09479,Mayank Soni,34,8,IT,101256,5188,6075,3010,2121,84862,0,12715,0,6823,3952,23490,27969,6602,Medium,0.2768023379133181,0.32958214512974005,0.07779689378049068,0.0
EMP09480,Nandini Iyer,42,24,HR,70000,2000,4200,1410,2035,60355,3291,6940,5412,5805,2734,24182,15405,4600,High,0.4006627454229144,0.25523983099991715,0.07621572363515865,0.08966945572032144
EMP09481,Priya Pradhan,58,32,Finance,130000,9500,7800,2346,1332,109022,24458,17624,0,7252,4492,53826,23900,5988,Medium,0.49371686448606705,0.21922180844233274,0.05492469409843885,0.0
EMP09482,Charu Reddy,28,7,HR,47193,693,2832,1059,1104,41505,9027,6398,1836,2952,2404,22617,7129,2161,Medium,0.5449222985182508,0.17176243826045054,0.05206601614263342,0.04423563426093242
EMP09483,Anurag Ghosh,36,11,IT,110701,6605,6642,2839,1821,92794,19329,14280,968,2339,4026,40942,34789,4132,Medium,0.441213871586525,0.3749057051102442,0.04452874108239757,0.01043170894669914
EMP09484,Yuvraj Malhotra,37,16,Data Science,137336,10801,8240,3589,1509,113197,23940,14599,0,4899,3777,47215,35614,7427,High,0.41710469358728586,0.3146196453969628,0.06561127945086884,0.0
EMP09485,Rajat Bhatia,22,2,Marketing,57082,1187,3425,1151,2223,49096,11646,6672,0,2846,3058,24222,1908,961,Medium,0.49335994785725923,0.03886263646732931,0.019573896040410623,0.0
EMP09486,Kartik Mukherjee,29,6,IT,96168,4617,5770,1643,1662,82476,19870,7148,5939,5499,4035,42491,24211,2946,Medium,0.5151922983655851,0.29355206363063197,0.03571948203113633,0.07200882681022358
EMP09487,Saloni Maheshwari,50,22,Sales,81804,3180,4908,2136,2145,69435,14986,7820,8631,5884,3875,41196,13820,2330,Medium,0.593303089220134,0.19903506876935262,0.0335565636926622,0.12430330524951394
EMP09488,Akash Verma,34,12,IT,112326,6849,6740,2937,2263,93537,24958,9312,8431,9529,6170,58400,17079,2959,Medium,0.6243518607609823,0.18259084640302767,0.03163454034232443,0.09013545441910688
EMP09489,Kavya Das,35,8,Sales,58926,1280,3536,797,1156,52157,12994,5322,0,5286,2098,25700,13227,2118,Medium,0.49274306420998143,0.2535997085721955,0.04060816381310275,0.0
EMP09490,Shreya Vivaan Mishra,41,21,Customer Support,52854,976,3171,829,1262,46616,0,7634,11049,1829,3345,23857,700,466,Low,0.5117770722498712,0.015016303415136434,0.00999656770207654,0.2370216234769178
EMP09491,Parth Swain,56,31,Customer Support,60000,1333,3600,1513,2320,51234,0,7209,11212,2239,3136,23796,144,722,Low,0.46445719639302024,0.0028106335636491394,0.014092204395518601,0.2188390521919038
EMP09492,Lakshay Naidu,35,8,Product Management,146843,12702,8811,2239,2371,120720,0,14637,0,11231,8430,34298,38512,10644,High,0.2841119946984758,0.31901921802518224,0.08817097415506958,0.0
EMP09493,Nikhil Behera,51,35,Sales,85000,3500,5100,1268,1188,73944,22606,12420,0,12785,7111,54922,3350,2961,Low,0.7427512712322839,0.045304554798225684,0.040043816942551116,0.0
EMP09494,Pankaj Bansal,24,0,Marketing,51620,914,3097,1044,1401,45164,11436,6708,0,3294,2551,23989,8255,2079,Medium,0.5311531308121513,0.1827783190151448,0.046032238065716054,0.0
EMP09495,Charu Shinde,54,29,Sales,85000,3500,5100,1427,2339,72634,21658,10261,8071,11594,6995,58579,2390,1284,Low,0.8064955805820966,0.03290470027810667,0.017677671613844755,0.11111875980945563
EMP09496,Abhishek Yadav,29,6,Finance,88351,3835,5301,1684,1741,75790,8904,8480,6838,1488,3212,28922,25743,4399,High,0.3816070721731099,0.3396622245678849,0.05804195804195804,0.0902229845626072
EMP09497,Rakesh Chopra,55,31,Finance,130000,9500,7800,3507,2411,106782,0,12171,30741,3177,3915,50004,36295,4429,Medium,0.4682811709838737,0.33989811016838045,0.04147702796351445,0.2878855986964095
EMP09498,Avantika Narang,26,5,Sales,50628,865,3038,1126,1712,43887,14120,7703,3265,5769,3032,33889,1731,886,Low,0.7721876637728713,0.03944220384168433,0.020188210631849977,0.07439560689953745
EMP09499,Nitin Kumawat,54,30,IT,150000,13333,9000,3313,842,123512,0,17924,26525,5271,9866,59586,2385,1383,Low,0.482430856920785,0.019309864628538117,0.011197292570762355,0.21475646091068074
EMP09500,Shubham Banerjee,36,14,IT,114234,7135,6854,2626,1662,95957,0,15025,0,5858,5681,26564,24385,9160,High,0.27683233114832684,0.25412424315057786,0.09545942453390581,0.0
EMP09501,Sonia Rashmi Tomar,56,26,Finance,122894,8434,7374,3356,1598,102132,0,12243,23733,8445,4589,49010,27375,5231,Medium,0.4798691888928054,0.2680354834919516,0.051218031566991735,0.23237574903066618
EMP09502,Ashish Porwal,56,26,Sales,85000,3500,5100,1675,914,73811,0,9741,0,1686,2268,13695,36337,3809,High,0.18554145046131335,0.4922978959775643,0.05160477435612578,0.0
EMP09503,Ananya Jindal,43,27,IT,150000,13333,9000,2321,1548,123798,30721,17043,0,8486,7354,63604,15199,23849,Medium,0.513772435742096,0.12277258114024459,0.19264446921598088,0.0
EMP09504,Arjun Mohanty,48,22,Sales,82673,3267,4960,1561,1985,70900,0,11094,13326,2378,3263,30061,3885,1804,Low,0.42399153737658674,0.05479548660084626,0.02544428772919605,0.18795486600846262
EMP09505,Tarun Abhishek Parmar,51,28,Operations,95000,4500,5700,1702,1504,81594,0,8479,18909,5608,1973,34969,27316,3165,Medium,0.4285731794004461,0.3347795181018212,0.038789616883594384,0.23174498124862122
EMP09506,Sonali Rohit Tayal,28,7,Operations,60782,1372,3647,1524,1511,52728,0,5021,9846,2979,1554,19400,18742,3596,Medium,0.367925959641936,0.35544682142315276,0.06819905932331968,0.18673190714610832
EMP09507,Rohit Kapoor,22,3,Operations,55184,1093,3311,1105,1761,47914,0,7382,0,3665,2879,13926,13481,4184,High,0.2906457402846767,0.28135826689485327,0.08732312059105898,0.0
EMP09508,Vivaan Sharma,22,0,Product Management,120000,8000,7200,2837,818,101145,29739,10745,4497,16406,7916,69303,3394,4081,Low,0.6851846359187306,0.03355578624746651,0.040348015225666126,0.04446092243808394
EMP09509,Kavya Jindal,43,27,Sales,85000,3500,5100,1773,1478,73149,0,11464,20750,5396,5331,42941,10875,3329,Low,0.5870346826340757,0.14866915473895748,0.04550984975871167,0.2836675826053671
EMP09510,Sanya Garima Srivastava,29,2,Sales,48864,777,2932,774,2237,42144,9914,6833,4823,3318,2749,27637,6970,1706,Medium,0.6557754365983295,0.16538534548215642,0.040480258162490505,0.1144409643128322
EMP09511,Ritika Rakesh Kumawat,44,17,Finance,109117,6368,6547,3097,1300,91805,0,12171,19570,4364,3582,39687,35342,3327,Medium,0.43229671586514895,0.38496813899025106,0.03623985621698165,0.21316921736288874
EMP09512,Payal Porwal,42,19,Finance,115083,7262,6905,2440,1328,97148,24165,13376,0,5124,3457,46122,31623,3199,High,0.4747601597562482,0.3255136492773912,0.03292913904557994,0.0
EMP09513,Amit Suri,27,5,Data Science,107245,6087,6435,3586,1684,89453,0,16105,0,5280,5836,27221,22038,9828,High,0.30430505405073055,0.24636401238639286,0.10986775178026449,0.0
EMP09514,Neha Saini,30,7,Sales,55378,1102,3323,772,1575,48606,2731,5865,4581,3677,1379,18233,20457,2262,High,0.3751182981524915,0.42087396617701517,0.04653746451055425,0.0942476237501543
EMP09515,Krishna Swain,24,3,IT,81921,3192,4915,1849,1506,70459,15469,6143,0,5085,1508,28205,21435,4525,Medium,0.4003037227323692,0.30421947515576436,0.06422174597993159,0.0
EMP09516,Sai More,31,7,Cyber Security,116140,7421,6968,3679,1385,96687,21137,14806,0,4968,4412,45323,22494,5749,Medium,0.4687600194441859,0.2326476155015669,0.05945990670927839,0.0
EMP09517,Tanvi Gill,26,5,Sales,50579,862,3035,1064,1139,44479,0,5502,11008,7806,3403,27719,2340,2828,Low,0.6231929674677938,0.0526090964275276,0.06358056610984959,0.24748757840778796
EMP09518,Akash Mundra,39,15,Sales,73283,2328,4397,1825,1002,63731,0,8267,20252,1395,1815,31729,18460,3077,Medium,0.49785818518460406,0.28965495598688235,0.04828105631482324,0.31777314023002934
EMP09519,Bhavna Pandey,37,11,Finance,94958,4496,5697,1894,1298,81573,17501,11971,0,2987,1713,34172,23828,5720,High,0.4189131207629976,0.2921064567933017,0.07012124109693159,0.0
EMP09520,Akash More,57,29,HR,70000,2000,4200,1504,1751,60545,0,8844,16721,3275,3580,32420,12618,3041,Medium,0.535469485506648,0.20840697002229747,0.05022710380708564,0.2761747460566521
EMP09521,Rohan Sahu,36,15,Sales,67241,1724,4034,1242,1428,58813,0,10900,0,8862,6216,25978,7841,2704,Medium,0.441705065206672,0.13332086443473382,0.04597622974512438,0.0
EMP09522,Khushi Parmar,41,22,Marketing,84000,3400,5040,1711,1049,72800,0,11711,18571,11747,5080,47109,3729,2422,Low,0.6471016483516484,0.05122252747252747,0.033269230769230766,0.25509615384615386
EMP09523,Rohit Jadhav,46,20,IT,123942,8591,7437,3993,1159,102762,0,18082,0,16865,6663,41610,11634,8896,Medium,0.4049162141647691,0.1132130554095872,0.08656896518168194,0.0
EMP09524,Nikhil Vivek Banerjee,31,10,Finance,92039,4204,5522,1777,2059,78477,5639,12170,9932,2184,2345,32270,23303,4917,Medium,0.4112032824904112,0.2969405048612969,0.06265530027906266,0.12655937408412657
EMP09525,Mayank Patel,60,26,Cyber Security,180000,20000,10800,2958,1762,144480,0,23964,40434,10334,10004,84736,23188,5886,Low,0.5864894795127353,0.16049280177187153,0.04073920265780731,0.279858803986711
EMP09526,Sneha Tayal,29,3,IT,83445,3344,5007,1784,1452,71858,17476,7572,0,5656,2446,33150,8259,14812,Medium,0.4613265050516296,0.11493501071557795,0.20612875393136462,0.0
EMP09527,Ayush Malhotra,42,24,Sales,83227,3323,4994,1757,1240,71913,0,11685,13571,3190,3129,31575,2895,1624,Medium,0.4390722122564766,0.04025697718076009,0.02258284315770445,0.1887141406977876
EMP09528,Tanvi Gill,59,23,Sales,81892,3189,4914,1205,1630,70954,17460,11533,0,5185,4494,38672,14371,3893,Medium,0.5450291738309327,0.20253967359134087,0.054866533246892356,0.0
EMP09529,Ananya More,34,9,Product Management,155399,14413,9324,3922,2174,125566,28434,15343,6946,7533,6833,65089,578,1634,Medium,0.5183648439864295,0.004603156905531753,0.013013076788302566,0.05531752225921029
EMP09530,Rahul Yadav,26,5,Cyber Security,112760,6914,6766,3796,880,94404,6710,11794,4236,17191,6444,46375,8932,6765,Medium,0.4912397779755095,0.09461463497309436,0.07166009914834118,0.04487098004321851
EMP09531,Pankaj Pillai,36,15,Finance,97639,4764,5858,1985,1231,83801,8072,15761,5935,7074,4831,41673,20163,5264,Medium,0.49728523525972246,0.2406057206954571,0.0628154795288839,0.07082254388372454
EMP09532,Rajat Mukherjee,26,4,Operations,57545,1211,3453,1062,942,50877,16817,5034,8632,7125,2928,40536,1704,1696,Low,0.7967450911020697,0.03349254083377558,0.03333529885803015,0.16966409182931383
EMP09533,Pankaj Lakhotia,25,2,IT,88650,3865,5319,1448,1484,76534,21022,9501,5757,6346,3220,45846,10793,4357,Medium,0.5990278830323778,0.14102229074659628,0.05692894661196331,0.07522147019625265
EMP09534,Parth Daga,59,27,Sales,85000,3500,5100,1776,1590,73034,0,12720,0,2556,4285,19561,1746,2339,Medium,0.26783415943259303,0.023906673604074814,0.03202617958758934,0.0
EMP09535,Mohit Swain,58,27,Customer Support,60000,1333,3600,1238,1603,52226,0,9697,12960,2649,4176,29482,1742,33,Low,0.564508099414085,0.03335503389116532,0.0006318691839313752,0.24815226132577645
EMP09536,Khushi Seth,35,9,Operations,62296,1448,3738,1803,1719,53588,12086,4478,0,3026,2007,21597,22135,1520,Medium,0.4030193326864223,0.41305889378219,0.028364559229678288,0.0
EMP09537,Karan Das,43,15,Sales,74970,2497,4498,1961,1007,65007,0,10963,0,10576,5525,27064,4831,3416,Medium,0.41632439583429476,0.07431507376128725,0.05254818711831034,0.0
EMP09538,Bhavna Akash Menon,49,23,HR,66954,1695,4017,1637,1837,57768,20268,10127,0,6971,5526,42892,2866,1932,Low,0.7424871901398699,0.049612242071735216,0.033444121312837555,0.0
EMP09539,Akash Chopra,22,2,Marketing,51011,884,3061,843,891,45332,0,4467,0,4125,2049,10641,15523,3015,Medium,0.2347348451425042,0.3424291890937969,0.06650930909732639,0.0
EMP09540,Ishita Swain,56,25,Data Science,165139,16361,9908,2419,1674,134777,0,20844,36551,6795,6495,70685,16205,23956,Medium,0.5244589210325203,0.12023564851569629,0.17774546102079733,0.2711961239677393
EMP09541,Ishita Bhavna Jadhav,58,37,Finance,130000,9500,7800,2675,1675,108350,0,20031,23206,7924,4659,55820,24178,5065,Medium,0.5151822796492848,0.22314720812182742,0.04674665436086756,0.21417628057221966
EMP09542,Varun Gupta,45,20,Customer Support,55011,1084,3301,1146,2277,47203,12052,7262,1469,1372,3091,25246,407,1051,Medium,0.5348388873588543,0.008622333326271636,0.0222655339702985,0.031120903332415312
EMP09543,Nikita Rashmi Narang,37,16,Marketing,77634,2763,4658,1240,1879,67094,0,8987,17406,7188,2946,36527,13532,3876,Medium,0.5444152979402033,0.2016871851432319,0.05776969624705637,0.2594270724654962
EMP09544,Karan Bose,34,9,Operations,66002,1633,3960,1706,1283,57420,0,6616,0,3159,2103,11878,29146,3685,High,0.2068617206548241,0.5075931731104145,0.06417624521072797,0.0
EMP09545,Garima Maheshwari,50,25,Cyber Security,168927,17232,10136,2806,2165,136588,0,21145,44011,10671,6565,82392,21454,7335,Low,0.6032155094151755,0.15707089934694116,0.05370164289688699,0.3222171786686971
EMP09546,Avantika Kulkarni,42,26,IT,150000,13333,9000,3177,1682,122808,0,20490,36444,9769,8237,74940,19155,6173,Low,0.6102208325190541,0.1559751807699824,0.05026545501921699,0.2967559116669924
EMP09547,Kartik Sahu,35,7,IT,95943,4594,5757,1364,1131,83097,0,11832,16655,5054,3949,37490,20587,4353,Medium,0.4511594883088439,0.24774660938421364,0.05238456261958915,0.20042841498489716
EMP09548,Varun Dubey,44,18,Operations,85394,3539,5124,2146,2157,72428,0,11000,17940,4339,4306,37585,12673,3637,Medium,0.5189291434251947,0.17497376705141657,0.05021538631468493,0.24769426188766774
EMP09549,Bhavna Pawar,29,4,Marketing,53515,1009,3211,1118,1189,46988,15650,6905,0,7780,4502,34837,1253,1808,Low,0.7414020601004512,0.026666382906273944,0.03847790925342641,0.0
EMP09550,Simran Bedi,23,1,IT,82813,3281,4969,1883,1626,71054,17680,8786,0,3913,3021,33400,3130,1396,Medium,0.4700650209699665,0.04405100346215554,0.019647029020181835,0.0
EMP09551,Yash Singh,56,24,IT,136779,10689,8207,2345,1329,114209,0,17477,36903,6220,5282,65882,18251,7481,Low,0.5768547137265889,0.15980351811153237,0.06550271869992733,0.32311814305352465
EMP09552,Swati Yadav,50,17,Sales,73169,2317,4390,1825,2294,62343,0,9038,16771,2286,4201,32296,1292,731,Low,0.5180373097220217,0.02072405883579552,0.011725454341305359,0.26901175753492773
EMP09553,Avantika Ahuja,31,7,Cyber Security,122365,8355,7342,3273,1726,101669,21670,10293,0,6600,3324,41887,41215,3520,Medium,0.41199382309258475,0.405384138724685,0.03462215621280823,0.0
EMP09554,Ankit Parmar,56,23,Finance,117139,7571,7028,2800,1880,97860,21202,14620,0,3176,2077,41075,31175,4704,Medium,0.41973227059063967,0.31856734109952994,0.048068669527897,0.0
EMP09555,Sai Menon,53,22,Sales,85000,3500,5100,1952,1406,73042,21983,8462,0,11780,5912,48137,2922,2633,Low,0.6590317899290818,0.04000438104104488,0.036047753347389175,0.0
EMP09556,Kunal Rawat,36,9,IT,97705,4770,5862,1337,1076,84660,23191,11168,4462,13179,5170,57170,3315,2765,Low,0.67528939286558,0.0391566265060241,0.03266005197259627,0.052704937396645404
EMP09557,Garima Khanna,38,8,Customer Support,44363,551,2662,784,1398,38968,0,4491,10191,3489,1867,20038,6748,1912,Medium,0.5142167932662698,0.17316772736604394,0.04906590022582632,0.26152227468692263
EMP09558,Nikita Srivastava,57,25,Cyber Security,170347,17587,10221,2397,2123,138019,13574,17315,0,6202,5159,42250,21068,37669,High,0.3061172737086923,0.15264565023656163,0.2729261913214847,0.0
EMP09559,Lakshay Khurana,29,4,Sales,49427,805,2966,705,1021,43930,8132,5923,3767,1064,1179,20065,13503,2012,Medium,0.45674937400409743,0.3073753699066697,0.045800136580924196,0.08575005690871841
EMP09560,Namrata Verma,40,12,Customer Support,48963,781,2938,969,1188,43087,0,7752,14322,1672,1982,25728,1648,395,Low,0.5971174600227447,0.03824819551140715,0.009167498317357903,0.3323972427878478
EMP09561,Saurabh Parmar,38,18,Customer Support,47518,709,2851,918,957,42083,12592,6346,2616,6532,3502,31588,2124,853,Low,0.7506118860347408,0.05047168690445073,0.02026946748093054,0.06216286861678112
EMP09562,Mohit Rathore,60,29,IT,149772,13288,8986,3050,1685,122763,0,14620,0,12761,6161,33542,33841,9786,Medium,0.2732256461637464,0.2756612334335264,0.07971457198015688,0.0
EMP09563,Vidhi Divya Fernandes,50,21,HR,66505,1659,3990,1676,1327,57853,6383,9599,0,8329,5214,29525,6422,3224,Medium,0.5103451852107929,0.11100547940469811,0.05572744715053671,0.0
EMP09564,Vidhi Suri,50,25,Operations,95000,4500,5700,2190,1169,81441,0,10992,20017,2652,3631,37292,28642,2792,Medium,0.4579020395132673,0.35169018062155427,0.0342824867081691,0.24578529242027972
EMP09565,Vivek Das,43,28,Sales,85000,3500,5100,1698,1229,73473,0,8631,24675,12604,6092,52002,5233,2044,Low,0.7077702012984362,0.07122344262518204,0.02781974330706518,0.33583765464864646
EMP09566,Diya Bagri,38,14,Sales,63238,1495,3794,1820,1159,54970,5809,9212,0,7271,5315,27607,5318,3761,Medium,0.5022193923958523,0.09674367837002001,0.06841913771147899,0.0
EMP09567,Kartik Tiwari,45,19,Sales,71341,2134,4280,1260,1922,61745,17469,9896,0,9837,5743,42945,3612,1614,Medium,0.6955219046076605,0.05849866385942182,0.02613976840229978,0.0
EMP09568,Ayaan Menon,60,25,Marketing,90000,4000,5400,2157,1632,76811,22193,8304,0,5132,3957,39586,517,443,Medium,0.515368892476338,0.006730806785486453,0.005767403106325917,0.0
EMP09569,Ayush Mehta,26,3,Finance,73004,2300,4380,1784,2448,62092,12373,8160,0,1735,1292,23560,23108,3745,Medium,0.379436964504284,0.37215744379308124,0.06031372801649166,0.0
EMP09570,Reema Tomar,60,34,Data Science,170000,17500,10200,3297,2051,136952,33701,20849,9605,3436,4058,71649,41871,5854,Medium,0.5231687014428413,0.30573485600794437,0.04274490332379228,0.07013406156901689
EMP09571,Payal Wadhwa,37,12,Sales,63051,1486,3783,2200,1211,54371,6093,7847,0,6228,4806,24974,4858,2771,Medium,0.45932574350297034,0.08934910154310202,0.050964668665281126,0.0
EMP09572,Sneha Shinde,32,7,Marketing,64042,1535,3843,1700,2491,54473,14297,8831,0,4567,3448,31143,8783,2651,Medium,0.5717144273309713,0.16123584160960475,0.04866631175077561,0.0
EMP09573,Rohan Mehta,60,32,Sales,85000,3500,5100,1338,1778,73284,0,13575,18671,5774,5105,43125,14091,3440,Medium,0.5884640576387752,0.19227935156377926,0.046940669177446645,0.25477594017793787
EMP09574,Abhishek Jyoti Somani,39,10,Sales,59119,1289,3547,952,958,52373,15526,8296,0,4389,2689,30900,10340,1797,Medium,0.5899986634334485,0.19742997345960706,0.03431157275695492,0.0
EMP09575,Tarun Arora,53,32,IT,150000,13333,9000,2680,2111,122876,0,19619,33053,7653,7274,67599,21587,7057,Low,0.5501399785149256,0.17568117451739965,0.05743188254826003,0.26899475894397606
EMP09576,Sakshi Jindal,50,27,Finance,130000,9500,7800,3288,1759,107653,28895,17185,4528,7641,5938,64187,18144,4937,Medium,0.5962397703733291,0.16854151765394368,0.04586031044188271,0.04206106657501417
EMP09577,Gaurav Gupta,60,32,Sales,85000,3500,5100,2084,1419,72897,0,8690,16746,2146,2579,30161,21446,4637,Medium,0.4137481652194192,0.2941959202710674,0.06361029946362676,0.22972138771142844
EMP09578,Sakshi Mittal,33,6,Finance,85954,3595,5157,2034,1690,73478,14511,8141,0,4385,2931,29968,14346,17071,High,0.40784996869811374,0.1952421132856093,0.23232804376820274,0.0
EMP09579,Ishita Nitin Arora,37,13,Operations,71677,2168,4301,1909,1454,61845,0,9300,14115,3924,2836,30175,14541,4168,Medium,0.48791333171638773,0.23512005821004123,0.06739429218206808,0.22823186999757458
EMP09580,Vaishnavi Mukherjee,27,5,IT,88238,3824,5294,1994,1012,76114,17996,14041,0,4770,3302,40109,15682,3258,Medium,0.5269595606590115,0.20603305567963845,0.04280421473053578,0.0
EMP09581,Ayaan Iyer,35,8,Operations,62564,1462,3754,1430,1122,54796,14885,5611,0,5712,2297,28505,10411,3839,Medium,0.5202022045404774,0.1899956201182568,0.07005985838382364,0.0
EMP09582,Vidhi Tiwari,35,12,IT,115766,7365,6946,3437,2398,95620,9590,14519,0,4826,5106,34041,15837,24987,High,0.3560029282576867,0.16562434637105208,0.26131562434637107,0.0
EMP09583,Jyoti Tomar,35,9,Operations,68779,1878,4127,1983,2154,58637,15643,9226,0,3498,3601,31968,10350,3968,Medium,0.5451847809403619,0.176509712297696,0.0676705834200249,0.0
EMP09584,Vikram Kulkarni,37,12,Data Science,121089,8163,7265,2934,1228,101499,24115,17972,0,5873,7149,55109,18729,6331,Medium,0.5429511620804146,0.18452398545798482,0.062374998768460775,0.0
EMP09585,Garima Rupal Kumawat,31,6,Customer Support,39798,323,2388,723,2030,34334,9361,5869,0,4755,3060,23045,1582,1583,Low,0.6712005592124425,0.046076775208248384,0.046105900856294055,0.0
EMP09586,Yuvraj Somani,52,35,IT,150000,13333,9000,3819,1660,122188,37137,19370,0,15272,8097,79876,6645,5723,Medium,0.6537139489966282,0.05438340917275019,0.04683765999934527,0.0
EMP09587,Hemant Jain,23,0,Sales,45000,583,2700,1003,2222,38492,0,5170,11372,3095,1580,21217,8175,1496,Low,0.5512054452873324,0.2123817936194534,0.03886521874675257,0.2954380130936298
EMP09588,Dev Bansal,35,12,Operations,74408,2441,4464,1353,904,65246,15014,6202,0,4923,2716,28855,19588,2811,High,0.44224933329246235,0.3002176378628575,0.04308310087974742,0.0
EMP09589,Nikhil Deshmukh,39,8,Sales,56861,1176,3412,915,1036,50322,0,7962,15065,8260,4646,35933,3395,1624,Low,0.7140614442987163,0.0674655220380748,0.03227216724295537,0.29937204403640555
EMP09590,Ishaan Nitin D'Souza,27,6,IT,98198,4820,5892,1450,1342,84694,16892,13294,0,3469,3662,37317,27937,3551,Medium,0.44060972441967555,0.32985807731362315,0.041927409261576974,0.0
EMP09591,Ritika Kumawat,27,7,Finance,91045,4104,5463,1994,2423,77061,0,6851,15077,4229,1785,27942,33127,2715,Medium,0.362595865612956,0.42988022475701065,0.03523182933001129,0.19565019919284724
EMP09592,Karan Sharma,31,7,Customer Support,41803,423,2508,829,1774,36269,10128,5392,2845,2604,2506,23475,5072,1567,Medium,0.6472469602139568,0.1398439438639058,0.043204940858584465,0.07844164437949765
EMP09593,Preeti Bajaj,36,9,Marketing,65006,1584,3900,1753,1791,55978,0,7785,13726,1770,1502,24783,16419,2776,Medium,0.4427275000893208,0.29331165815141663,0.04959091071492372,0.24520347279288293
EMP09594,Nandini Sneha Bansal,24,1,IT,82541,3254,4952,1725,2228,70382,0,8826,0,6352,4727,19905,24890,6261,High,0.28281378761615183,0.35364155607967945,0.0889574038816743,0.0
EMP09595,Saurabh Reema Swain,23,2,IT,86099,3610,5166,1382,968,74973,19277,9534,5077,7204,4437,45529,13657,3001,Medium,0.6072719512357783,0.18215891054112815,0.040027743320928864,0.06771771170954877
EMP09596,Harsh Shukla,59,34,Finance,130000,9500,7800,3006,1370,108324,0,13475,35382,10850,6311,66018,20309,3832,Medium,0.6094494294893098,0.18748384476201027,0.035375355415235774,0.3266312174587349
EMP09597,Vaishnavi Kulkarni,24,2,Product Management,125702,8855,7542,2507,1675,105123,0,12770,0,22028,10394,45192,12411,7157,Medium,0.4298964070660084,0.11806169915242144,0.06808215138456855,0.0
EMP09598,Dhruv Pawar,26,5,Operations,59798,1323,3588,1060,1768,52059,12717,6855,1651,2440,2115,25778,11240,3402,Medium,0.49516894293013697,0.21590887262529054,0.0653489310205728,0.031714016788643655
EMP09599,Arjun Tanvi Verma,31,9,Data Science,123231,8485,7394,2436,2055,102861,24614,18344,9310,8526,4563,65357,14128,5245,Medium,0.6353914505983803,0.13735040491537123,0.05099114338767852,0.09051049474533594
EMP09600,Vikram Jadhav,48,15,IT,114915,7237,6895,2816,1552,96415,21158,9842,0,8836,5606,45442,19333,6317,Medium,0.4713167038323912,0.20051859150547113,0.06551885080122388,0.0
EMP09601,Manish Ahuja,55,27,HR,70000,2000,4200,1821,1705,60274,0,9845,13201,4489,3086,30621,11394,3140,Medium,0.5080299963500017,0.1890367322560308,0.05209543086571324,0.2190164913561403
EMP09602,Shreya Anurag Verma,32,10,IT,103772,5566,6226,3443,2336,86201,0,7828,0,5546,2856,16230,44949,6207,High,0.18828087841208338,0.5214440667741673,0.07200612521896498,0.0
EMP09603,Saloni Pawar,31,5,Customer Support,40089,338,2405,722,2276,34348,8168,5942,0,2364,1928,18402,5645,1720,Medium,0.5357517177128217,0.16434726912775124,0.050075695819261676,0.0
EMP09604,Arjun D'Souza,34,12,Operations,70767,2077,4246,1383,2069,60992,15644,9163,4933,4700,2713,37153,9232,3290,Medium,0.609145461699895,0.15136411332633787,0.05394150052465897,0.08087945960125918
EMP09605,Mohit Khandelwal,35,12,Operations,72740,2274,4364,1289,942,63871,15367,6150,2496,4004,2803,30820,3040,1368,Medium,0.4825351098307526,0.047595935557608306,0.021418171000923737,0.03907876814203629
EMP09606,Mohit Mohanty,24,3,Operations,53813,1024,3229,1186,1358,47016,10635,5159,0,3393,2230,21417,1219,717,Medium,0.45552577845839715,0.025927343882933468,0.015250127616130678,0.0
EMP09607,Aditi Soni,54,29,Operations,95000,4500,5700,2144,1771,80885,6942,9680,0,16185,8147,40954,5850,3500,Medium,0.5063237930395005,0.07232490573035792,0.043271311120726956,0.0
EMP09608,Preeti Pankaj Khurana,58,24,Data Science,158845,15102,9531,2546,1557,130109,0,19310,0,7610,4329,31249,23086,41270,High,0.24017554511986103,0.17743584225533976,0.3171955821657226,0.0
EMP09609,Shivam Suri,57,31,Cyber Security,180000,20000,10800,3102,1309,144789,0,21449,36115,11528,6526,75618,28875,9085,Medium,0.5222634316142801,0.19942813335267182,0.06274647935961986,0.2494319319837833
EMP09610,Anurag Mohanty,60,22,Operations,88061,3806,5284,1529,1523,75919,0,12243,31020,2415,5765,51443,1813,588,Low,0.6776037619041346,0.02388071497253652,0.007745096747849682,0.4085933692488046
EMP09611,Karan Rawat,53,37,Sales,85000,3500,5100,2036,2357,72007,0,5983,0,3817,3287,13087,40544,3632,High,0.1817462191175858,0.56305636951963,0.05043954060021942,0.0
EMP09612,Sumit Dubey,25,0,Cyber Security,95000,4500,5700,2169,879,81752,0,8158,24768,6604,3710,43240,15994,3762,Medium,0.5289167237498776,0.19564047362755652,0.04601722282023681,0.30296506507486054
EMP09613,Parth Patel,44,17,Marketing,73830,2383,4430,1231,2057,63729,18425,10685,9250,1611,3449,43420,1551,364,Low,0.6813224748544618,0.02433742880007532,0.0057116854179415965,0.14514585196692242
EMP09614,Mayank Banerjee,34,12,Data Science,123435,8515,7406,3380,2106,102028,0,17338,30956,6818,4869,59981,16453,4299,Low,0.5878876386874191,0.1612596542125691,0.042135492217822555,0.3034069079076332
EMP09615,Sneha Trivedi,50,17,Customer Support,52513,959,3151,845,1411,46147,0,7224,0,3085,2902,13211,6863,15346,Medium,0.28628079831841724,0.14872039352503955,0.33254599432249116,0.0
EMP09616,Ayaan Somani,37,12,Sales,63372,1502,3802,1361,1998,54709,0,10199,15875,2615,4058,32747,2051,296,Low,0.598566963388108,0.03748926136467492,0.005410444351020856,0.2901716353799192
EMP09617,Abhishek Bansal,46,27,Marketing,90000,4000,5400,1736,2069,76795,0,10918,18377,3383,2060,34738,27283,2999,Medium,0.45234715801810016,0.35527052542483234,0.039052021615990626,0.2392994335568722
EMP09618,Ankit Porwal,29,2,Sales,45000,583,2700,850,1708,39159,0,5608,0,2322,2785,10715,1833,1079,Medium,0.2736280293163768,0.046809162644602775,0.02755432978370234,0.0
EMP09619,Reema Kapoor,46,23,Data Science,162095,15752,9726,2284,1414,132919,0,18327,38132,6475,3543,66477,34343,5292,Medium,0.5001316591307488,0.25837540156034877,0.039813721138437695,0.2868814842121894
EMP09620,Prachi Das,53,35,HR,70000,2000,4200,1258,1705,60837,15069,11420,0,3887,3950,34326,10872,3066,Medium,0.5642290053750185,0.1787070368361359,0.050396962374870555,0.0
EMP09621,Tushar Mathew,32,12,Customer Support,47444,706,2847,997,1351,41543,10957,4641,1544,2330,2999,22471,639,698,Medium,0.5409094191560552,0.015381652745348194,0.016801867944057965,0.03716630960691332
EMP09622,Parth Khurana,32,9,Marketing,66139,1640,3968,2013,2285,56233,16465,8374,6508,5113,3739,40199,7749,1283,Low,0.7148649369587253,0.13780164671989756,0.022815784325929615,0.11573275478811373
EMP09623,Mansi Tomar,38,8,IT,102817,5423,6169,2955,1661,86609,0,11330,23199,8843,3663,47035,15937,5778,Medium,0.5430728908081146,0.1840108995600919,0.06671362098627164,0.2678589984874551
EMP09624,Sneha Pandey,44,16,Sales,69706,1971,4182,1913,1095,60545,0,9215,0,1831,1759,12805,32024,3717,Medium,0.21149558179866215,0.5289288958625815,0.061392352795441404,0.0
EMP09625,Riya Harsh Menon,36,11,HR,54224,1045,3253,979,1131,47816,0,7064,0,2733,2145,11942,15995,4238,High,0.2497490379789192,0.3345114605989627,0.08863142044503931,0.0
EMP09626,Arjun Mohanty,38,14,HR,55617,1114,3337,1103,2071,47992,3966,8280,0,3940,2841,19027,10272,3645,Medium,0.3964619103183864,0.21403567261210202,0.07595015835972663,0.0
EMP09627,Lakshay Rupal Jindal,44,21,IT,135894,10512,8154,3043,1778,112407,12050,17188,0,7557,5351,42146,17964,31298,High,0.374941062389353,0.15981211134537884,0.27843461706121503,0.0
EMP09628,Ishaan Somani,52,25,Customer Support,59710,1319,3583,1128,1064,52616,3527,9416,0,5819,4226,22988,4059,4214,Medium,0.4369013227915463,0.07714383457503421,0.08008970655313973,0.0
EMP09629,Vivaan Joshi,53,37,Sales,85000,3500,5100,1563,1054,73783,0,10885,25571,5378,3096,44930,11730,2794,Medium,0.6089478606182996,0.1589797107734844,0.0378678015260968,0.34657034818318583
EMP09630,Simran Jain,35,7,Cyber Security,115662,7349,6940,2434,1691,97248,0,11222,0,7511,5732,24465,29587,9192,High,0.2515732971372162,0.30424276077657125,0.09452122408687068,0.0
EMP09631,Ashish Gupta,35,10,Marketing,61033,1385,3662,1806,1299,52881,13130,7887,0,3834,3781,28632,11130,2653,Medium,0.5414421058603279,0.21047257048845522,0.05016924793404058,0.0
EMP09632,Charu Pradhan,31,8,IT,100157,5024,6009,3109,1502,84513,6333,8264,14948,4431,3954,37930,26811,3685,Medium,0.4488066924615148,0.31724113450001773,0.04360275933879995,0.1768721971767657
EMP09633,Ayaan Bose,49,18,Finance,114211,7132,6853,3718,1685,94823,22395,12564,0,6837,4101,45897,23188,3892,Medium,0.4840281366335172,0.2445398268352615,0.04104489417124537,0.0
EMP09634,Aman Rajput,39,10,IT,108429,6264,6506,2513,1116,92030,20493,13042,0,3041,2136,38712,31416,5051,Medium,0.42064544170379226,0.34136694556123004,0.05488427686623927,0.0
EMP09635,Palak Deshmukh,36,8,Cyber Security,118266,7740,7096,2347,1933,99150,0,16744,21460,6448,5518,50170,21093,5901,Medium,0.5060010085728693,0.21273827534039336,0.05951588502269289,0.21643973777105396
EMP09636,Payal Ishaan Bhardwaj,35,5,Operations,56495,1158,3390,774,2111,49062,13141,9272,0,3479,3621,29513,8442,2467,Medium,0.6015449838979251,0.17206799559740737,0.050283314989197345,0.0
EMP09637,Nitin Bose,50,17,Cyber Security,146010,12535,8761,2928,2094,119692,0,19284,27394,13494,10868,71040,4928,7486,Low,0.593523376666778,0.04117234234535307,0.0625438625806236,0.22887076830531697
EMP09638,Hemant Patel,45,22,Customer Support,57327,1200,3440,985,2103,49599,11852,8473,0,2995,2589,25909,9512,3187,Medium,0.5223694026089236,0.19177806004153308,0.06425532772838162,0.0
EMP09639,Garima Bohra,49,21,Data Science,150294,13392,9018,2608,1400,123876,0,22859,38447,10380,7198,78884,15868,5422,Low,0.6367980884109916,0.12809583777325712,0.04376957602764055,0.31036681843133457
EMP09640,Lokesh Naidu,46,19,HR,60392,1353,3624,1519,1997,51899,4246,9172,0,4133,2145,19696,13449,3227,High,0.3795063488699204,0.25913794100079,0.06217846201275554,0.0
EMP09641,Mohit Nagpal,22,3,Sales,53085,988,3185,748,1311,46853,16105,5636,0,6644,3733,32118,1903,1950,Medium,0.6855057306896036,0.04061639596183809,0.04161953343435853,0.0
EMP09642,Tushar Singh,24,2,Operations,53319,999,3199,885,977,47259,3342,5593,2292,3177,1351,15755,20724,1820,Medium,0.33337565331471253,0.4385196470513553,0.03851118305507945,0.04849869866057259
EMP09643,Pooja George,48,19,Sales,75374,2537,4522,1736,1857,64722,0,11737,13808,11739,6067,43351,5040,2429,Low,0.6698031581224313,0.07787151200519143,0.03752974259139087,0.21334322177930223
EMP09644,Ayush Arora,60,35,IT,150000,13333,9000,2461,1258,123948,0,20043,0,9857,7681,37581,39222,10731,High,0.30319972891857877,0.3164391519024107,0.08657662890889728,0.0
EMP09645,Swati Mayank Nair,24,2,IT,81204,3120,4872,1242,1371,70599,0,8122,2145,7048,3050,20365,18479,6541,High,0.288460176489752,0.2617459170809785,0.09265003753594243,0.030382866612841543
EMP09646,Mayank Somani,59,36,Operations,95000,4500,5700,2134,1218,81448,21320,11733,0,1873,4225,39151,1323,1897,Medium,0.48068706413908263,0.016243492780669874,0.02329093409291818,0.0
EMP09647,Rupal Pandey,29,6,Cyber Security,108599,6290,6516,3490,2255,90048,18315,10937,5820,2652,2674,40398,33620,3134,Medium,0.4486273987206823,0.37335643212508884,0.03480366027007818,0.0646321961620469
EMP09648,Siddharth Daga,24,2,Sales,48970,782,2938,1072,1232,42946,13225,4160,7147,5296,3966,33794,1724,1160,Low,0.7868951706794579,0.0401434359428119,0.027010664555488288,0.16641829273971964
EMP09649,Yash Vikram Ghosh,32,10,Cyber Security,134714,10276,8083,3644,1394,111317,26772,12584,0,9706,4282,53344,15751,22536,High,0.4792080275249962,0.14149680641770798,0.2024488622582355,0.0
EMP09650,Megha Solanki,39,8,HR,46389,653,2783,894,2086,39973,2763,6121,4358,2667,1859,17768,9999,2960,Medium,0.44450003752532957,0.25014384709679033,0.07404998373902384,0.10902359092387362
EMP09651,Lokesh Joshi,37,13,HR,55453,1106,3327,1016,1238,48766,0,7815,6114,3443,2275,19647,13825,3507,Medium,0.40288315629742033,0.2834966985194603,0.07191485871303777,0.125374236148136
EMP09652,Aakash Chaudhary,60,37,Finance,130000,9500,7800,3057,1995,107648,0,15701,25231,5960,7413,54305,26506,4938,Medium,0.5044682669441142,0.24622844827586207,0.045871730083234245,0.23438428953626636
EMP09653,Parth Mathew,59,29,IT,149734,13280,8984,3627,1475,122368,0,16244,39687,6319,7418,69668,26135,4705,Medium,0.5693318514644351,0.2135770789748954,0.038449594665271966,0.3243249869246862
EMP09654,Hemant Vihaan Pradhan,54,35,Marketing,90000,4000,5400,1551,1461,77588,18866,13360,0,4120,5328,41674,17232,3423,Medium,0.5371191421353818,0.22209620044336753,0.04411764705882353,0.0
EMP09655,Reema Sonali Suri,41,19,IT,122070,8310,7324,3845,1348,101243,26605,16805,0,6110,3736,53256,14713,19695,High,0.5260215521073062,0.14532362731250556,0.19453196764220737,0.0
EMP09656,Ashish Khanna,25,2,HR,43974,532,2638,1016,1975,37813,0,3470,0,2419,1248,7137,20223,1600,High,0.18874461164149894,0.5348160685478539,0.042313490069552796,0.0
EMP09657,Priya Bedi,44,28,Data Science,170000,17500,10200,2395,1552,138353,38448,16446,0,20911,12450,88255,5073,5970,Low,0.6378972627987828,0.03666707624699139,0.04315049185778407,0.0
EMP09658,Simran Mittal,33,12,Customer Support,47489,708,2849,893,2035,41004,0,6348,3132,2506,2057,14043,10357,3705,High,0.34247878255779923,0.252585113647449,0.09035703833772316,0.07638279192273925
EMP09659,Saloni Kunal Fernandes,37,18,Marketing,79203,2920,4752,2081,2261,67189,0,11037,12445,12501,6755,42738,5383,3603,Low,0.636086264120615,0.08011728110256143,0.05362484930568992,0.18522377174835167
EMP09660,Ashish Thomas,26,5,Operations,59499,1308,3570,1011,1485,52125,15817,8307,0,6823,3156,34103,2135,1861,Medium,0.6542541966426858,0.04095923261390887,0.03570263788968825,0.0
EMP09661,Rohan Trivedi,31,10,Finance,89109,3911,5347,1434,1370,77047,15618,11421,12404,2975,3765,46183,16196,2268,Medium,0.5994133451010423,0.21020935273274755,0.029436577673368203,0.16099264085558165
EMP09662,Abhishek Mittal,59,35,Marketing,90000,4000,5400,1891,1126,77583,0,13714,0,4244,4350,22308,25223,4814,High,0.28753721820501915,0.3251098823195803,0.06204967583104546,0.0
EMP09663,Vivaan Reddy,55,25,Product Management,210743,28223,12645,3539,1092,165244,36565,25773,23163,9957,9421,104879,21213,6550,Medium,0.6346917285952894,0.12837379874609667,0.03963835298104621,0.14017452978625547
EMP09664,Aditi Daga,34,7,Operations,62008,1434,3720,1704,1073,54077,4042,7646,0,3532,3226,18446,13112,4326,Medium,0.3411062004179226,0.24246907187898736,0.07999704125598683,0.0
EMP09665,Rahul Chaudhary,23,0,Cyber Security,97490,4749,5849,1579,1282,84031,0,12842,16964,4826,3587,38219,19463,4290,Medium,0.4548202449096167,0.23161690328569218,0.05105258773547857,0.2018778784020183
EMP09666,Aman Kulkarni,40,9,Finance,90676,4068,5441,1369,1866,77932,17647,10891,4176,3530,2582,38826,10554,13663,Medium,0.49820356207976185,0.13542575578709645,0.17531950931581378,0.05358517682081815
EMP09667,Vivaan Tomar,44,27,Cyber Security,177111,19278,10627,3680,1037,142489,0,20627,38371,9105,9672,77775,23623,8756,Medium,0.545831608053955,0.16578823628490622,0.06145035757146166,0.2692909628111644
EMP09668,Monika Mittal,34,7,HR,49558,811,2973,976,998,43800,9153,7257,2947,3265,2640,25262,8241,2448,Medium,0.57675799086758,0.18815068493150686,0.05589041095890411,0.06728310502283105
EMP09669,Neha Mundra,29,6,Customer Support,43338,500,2600,806,1267,38165,8176,5769,2913,1751,1589,20198,9934,1543,Medium,0.5292283505829949,0.2602908423948644,0.04042971308790777,0.07632647713873968
EMP09670,Aman Srivastava,30,7,HR,45932,630,2756,1059,1577,39910,12709,6566,4064,5660,4122,33121,859,829,Low,0.829892257579554,0.021523427712352793,0.02077173640691556,0.10182911550989728
EMP09671,Payal Sahu,39,17,Sales,76055,2606,4563,1831,1741,65314,0,12029,14299,9939,6299,42566,3615,3704,Low,0.6517132620877607,0.05534801114615549,0.056710659276724744,0.21892702942707537
EMP09672,Rohit Shetty,33,6,HR,48950,781,2937,859,1493,42880,14938,7245,2847,6181,2859,34070,1640,936,Low,0.7945429104477612,0.03824626865671642,0.021828358208955224,0.0663945895522388
EMP09673,Deepak Daga,39,11,Product Management,152883,13910,9173,3390,1005,125405,37956,22337,0,15108,12232,87633,9413,3675,Low,0.698799888361708,0.07506080299828556,0.02930505163271002,0.0
EMP09674,Kartik Bagri,57,26,Finance,130000,9500,7800,2340,996,109364,29711,16664,9459,6017,6387,68238,16757,3695,Medium,0.6239530375626349,0.15322226692513075,0.033786255074796094,0.08649098423612889
EMP09675,Dev Soni,54,23,Operations,85009,3501,5101,1748,1578,73081,0,10144,24502,1630,2871,39147,23622,1681,Medium,0.5356659049547762,0.3232303881993952,0.02300187463225736,0.33527182167731695
EMP09676,Nandini Chauhan,29,6,Marketing,62297,1448,3738,1496,1690,53925,0,7031,11697,8762,3644,31134,4784,2058,Low,0.5773574408901252,0.0887158089939731,0.03816411682892907,0.2169123783031989
EMP09677,Avantika Pandey,34,5,IT,95179,4518,5711,2028,1643,81279,0,9459,21800,15150,5993,52402,4753,3727,Low,0.6447175777261039,0.05847758953727285,0.045854402736254136,0.26821196126920854
EMP09678,Pallavi Daga,45,23,Operations,95000,4500,5700,1691,1546,81563,22102,12447,4193,6174,4184,49100,15373,3596,Medium,0.6019886468128931,0.18848007062025673,0.04408861861383225,0.051408113973247675
EMP09679,Karan Malhotra,30,6,Operations,65983,1632,3959,2030,1344,57018,11912,6096,0,3676,2065,23749,18981,2283,Medium,0.4165175909361956,0.33289487530253603,0.040039987372408714,0.0
EMP09680,Aman Shetty,58,35,Marketing,90000,4000,5400,2063,1244,77293,0,12933,0,5407,5630,23970,25393,6628,High,0.3101186394628233,0.328529103541071,0.08575162045722122,0.0
EMP09681,Ashish Kohli,49,15,Sales,69323,1932,4159,1791,1592,59849,0,10646,20441,6640,5878,43605,3627,2489,Low,0.7285836020651975,0.060602516332770806,0.04158799645775201,0.3415428829220204
EMP09682,Pooja Bajaj,59,30,Marketing,90000,4000,5400,1640,1646,77314,22563,12112,0,4599,3884,43158,12472,3284,Medium,0.5582171404920195,0.1613161911167447,0.042476136275448176,0.0
EMP09683,Siddharth Mittal,25,2,Operations,57392,1203,3444,1115,1505,50125,12596,5697,5310,4335,2775,30713,6860,2102,Medium,0.6127281795511222,0.136857855361596,0.04193516209476309,0.10593516209476309
EMP09684,Nikhil Mathew,56,37,Sales,85000,3500,5100,1775,1632,72993,0,11269,18175,3135,4608,37187,2236,380,Low,0.509459811214774,0.03063307440439494,0.005205978655487512,0.24899647911443562
EMP09685,Tarun Khurana,22,3,Marketing,58235,1245,3494,1130,1679,50687,0,7589,3657,7314,3350,21910,6726,4015,Medium,0.4322607374672007,0.13269674670033738,0.0792116321739302,0.07214867717560716
EMP09686,Aditya Mehta,44,26,Marketing,90000,4000,5400,2088,1288,77224,23060,11903,8684,10062,7201,60910,2175,2596,Low,0.7887444317828655,0.02816481922718326,0.033616492282192066,0.11245208743395836
EMP09687,Lokesh Naidu,35,8,Marketing,64537,1560,3872,2032,953,56120,0,6463,14763,5260,3900,30386,9309,3570,Medium,0.5414468995010692,0.16587669280114042,0.06361368496079829,0.26306129722024235
EMP09688,Gaurav Lodha,45,20,Sales,80161,3016,4810,1723,2086,68526,15112,11376,0,4539,4203,35230,15034,4011,Medium,0.5141114321571374,0.21939117999007676,0.05853252779966728,0.0
EMP09689,Nitin Thomas,54,35,Sales,85000,3500,5100,1752,1181,73467,0,10233,16498,8358,6347,41436,5116,3097,Low,0.5640083302707338,0.06963670763744266,0.04215498114799842,0.22456340942191733
EMP09690,Trisha Nagpal,35,11,Cyber Security,132565,9885,7954,2479,1421,110826,22087,13057,0,8478,4252,47874,38765,4179,Medium,0.4319744464295382,0.34978254200277914,0.03770775810730334,0.0
EMP09691,Prachi Saxena,57,35,Data Science,170000,17500,10200,3566,1053,137681,0,23880,25020,4835,5962,59697,910,2743,Low,0.43358923889280293,0.00660948133729418,0.019922865173843885,0.18172442094406635
EMP09692,Rohit Bose,52,38,Finance,130000,9500,7800,3186,1649,107865,0,15688,35394,3048,3080,57210,25367,5118,Medium,0.5303852037268808,0.2351735966254114,0.047448199137811155,0.32813238770685577
EMP09693,Dev Arora,26,5,Customer Support,40024,335,2401,1192,1731,34365,2093,3534,0,2148,1469,9244,52,629,Medium,0.26899461661574275,0.0015131674668994617,0.018303506474610796,0.0
EMP09694,Sonia Somani,60,38,Marketing,90000,4000,5400,1909,1680,77011,0,15180,15820,2514,3452,36966,3486,1809,Low,0.4800093493137344,0.045266260664060975,0.02349015075768397,0.2054251989975458
EMP09695,Amit Shukla,58,32,Operations,95000,4500,5700,1382,1797,81621,0,10645,17049,3191,3316,34201,31186,3921,Medium,0.41902206539983583,0.3820830423542961,0.04803910758260742,0.20888006762965414
EMP09696,Krishna Seth,24,0,Product Management,120406,8061,7224,2752,941,101428,30878,12859,0,12760,6430,62927,6568,3745,Medium,0.6204105375241551,0.06475529439602476,0.036922743226722406,0.0
EMP09697,Atharv Maheshwari,25,3,IT,85237,3524,5114,1451,942,74206,0,9462,0,6854,3893,20209,23753,6007,High,0.27233646874915773,0.320095410074657,0.08095032746678166,0.0
EMP09698,Payal Komal Porwal,50,28,Finance,128875,9331,7732,2799,1117,107896,24634,14364,0,6025,4980,50003,13952,22525,Medium,0.46343701342033067,0.12930970564247052,0.20876584859494327,0.0
EMP09699,Harsh Tiwari,45,21,Marketing,84742,3474,5085,1699,1421,73063,0,12161,18568,10794,5318,46841,4396,3070,Low,0.6411042524944226,0.060167252918713984,0.042018531951877144,0.2541368408086172
EMP09700,Preeti Shubham Rathore,36,9,IT,104568,5685,6274,2698,1133,88778,0,16710,0,12614,8466,37790,5903,8424,Medium,0.42566852148054696,0.0664916983937462,0.09488837324562392,0.0
EMP09701,Palak Nisha Patel,54,30,Operations,95000,4500,5700,1710,1534,81556,18867,13602,0,3941,4679,41089,1145,421,Medium,0.5038133307175438,0.014039433027612928,0.005162097209279513,0.0
EMP09702,Sakshi Shukla,33,8,Sales,55673,1117,3340,972,1285,48959,10390,7432,8672,2497,2830,31821,8436,2153,Medium,0.6499520006536081,0.17230744091995343,0.0439755713964746,0.1771278008129251
EMP09703,Monika Agarwal,54,29,Product Management,220000,31000,13200,2226,1761,171813,34789,22298,0,7964,6696,71747,20973,39688,Medium,0.41758772619068407,0.12206876080389727,0.23099532631407402,0.0
EMP09704,Rajat Lodha,44,15,Sales,67491,1749,4049,1699,1811,58183,0,8400,12363,1498,3608,25869,2822,708,Low,0.44461440626987264,0.04850213980028531,0.01216850282728632,0.21248474640358866
EMP09705,Rashmi Shinde,50,18,Finance,111283,6692,6677,3009,2130,92775,0,13463,23551,4763,5269,47046,22072,4798,Medium,0.5070978172999192,0.2379089194287254,0.051716518458636486,0.25385071409323634
EMP09706,Akash Seth,52,24,HR,68631,1863,4118,1764,1655,59231,0,6842,0,5565,3706,16113,15382,4448,Medium,0.2720366024547956,0.2596950920970438,0.07509581131502086,0.0
EMP09707,Sai Behera,60,28,HR,70000,2000,4200,1297,2153,60350,3615,9043,5903,4828,4045,27434,15559,3328,Medium,0.45458160729080366,0.25781275890637945,0.05514498757249379,0.09781275890637946
EMP09708,Aakash Saini,43,19,IT,128902,9335,7734,2505,1516,107812,0,14175,20842,4859,4696,44572,14053,28139,Medium,0.41342336660112045,0.13034727117575037,0.2610006307275628,0.19331799799651245
EMP09709,Riya Chaudhary,35,12,HR,54364,1052,3262,786,1916,47348,10453,6097,2930,2363,1921,23764,10086,2339,Medium,0.5019008194643914,0.2130185013094534,0.049400185857903185,0.06188223367407282
EMP09710,Hemant Mundra,58,32,Finance,130000,9500,7800,2542,1800,108358,0,13945,35139,3873,3652,56609,35317,3386,Medium,0.5224256630797911,0.32592886542756416,0.031248269624762362,0.3242861625352997
EMP09711,Diya Joshi,56,22,Product Management,207894,27368,12474,3780,1731,162541,0,24215,40670,13179,11331,89395,31291,9006,Medium,0.5499843116505989,0.19251142788588727,0.05540755870826437,0.2502137922124264
EMP09712,Megha Mukherjee,56,36,Sales,85000,3500,5100,1954,1653,72793,0,11808,2575,2568,4650,21601,1212,318,Medium,0.29674556619455167,0.01664995260533293,0.004368551921201214,0.03537428049400355
EMP09713,Ashish Chauhan,38,11,HR,54165,1042,3250,897,1753,47223,0,8238,4969,2893,3077,19177,13546,2331,Medium,0.4060944878554941,0.2868517459712428,0.04936153992757766,0.10522414924930648
EMP09714,Prateek Mundra,30,6,Marketing,59794,1323,3588,1003,2065,51815,12022,6614,0,4146,2137,24919,9680,2833,Medium,0.48092251278587284,0.1868184888545788,0.054675287079031167,0.0
EMP09715,Shivam Banerjee,30,2,Marketing,51614,914,3097,1193,736,45674,13233,4215,6187,8425,2790,34850,1722,1310,Low,0.7630161579892281,0.03770197486535009,0.02868152559443009,0.13545999912422824
EMP09716,Mayank Lakhotia,40,9,IT,101616,5242,6097,3061,979,86237,0,12470,26912,5650,5153,50185,7655,15630,Medium,0.5819427855792757,0.0887670025627051,0.18124470934749584,0.31207022507740295
EMP09717,Anjali Bedi,22,0,Finance,70000,2000,4200,2164,847,60789,0,6522,0,4565,3692,14779,20671,4408,High,0.24311964335652833,0.3400450739442991,0.07251311914984619,0.0
EMP09718,Aditya Gill,45,16,Cyber Security,150159,13365,9010,2788,2015,122981,0,15736,0,11141,5173,32050,38902,12895,High,0.2606093624218375,0.31632528601979165,0.10485359527081418,0.0
EMP09719,Sonali Rathore,27,7,Customer Support,40942,380,2457,897,1826,35382,9440,4614,0,2986,1990,19030,6713,1891,Medium,0.5378441015205472,0.1897292408569329,0.05344525464925668,0.0
EMP09720,Prachi Mittal,49,20,IT,124336,8650,7460,2257,2262,103707,20245,11414,0,4025,3328,39012,34501,7254,High,0.37617518586016374,0.33267763988930354,0.06994706239694524,0.0
EMP09721,Jyoti Suri,27,3,IT,87365,3736,5242,1711,1169,75507,15534,8045,8085,4962,2107,38733,24754,2508,Medium,0.5129723072033057,0.32783715417113646,0.03321546346696333,0.10707616512376336
EMP09722,Sai Soni,29,2,IT,84063,3406,5044,1836,1864,71913,0,8637,0,7095,3180,18912,12432,22911,High,0.26298443953110007,0.17287555796587542,0.3185933002377873,0.0
EMP09723,Rahul Bajaj,35,10,Data Science,121154,8173,7269,3926,1663,100123,6504,7793,0,5238,4232,23767,42784,6136,Medium,0.23737802502921407,0.42731440328396075,0.061284619917501476,0.0
EMP09724,Mohit Khushi Mittal,42,15,Data Science,130376,9556,7823,3581,1715,107701,0,9851,21857,7322,2420,41450,45282,4687,Medium,0.3848617932981124,0.4204417786278679,0.04351863028198438,0.20294147686651007
EMP09725,Reema Solanki,55,36,Operations,95000,4500,5700,2034,1753,81013,20676,9559,13084,8585,3711,55615,10428,3486,Medium,0.6864947601002308,0.12872008196215423,0.04303013096663499,0.16150494365101897
EMP09726,Sumit Yadav,35,10,Operations,72545,2254,4353,1328,1560,63050,0,8852,0,3987,2305,15144,15844,16765,High,0.24019032513877875,0.25129262490087234,0.26590007930214116,0.0
EMP09727,Vidhi Pillai,56,33,Data Science,170000,17500,10200,2652,1795,137853,0,19929,35406,4933,2993,63261,46029,6224,Medium,0.45890187373506564,0.33389915344606214,0.04514954335415261,0.2568388065548084
EMP09728,Sneha Singh,47,23,Sales,85000,3500,5100,1651,1309,73440,0,11581,15479,3797,3343,34200,18611,3574,Medium,0.46568627450980393,0.2534177559912854,0.04866557734204793,0.21077069716775598
EMP09729,Ishaan Aditya Saini,49,21,Customer Support,59468,1307,3568,816,1847,51930,0,8640,16510,2728,2342,30220,8796,2472,Medium,0.5819372231850568,0.16938186019641827,0.04760254188330445,0.3179279799730406
EMP09730,Mayank Sahu,32,5,Operations,62424,1455,3745,2142,1363,53719,13764,6661,0,4654,2862,27941,12219,2279,Medium,0.5201325415588526,0.22746141960944918,0.04242446806530278,0.0
EMP09731,Pankaj Shetty,50,23,Customer Support,60000,1333,3600,1612,903,52552,0,8561,0,4237,3371,16169,14186,3406,Medium,0.30767620642411325,0.2699421525346324,0.06481199573755518,0.0
EMP09732,Pallavi Tayal,59,31,HR,70000,2000,4200,1780,930,61090,17483,9467,13129,10298,4221,54598,1562,828,Low,0.8937305614666885,0.025568832869536748,0.013553773121623834,0.21491242429202814
EMP09733,Hemant Nair,46,23,Finance,119422,7913,7165,3744,1020,99580,21323,11375,0,1980,4190,38868,42054,3453,High,0.39031934123317935,0.42231371761397873,0.03467563767824865,0.0
EMP09734,Aman D'Souza,41,25,Cyber Security,172010,18002,10321,2963,1593,139131,0,19588,36785,3210,3409,62992,39088,8090,Medium,0.4527531606902847,0.2809438586655742,0.05814663877927996,0.2643911134111018
EMP09735,Charu Pawar,36,13,Sales,69107,1911,4146,1340,1727,59983,0,8848,10884,2560,2440,24732,20271,2704,Medium,0.41231682309987827,0.3379457512962006,0.04507943917443276,0.18145141123318273
EMP09736,Charu Tanvi Daga,39,17,Sales,68882,1888,4133,2150,1233,59478,0,8620,11645,8152,5328,33745,3756,2336,Low,0.5673526345875786,0.0631493997780692,0.03927502606005582,0.19578667742694777
EMP09737,Trisha Singh,35,8,Marketing,63733,1520,3824,1718,2212,54459,13936,9221,0,2800,1681,27638,13833,2840,High,0.5075010558401734,0.25400760204924805,0.05214932334416717,0.0
EMP09738,Anjali Dev Reddy,30,2,Customer Support,37145,191,2229,1178,2337,31210,7959,3484,2366,2565,1394,17768,5319,1386,Medium,0.5693047100288369,0.17042614546619672,0.044408843319448894,0.07580903556552387
EMP09739,Ishaan Bose,29,4,Customer Support,36122,139,2167,702,1918,31196,0,3715,10401,1793,1986,17895,457,286,Low,0.5736312347736889,0.014649314014617259,0.009167842031029619,0.3334081292473394
EMP09740,Varun Bose,44,25,Operations,90025,4002,5402,1278,1873,77470,15732,11727,0,1603,4116,33178,2042,1332,Medium,0.42826900735768686,0.026358590422098878,0.017193752420291725,0.0
EMP09741,Ayaan Suri,27,4,Finance,72839,2284,4370,1742,1777,62666,19054,6999,0,6022,2791,34866,12639,2948,Medium,0.5563782593431845,0.20168831583314717,0.04704305364950691,0.0
EMP09742,Avantika Chopra,28,4,Sales,52799,973,3168,941,1416,46301,11679,7256,0,3543,2411,24889,7873,2115,Medium,0.5375477851450292,0.1700395239843632,0.045679358977127923,0.0
EMP09743,Tarun Rajput,28,4,IT,86831,3683,5210,1867,1217,74854,24062,10437,9442,12043,6936,62920,1936,1155,Low,0.8405696422368878,0.02586368129959655,0.01543003713896385,0.1261388836935902
EMP09744,Harsh Sahu,36,8,HR,48638,765,2918,1033,1290,42632,14263,7393,5146,5514,4341,36657,1036,528,Low,0.8598470632388816,0.024300994558078437,0.012385062863576657,0.12070744980296491
EMP09745,Reema Goel,32,6,IT,100054,5008,6003,3267,1434,84342,22348,12530,0,9769,5742,50389,14122,4276,Medium,0.5974366270659932,0.1674373384553366,0.05069834720542553,0.0
EMP09746,Abhishek Gill,49,27,Sales,85000,3500,5100,1297,1024,74079,0,11249,23475,3218,2895,40837,21035,1944,Medium,0.5512628410210721,0.28395361708446387,0.02624225489004981,0.3168914267201231
EMP09747,Anjali Prateek Joshi,59,29,Operations,95000,4500,5700,1727,1402,81671,0,11408,26680,2708,3910,44706,1036,590,Low,0.5473913629072743,0.01268504120189541,0.007224106475982907,0.32667654369359994
EMP09748,Mayank Vivaan Wadhwa,37,17,Product Management,171029,17757,10262,3035,1633,138342,0,22357,36721,9821,6605,75504,23161,6564,Medium,0.545777854881381,0.16741842679735727,0.047447629787049486,0.2654363822989403
EMP09749,Aditi Sai Saxena,41,19,Marketing,76584,2658,4595,1779,1179,66373,0,11572,17621,3872,3292,36357,12003,2814,Medium,0.5477679176773688,0.1808416072800687,0.042396757717746675,0.26548445904208035
EMP09750,Akash Shivam Daga,29,7,Marketing,61585,1413,3695,1202,2004,53271,0,7870,13475,1877,3183,26405,1048,845,Low,0.4956730678981059,0.019672992810347092,0.01586228905032757,0.2529518875185373
EMP09751,Mansi Somani,35,6,Operations,60169,1342,3610,1747,1917,51553,14591,9358,4471,2760,2174,33354,8464,2235,Medium,0.6469846565670281,0.16418055205322676,0.04335344208872423,0.08672628169068726
EMP09752,Amit Maheshwari,23,1,IT,80000,3000,4800,1705,1286,69209,0,7108,11725,5731,4328,28892,16531,5478,Medium,0.417460156916008,0.23885621812192057,0.07915155543354188,0.1694143825225043
EMP09753,Priya Jindal,53,28,Data Science,170000,17500,10200,2690,1171,138439,0,22236,7769,6138,5182,41325,25078,29107,High,0.29850692362701264,0.18114837581895274,0.21025144648545568,0.05611857930207528
EMP09754,Riya Sandhu,22,1,Customer Support,35000,83,2100,1187,1246,30384,6327,2936,0,1912,1409,12584,11955,1256,Medium,0.41416535018430756,0.39346366508688785,0.04133754607688257,0.0
EMP09755,Aakash Suri,23,1,Finance,70000,2000,4200,2037,990,60773,0,8476,0,6201,3900,18577,17901,5176,High,0.305678508548204,0.2945551478452602,0.08516940088526155,0.0
EMP09756,Priya George,52,32,Finance,130000,9500,7800,2835,1720,108145,0,16751,37596,6284,5482,66113,19251,4627,Low,0.6113366313745434,0.17801100374497203,0.04278514956771002,0.34764436635997964
EMP09757,Reema Purohit,38,8,IT,94009,4401,5641,2181,2113,79673,19252,13973,0,6135,3703,43063,14580,5113,Medium,0.5404967805906643,0.182998004342751,0.06417481455449148,0.0
EMP09758,Charu Neha Mohanty,36,8,Sales,56297,1148,3378,1065,2135,48571,0,7296,15398,2274,2274,27242,5307,6569,Low,0.5608696547322476,0.10926272878878343,0.13524531098803813,0.31702044429803794
EMP09759,Siddharth Solanki,50,22,Operations,87700,3770,5262,1958,1744,74966,22187,14158,11418,5576,4940,58279,6287,1632,Low,0.7774057572766321,0.08386468532401355,0.021769869007283303,0.1523090467678681
EMP09760,Ananya Naidu,52,30,Finance,130000,9500,7800,3829,2027,106844,0,13834,25302,2991,3829,45956,31657,5449,Medium,0.43012242147429897,0.29629178989929245,0.05099958818464303,0.23681254913705962
EMP09761,Vaishnavi Saxena,24,1,Marketing,54844,1076,3291,1012,1070,48395,0,5044,0,3371,3208,11623,645,1302,Medium,0.24016943899163137,0.01332782312222337,0.02690360574439508,0.0
EMP09762,Sneha Swain,25,0,Operations,50000,833,3000,855,1546,43766,9795,4893,0,3274,1897,19859,11612,2826,Medium,0.4537540556596445,0.26532011150207924,0.06457067129735411,0.0
EMP09763,Riya Kapoor,59,29,Sales,85000,3500,5100,1800,1072,73528,0,9044,21835,5043,2743,38665,11450,9477,Medium,0.5258540963986509,0.15572298988140573,0.12888967468175389,0.29696170166467195
EMP09764,Rishabh Shinde,46,27,Sales,85000,3500,5100,1203,1544,73653,18368,10973,0,4487,5040,38868,511,952,Medium,0.5277178119017555,0.006937938712611842,0.012925474861852198,0.0
EMP09765,Avantika Saxena,50,19,IT,130498,9575,7830,2502,1968,108623,0,18767,33897,10899,8477,72040,7401,4522,Low,0.663211290426521,0.0681347412610589,0.04163022564281966,0.3120609815600748
EMP09766,Nisha Wadhwa,51,27,Finance,127486,9123,7649,2775,1447,106492,0,15580,22854,5558,5684,49676,24551,5512,Medium,0.46647635503136387,0.23054313939075236,0.05175975660143485,0.21460767005972278
EMP09767,Simran Jyoti Shinde,22,3,Sales,47001,683,2820,883,1574,41041,12003,4501,3099,5240,3818,28661,2348,1453,Medium,0.6983504300577471,0.05721108160132551,0.035403620769474425,0.07550985599766087
EMP09768,Rashmi Joshi,36,15,IT,121641,8246,7298,2790,2387,100920,0,13690,28943,5011,3030,50674,34264,2745,Medium,0.5021204914783988,0.33951644867221564,0.02719976218787158,0.2867915180340864
EMP09769,Payal Ahuja,29,3,Cyber Security,100512,5077,6031,3839,1414,84151,18249,14368,0,3378,4002,39997,89,1193,Medium,0.4753003529369823,0.0010576226069803091,0.014176896293567515,0.0
EMP09770,Mansi Solanki,33,5,Sales,55174,1092,3310,875,1950,47947,11283,8008,0,3174,3007,25472,8399,2529,Medium,0.5312532588065989,0.17517258639748054,0.052745740088013846,0.0
EMP09771,Sanya Bhatia,27,2,IT,83034,3303,4982,1634,2026,71089,16229,10310,0,2101,3107,31747,24682,2469,High,0.4465810462940821,0.34719858205910903,0.03473111170504579,0.0
EMP09772,Varun Gill,48,20,Marketing,78827,2883,4730,1885,1396,67933,4322,10416,0,3969,3666,22373,20668,3827,Medium,0.32933920186065685,0.30424094328235174,0.05633491822825431,0.0
EMP09773,Lokesh Khanna,45,18,Operations,82954,3295,4977,1562,1498,71622,0,11274,0,4647,3497,19418,20522,5248,High,0.27111781296249754,0.28653207115132223,0.07327357515847086,0.0
EMP09774,Priya Roy,53,22,Sales,85000,3500,5100,1834,1494,73072,0,11421,0,8689,6835,26945,5626,7090,Medium,0.36874589446025835,0.0769925552879352,0.09702758922706371,0.0
EMP09775,Reema Jadhav,32,7,Marketing,62813,1474,3769,1911,1705,53954,0,7995,5441,2423,1486,17345,22683,2967,Medium,0.32147755495422026,0.4204136857322905,0.054991288875708935,0.1008451643993031
EMP09776,Ritika Rohit Lodha,23,3,Finance,75461,2546,4528,1967,2125,64295,0,6374,11153,3887,1686,23100,26127,3022,Medium,0.3592814371257485,0.40636130336729137,0.04700209969671047,0.17346605490318065
EMP09777,Mohit Mehta,54,35,Operations,95000,4500,5700,1358,882,82560,17511,12107,9157,2207,2539,43521,19742,2930,Medium,0.5271438953488372,0.23912306201550387,0.03548934108527132,0.11091327519379846
EMP09778,Aman Swain,48,26,HR,70000,2000,4200,1858,2075,59867,16047,5958,0,5283,3455,30743,9097,8499,High,0.5135216396345232,0.15195349691816862,0.1419646883926036,0.0
EMP09779,Abhishek Maheshwari,54,26,Data Science,165951,16524,9957,3159,1871,134440,0,18235,24923,13487,5998,62643,32961,7801,Medium,0.46595507289497173,0.24517256768818804,0.05802588515322821,0.18538381434096995
EMP09780,Ishita Trivedi,36,18,Product Management,183111,20778,10987,2706,1847,146793,43878,22265,0,23437,13791,103371,4390,7553,Low,0.7041957041548302,0.029906058190785664,0.05145340717881643,0.0
EMP09781,Tarun Kohli,39,17,Sales,71600,2160,4296,1338,1470,62336,0,10287,0,9000,5620,24907,8051,3043,Medium,0.39956044661190965,0.12915490246406572,0.04881609342915811,0.0
EMP09782,Hemant Lakhotia,59,23,IT,138583,11050,8315,3122,2029,114067,32351,16535,0,12225,5572,66683,20398,4591,Medium,0.5845950187170698,0.1788247258190362,0.040248275136542555,0.0
EMP09783,Neha Chaudhary,41,22,HR,62892,1478,3774,1595,1344,54701,18891,5805,11504,10308,3460,49968,1143,702,Low,0.9134750735818358,0.020895413246558563,0.012833403411272188,0.21030694137218697
EMP09784,Reema Gupta,38,16,Data Science,145822,12498,8749,2276,2012,120287,0,22888,41781,21007,10069,95745,4126,3649,Low,0.7959713019694564,0.03430129606690665,0.030335780258880844,0.3473442682916691
EMP09785,Trisha Bansal,45,19,HR,63709,1519,3823,2103,2198,54066,13375,7217,3509,1678,2751,28530,15891,1701,High,0.5276883808678282,0.2939185440017756,0.03146154699811342,0.06490215662338623
EMP09786,Ananya Daga,46,22,Product Management,203316,25995,12199,3624,1399,160099,0,22857,45620,7435,6502,82414,16804,30803,Medium,0.5147689866894859,0.10496005596537143,0.1923997026839643,0.28494868799930045
EMP09787,Ayaan Akash Trivedi,41,28,Customer Support,60000,1333,3600,1935,1505,51627,5386,7754,0,3457,2615,19212,12373,3728,Medium,0.3721308617583822,0.23966141747535205,0.07221027756793925,0.0
EMP09788,Megha Goel,27,3,Product Management,125488,8823,7529,3878,1697,103561,25549,19031,6806,6440,7853,65679,16814,4404,Medium,0.6342059269416093,0.162358416778517,0.04252566120450749,0.06571972074429563
EMP09789,Amit Sandhu,33,10,Sales,61421,1404,3685,1343,1107,53882,0,8278,11549,9799,3494,33120,3619,2416,Low,0.6146765153483538,0.06716528710886753,0.044838721651015184,0.21433874021008872
EMP09790,Shruti Menon,33,11,HR,51663,916,3100,794,1017,45836,2926,7350,3367,2955,2593,19191,13280,2594,High,0.4186883672222707,0.2897285976088664,0.056593070948599354,0.07345754428833232
EMP09791,Sumit More,42,19,HR,61747,1421,3705,1984,1645,52992,0,6839,12434,3530,2003,24806,11234,3657,Medium,0.4681083937198068,0.21199426328502416,0.06901041666666667,0.23463919082125603
EMP09792,Megha Rupal Pandey,51,29,Finance,130000,9500,7800,3676,1767,107257,9499,15217,8367,4336,3537,40956,39950,4382,High,0.38184920331540134,0.37246986210690214,0.04085514232171327,0.07800889452436671
EMP09793,Khushi Reddy,35,7,Customer Support,43585,513,2615,969,2084,37404,8975,3695,4784,3494,1852,22800,6202,1525,Medium,0.6095604748155278,0.16581114319324136,0.04077104053042455,0.12790075927708267
EMP09794,Tanvi Srivastava,28,5,Data Science,108028,6204,6482,3139,1786,90417,0,10585,23503,9524,5709,49321,16015,5228,Medium,0.5454837032858865,0.17712377097227291,0.0578209849917604,0.2599400555205326
EMP09795,Aditi Yadav,46,22,Cyber Security,167241,16810,10034,3868,2095,134434,8193,16676,14783,5798,5387,50837,25192,25780,High,0.3781558236755583,0.18739307020545398,0.1917669637145365,0.10996474106252882
EMP09796,Tarun Jadhav,52,25,Sales,81421,3142,4885,1927,1233,70234,0,12098,16842,7245,6420,42605,5913,2181,Low,0.6066150297576672,0.08418999345046559,0.031053335991115413,0.23979838824500954
EMP09797,Mayank Menon,38,17,IT,118905,7836,7134,3435,1367,99133,0,15120,34578,15680,6887,72265,3300,4292,Low,0.7289701713859159,0.03328861226836674,0.04329537086540305,0.3488041318229046
EMP09798,Harsh Lakhotia,23,1,Operations,53947,1031,3237,930,1091,47658,0,5333,20200,3129,2965,31627,1573,422,Low,0.6636241554408494,0.033006001091107476,0.008854756808930294,0.4238532880104075
EMP09799,Ankit Chopra,54,22,Sales,79359,2936,4762,1641,1767,68253,0,10839,17501,10260,6628,45228,5456,3190,Low,0.6626521911124785,0.07993787818850454,0.04673787232795628,0.2564136374957877
EMP09800,Ritika Shivam Gupta,45,17,Sales,74463,2446,4468,1476,1104,64969,0,7114,0,5537,5296,17947,878,396,Medium,0.27623943727008266,0.013514137511736366,0.006095214640828703,0.0
EMP09801,Mayank Jain,30,7,IT,101170,5176,6070,2869,1942,85113,6812,10820,13816,2947,3782,38177,28595,3974,Medium,0.4485448756359193,0.3359651287112427,0.046690869784874224,0.16232537920176707
EMP09802,Aman Chauhan,34,5,HR,45363,601,2722,967,1193,39880,9266,4896,0,4026,1932,20120,7948,2735,Medium,0.5045135406218656,0.19929789368104314,0.06858074222668004,0.0
EMP09803,Swati Muskan Menon,25,0,Customer Support,35392,103,2124,920,1789,30456,0,4327,0,2643,1602,8572,7796,3083,High,0.28145521407932755,0.2559758339900184,0.10122800105069608,0.0
EMP09804,Garima More,24,2,HR,42069,437,2524,993,1548,36567,1903,4672,0,6012,2312,14899,4594,3030,Medium,0.40744387015615174,0.1256324007985342,0.08286159652145376,0.0
EMP09805,Mohit Mehta,36,14,IT,118212,7732,7093,2399,1035,99953,0,17273,24952,7282,6558,56065,15295,12742,Medium,0.5609136294058208,0.1530219203025422,0.12747991556031335,0.2496373295448861
EMP09806,Saurabh Kunal Maheshwari,25,3,HR,44023,534,2641,874,1783,38191,13909,5325,0,6176,3455,28865,1817,1136,Low,0.7558063418082794,0.0475766541855411,0.02974522793328271,0.0
EMP09807,Gaurav Ishaan Saini,56,30,IT,146177,12569,8771,3983,1121,119733,0,15280,34300,4408,3083,57071,43264,2975,Medium,0.476652217851386,0.3613373088455146,0.024846951132937452,0.28647073070916124
EMP09808,Sneha Monika Mittal,52,34,Cyber Security,180000,20000,10800,3146,1302,144752,0,22223,33415,9845,5884,71367,21848,20685,Medium,0.4930294572786559,0.15093401127445563,0.14289957997126118,0.2308430971592793
EMP09809,Aman Seth,39,12,Operations,68210,1821,4093,1676,1862,58758,0,7059,19028,3681,2595,32363,6115,10770,Medium,0.5507845740154532,0.10407093502161407,0.18329418972735628,0.32383675414411656
EMP09810,Rishabh Trisha Bohra,43,22,Sales,85000,3500,5100,2103,2028,72269,20579,10414,0,11946,4596,47535,4939,3872,Medium,0.6577509028767521,0.06834188933014156,0.053577605889108745,0.0
EMP09811,Vidhi George,46,17,IT,122102,8315,7326,2424,1703,102334,0,17366,24723,6433,5190,53712,19369,6206,Medium,0.5248695448238122,0.18927238259034143,0.06064455606152403,0.2415912599917916
EMP09812,Nisha Sabharwal,57,32,Finance,130000,9500,7800,2584,1212,108904,27574,11696,0,9931,4496,53697,11128,20581,Medium,0.49306728862117094,0.10218173804451627,0.188982957467127,0.0
EMP09813,Pankaj Pallavi Malhotra,50,25,Finance,123619,8543,7417,3401,1798,102460,0,14882,21247,6863,4841,47833,19716,6840,Medium,0.46684559828225647,0.19242631270739802,0.06675775912551239,0.20736872926019911
EMP09814,Sonali Das,51,22,Sales,80231,3023,4814,1816,1933,68645,0,11357,23091,2900,4855,42203,854,1092,Low,0.6148007866559837,0.012440818704931168,0.01590793211450215,0.336382839245393
EMP09815,Harsh Solanki,54,33,Sales,85000,3500,5100,1491,2087,72822,0,10614,16698,4071,3832,35215,7841,13072,Medium,0.483576391749746,0.10767350525939963,0.17950619318337865,0.22929883826316222
EMP09816,Tanvi Sonia Mittal,47,17,Operations,80650,3065,4839,1743,1671,69332,15194,10618,5215,2769,5032,38828,559,1178,Low,0.5600300005769342,0.008062655051058675,0.016990711359833842,0.07521779264985864
EMP09817,Pankaj Solanki,60,26,Finance,130000,9500,7800,3414,1393,107893,25093,15132,0,2353,2919,45497,37322,4614,High,0.42168630031605386,0.3459167879287813,0.04276459084463311,0.0
EMP09818,Rishabh Fernandes,54,27,HR,70000,2000,4200,1536,1066,61198,12993,8479,8571,3314,1855,35212,17233,1612,Medium,0.5753782803359587,0.2815941697441093,0.0263407300892186,0.14005359652276217
EMP09819,Tanvi Pawar,60,24,IT,138483,11030,8309,3395,1565,114184,0,18326,22363,9546,7803,58038,21893,8022,Medium,0.5082848735374483,0.1917343936103132,0.07025502697400686,0.1958505569957262
EMP09820,Yash Roy,29,4,HR,44112,539,2647,1143,2052,37731,0,4729,6416,3350,1650,16145,8481,2698,Medium,0.42789748482680023,0.22477538363679733,0.07150618854522806,0.1700458508918396
EMP09821,Shreya Mukherjee,37,13,Marketing,74662,2466,4480,1344,1295,65077,20037,11126,0,11074,5039,47276,3364,1688,Low,0.7264624982712786,0.05169261029242282,0.02593850361879005,0.0
EMP09822,Namrata Banerjee,38,15,Marketing,71454,2145,4287,1546,1088,62388,13952,9897,0,3098,2621,29568,18431,2588,Medium,0.47393729563377573,0.29542540232095915,0.041482336346733345,0.0
EMP09823,Shreya Ghosh,41,19,Cyber Security,165283,16390,9917,2736,1327,134913,0,16693,43746,8293,5343,74075,31249,6120,Medium,0.5490575407855433,0.23162334245031985,0.04536256698761424,0.32425340775166217
EMP09824,Khushi Fernandes,58,30,Sales,85000,3500,5100,1294,1963,73143,0,11245,25228,3820,3190,43483,14352,2459,Medium,0.5944929795058994,0.19621836676100243,0.033619074962744216,0.3449133888410374
EMP09825,Pallavi Bhavna Sandhu,30,5,Finance,86383,3638,5183,1293,1241,75028,0,10308,0,1435,2708,14451,42113,4446,High,0.1926080929786213,0.5612971157434558,0.05925787705923122,0.0
EMP09826,Manish Prachi Shinde,50,22,Customer Support,59424,1305,3565,899,1592,52063,11444,8228,6839,1189,1068,28768,13752,1448,Medium,0.5525613199393044,0.26414152084973974,0.027812457983596797,0.13136008297639398
EMP09827,Monika Jadhav,38,16,Marketing,78378,2838,4703,1604,1769,67464,0,12781,0,11878,4373,29032,8907,4711,Medium,0.4303332147515712,0.13202596940590536,0.06982983517135065,0.0
EMP09828,Pankaj Ahuja,55,29,IT,145466,12427,8728,2567,1839,119905,0,13408,25325,6051,4449,49233,14650,29238,Medium,0.4106000583795505,0.12218005921354405,0.24384304240857346,0.21120887369167257
EMP09829,Megha Fernandes,58,25,Sales,84704,3470,5082,1570,1241,73341,16376,7167,0,4985,3926,32454,906,77,Medium,0.4425082832249356,0.01235325397799321,0.0010498902387477674,0.0
EMP09830,Bhavna Bedi,37,13,Sales,67641,1764,4058,1664,1967,58188,10736,7971,8430,2208,1216,30561,15779,2734,Medium,0.5252113837904723,0.2711727503952705,0.046985632776517496,0.1448752320065993
EMP09831,Rajat Khurana,29,4,Customer Support,39924,330,2395,1125,1689,34385,9806,4732,6155,2496,2023,25212,887,111,Low,0.7332266976879454,0.025796132034317288,0.003228151810382434,0.1790024720081431
EMP09832,Vidhi Behera,29,2,Data Science,96507,4651,5790,1721,1233,83112,27044,12455,0,8617,7262,55378,4553,2538,Low,0.6663057079603427,0.05478149966310521,0.030537106555010105,0.0
EMP09833,Atharv Jadhav,24,1,HR,40000,333,2400,1047,1940,34280,0,3568,0,3480,2352,9400,10894,2457,High,0.2742123687281214,0.3177946324387398,0.07167444574095683,0.0
EMP09834,Vaishnavi Vidhi Bagri,57,32,Operations,95000,4500,5700,1920,1906,80974,0,12227,20302,3299,4102,39930,13115,16687,Medium,0.4931212487959098,0.16196556919505026,0.20607849433151382,0.2507224541210759
EMP09835,Tanvi Mukherjee,46,20,Finance,114380,7157,6863,3447,1887,95026,0,13599,18318,5862,5937,43716,24110,5623,Medium,0.4600425146801928,0.2537200345168691,0.05917327889209269,0.19276829499294929
EMP09836,Amit Mundra,22,1,Data Science,94027,4403,5642,1824,1666,80492,0,11763,0,7325,4291,23379,28461,4378,High,0.2904512249664563,0.35358793420464146,0.054390498434627045,0.0
EMP09837,Harsh Solanki,41,27,Operations,95000,4500,5700,1782,1295,81723,24984,10571,0,9579,5368,50502,6544,3955,Medium,0.6179655666091554,0.08007537657697343,0.048395188624989295,0.0
EMP09838,Nandini Khandelwal,39,12,Marketing,69545,1954,4173,1211,789,61418,0,10425,18628,3673,3397,36123,11007,2652,Medium,0.5881500537301768,0.1792145625061057,0.043179523918069625,0.30329870721938196
EMP09839,Riya George,36,11,IT,109243,6386,6555,3622,1741,90939,0,9059,18578,6158,2853,36648,37801,3150,Medium,0.40299541450862664,0.41567424317399576,0.034638603899317125,0.2042907883306392
EMP09840,Aditya Dubey,41,17,Marketing,81925,3192,4916,1992,1023,70802,0,11379,17555,2004,4536,35474,2336,1278,Low,0.5010310443207819,0.03299341826502076,0.018050337561085844,0.2479449733058388
EMP09841,Charu Menon,28,6,IT,93200,4320,5592,1811,1493,79984,0,10127,0,11068,5188,26383,12800,7445,High,0.32985347069413884,0.16003200640128026,0.09308111622324465,0.0
EMP09842,Shivam Menon,29,4,IT,85410,3541,5125,1904,1389,73451,0,7600,0,5017,2851,15468,4492,1842,Medium,0.2105893725068413,0.061156417203305606,0.025077943118541612,0.0
EMP09843,Deepak D'Souza,50,16,Operations,74330,2433,4460,1297,1459,64681,14130,11413,0,3361,4280,33184,13251,4398,Medium,0.5130409239189252,0.20486696247738903,0.06799523816885948,0.0
EMP09844,Krishna Iyer,52,38,Finance,130000,9500,7800,3733,1973,106994,21280,14892,7750,7056,3771,54749,18168,14655,High,0.5117015907434062,0.16980391423818159,0.1369702973998542,0.07243396825990242
EMP09845,Varun Reddy,49,28,Product Management,217292,30188,13038,3429,1276,169361,0,25115,52770,9310,10946,98141,28270,8724,Low,0.5794781561280342,0.16692154628279238,0.05151126882812454,0.31158295002981795
EMP09846,Vidhi Kulkarni,54,35,IT,150000,13333,9000,3996,2151,121520,0,14879,33194,8058,5911,62042,17661,18839,Medium,0.5105497037524688,0.14533410138248848,0.1550279789335089,0.27315668202764976
EMP09847,Ritika Shinde,46,19,Sales,73387,2339,4403,2150,1782,62713,0,9235,12365,2786,3196,27582,2425,780,Low,0.43981311689761293,0.03866821871063416,0.012437612616203977,0.19716805128123355
EMP09848,Palak Shukla,38,15,HR,59792,1323,3588,838,1670,52373,11227,8468,5982,3686,1974,31337,8986,1996,Medium,0.5983426574761804,0.1715769575926527,0.03811124052469784,0.1142191587268249
EMP09849,Rajat Narang,57,35,Data Science,170000,17500,10200,2448,1214,138638,30583,20340,0,6880,7328,65131,21999,23861,High,0.46979183196526203,0.15867943853777464,0.1721100996840693,0.0
EMP09850,Pooja Tiwari,45,18,IT,126940,9041,7616,2820,1435,106028,0,14248,0,5540,4970,24758,27793,29998,High,0.23350435733957067,0.26212887161881765,0.2829252650243332,0.0
EMP09851,Yash Bansal,58,38,Customer Support,60000,1333,3600,1470,1560,52037,0,6738,0,2328,1568,10634,21248,3970,High,0.204354593846686,0.40832484578280837,0.07629186924688203,0.0
EMP09852,Prateek Khandelwal,33,6,Sales,59986,1333,3599,1183,1240,52631,0,6329,14222,2484,2016,25051,6997,10125,Medium,0.47597423571659286,0.13294446238908628,0.19237711614827763,0.27022097243069676
EMP09853,Namrata Fernandes,23,0,Operations,51240,895,3074,908,1996,44367,0,5790,6906,4523,2251,19470,12317,2424,Medium,0.4388396781391575,0.2776162463091938,0.05463520183920481,0.155656230982487
EMP09854,Aditya Shinde,23,2,Sales,45340,600,2720,1138,1984,38898,11064,5292,0,4224,3552,24132,1801,1501,Medium,0.6203917939225667,0.046300581006735564,0.03858810221605224,0.0
EMP09855,Kunal Ahuja,23,2,Operations,56266,1147,3376,1102,1723,48918,0,5500,0,5857,2794,14151,5400,3613,Medium,0.28928001962467803,0.1103888139335214,0.07385829347070608,0.0
EMP09856,Deepak Kunal Parmar,53,32,IT,150000,13333,9000,2429,1419,123819,0,19612,27690,6146,7710,61158,16977,26703,Medium,0.4939306568458799,0.13711142877910498,0.2156615705182565,0.2236328834831488
EMP09857,Siddharth Muskan Chauhan,36,13,IT,115513,7327,6931,2324,1700,97231,24308,15167,11783,8081,6168,65507,12152,4555,Low,0.673725457930084,0.12498071602678158,0.04684719893861011,0.12118563009739693
EMP09858,Ravi Soni,29,6,Operations,65390,1603,3923,1421,1969,56474,12300,8292,0,1578,1473,23643,22189,2423,High,0.4186528313914368,0.39290647023409003,0.04290469950773807,0.0
EMP09859,Sneha Lakhotia,26,7,Finance,87592,3759,5256,2101,1529,74947,20621,8090,0,7512,3394,39617,13900,5195,Medium,0.528600210815643,0.18546439483901958,0.06931564972580624,0.0
EMP09860,Garima Shukla,45,16,Data Science,137947,10923,8277,2459,2181,114107,28863,17279,4667,7818,7008,65635,19591,6438,Medium,0.5752057279570929,0.1716897298149982,0.056420727913274384,0.040900207699790546
EMP09861,Sonali Mehta,30,3,Data Science,103169,5475,6190,3922,1342,86240,14548,11513,0,1850,2997,30908,27803,5636,High,0.3583951762523191,0.3223910018552876,0.06535250463821893,0.0
EMP09862,Rashmi Naidu,35,8,IT,102482,5372,6149,2722,1000,87239,19313,12321,6706,4695,4396,47431,12535,11681,Medium,0.5436903219890187,0.1436857368837332,0.13389653709923313,0.07686929011107417
EMP09863,Vivek Purohit,29,2,Marketing,55819,1124,3349,1120,1269,48957,14046,7360,0,1557,2444,25407,2120,743,Medium,0.5189656228935596,0.043303306983679554,0.015176583532487693,0.0
EMP09864,Trisha Kulkarni,55,33,Product Management,220000,31000,13200,3176,1272,171352,0,28567,58888,8297,6378,102130,23148,19014,Medium,0.5960245576357439,0.1350903403520239,0.11096456417199682,0.34366683785424157
EMP09865,Aarav Bedi,50,22,Sales,77016,2702,4621,1375,1642,66676,16660,10975,2958,3365,3117,37075,19528,2177,Medium,0.5560471533985242,0.29287899694042835,0.032650428939948406,0.044363789069530264
EMP09866,Varun Sahu,26,2,IT,87328,3733,5240,1304,1950,75101,0,11653,19800,4723,3073,39249,15633,4683,Medium,0.522616210170304,0.2081596782998895,0.062356027216681535,0.26364495812306094
EMP09867,Pankaj Bohra,44,22,Operations,94919,4492,5695,1673,1090,81969,14349,9375,0,1553,3444,28721,30861,4974,High,0.35038856152935866,0.376495992387366,0.06068147714379826,0.0
EMP09868,Deepak Naidu,45,18,Cyber Security,149152,13164,8949,2208,1032,123799,0,18301,0,8723,7469,34493,41221,10727,High,0.2786209904764982,0.33296714836145686,0.08664851897026632,0.0
EMP09869,Kunal Gupta,41,22,Sales,80909,3091,4855,1883,1467,69613,17245,12238,9753,2583,5062,46881,857,459,Low,0.6734517977963886,0.012310918937554767,0.0065935960237311995,0.14010314165457602
EMP09870,Avantika Bagri,24,3,Data Science,100121,5018,6007,3918,1487,83691,18552,8313,0,7299,4259,38423,18044,5724,Medium,0.4591055191119714,0.21560263349703074,0.06839445101623831,0.0
EMP09871,Pooja Goel,57,24,Sales,77918,2792,4675,1595,1594,67262,0,10589,16755,4260,4003,35607,13278,4446,Medium,0.5293776575183611,0.19740715411376408,0.06609972941631233,0.249100532247034
EMP09872,Sumit Malhotra,34,11,Sales,57998,1233,3480,843,1968,50474,15593,5925,0,9986,4956,36460,1928,2224,Low,0.7223521020723541,0.038197884059119544,0.044062289495581886,0.0
EMP09873,Abhishek Singh,57,37,IT,150000,13333,9000,3800,2304,121563,0,19960,0,7327,6117,33404,32964,12416,High,0.27478755871441146,0.2711680363268429,0.10213634082738991,0.0
EMP09874,Aman Parmar,33,10,IT,108296,6244,6498,2305,1377,91872,0,11722,29597,9521,4442,55282,16747,3824,Medium,0.6017284918146987,0.18228622431208638,0.04162312783002438,0.3221547370254267
EMP09875,Sai Wadhwa,23,0,Operations,50000,833,3000,1182,1941,43044,4666,4521,0,2987,1404,13578,18611,1991,Medium,0.315444661276833,0.43237152680977603,0.046254994888950844,0.0
EMP09876,Rohit Kulkarni,39,15,HR,61116,1389,3667,1315,2041,52704,0,9388,10508,3937,2261,26094,13206,3123,Medium,0.4951047358834244,0.25056921675774135,0.05925546448087432,0.19937765634486945
EMP09877,Rohit Behera,36,15,Sales,71273,2127,4276,1826,1225,61819,0,8007,0,5435,4189,17631,20987,5274,High,0.28520357818793574,0.3394910949708019,0.08531357673207267,0.0
EMP09878,Bhavna Menon,43,27,IT,150000,13333,9000,2419,1627,123621,0,20193,23548,6138,7649,57528,24254,9606,Medium,0.46535782755357097,0.19619643911633136,0.07770524425461693,0.19048543532247758
EMP09879,Lokesh Sahu,56,29,HR,70000,2000,4200,1355,2164,60281,0,10619,17857,10713,5335,44524,2270,2444,Low,0.7386075214412502,0.03765697317562748,0.040543454819926675,0.29622932598994706
EMP09880,Yuvraj Rathore,56,23,Data Science,161802,15694,9708,3775,1407,131218,26451,19595,0,6519,7067,59632,15318,33665,High,0.45444984681979606,0.11673703302900516,0.2565577893276837,0.0
EMP09881,Tanvi Bajaj,42,15,Operations,73909,2391,4435,1434,1721,63928,14618,9608,2362,2469,2867,31924,20896,2458,Medium,0.49937429608309347,0.32686772619196597,0.03844950569390564,0.036947816293329994
EMP09882,Anurag Shinde,38,18,Data Science,147093,12752,8826,3141,1607,120767,0,17231,22582,8006,5214,53033,23370,23271,Medium,0.43913486300065413,0.1935131285864516,0.19269336822145122,0.18698816729735773
EMP09883,Arjun Mittal,22,2,Product Management,124408,8661,7464,3283,1372,103628,32303,13443,0,17745,8845,72336,4805,3996,Medium,0.6980352800401436,0.046367777048674105,0.038561006677731886,0.0
EMP09884,Swati Saxena,42,28,Data Science,170000,17500,10200,2933,1532,137835,39738,13838,12256,17975,12138,95945,8854,5596,Medium,0.6960858998077412,0.06423622447128813,0.040599267239815724,0.08891790909420684
EMP09885,Charu Lakhotia,33,9,Cyber Security,128352,9253,7701,2331,1073,107994,0,18198,27210,7282,4672,57362,21569,4502,Medium,0.5311591384706558,0.19972405874400428,0.04168750115747171,0.2519584421356742
EMP09886,Rohit Jain,58,28,Finance,129590,9438,7775,3511,985,107881,0,15734,22825,3486,4069,46114,35889,5129,Medium,0.42745247077798687,0.332672110937051,0.04754312622241173,0.21157571768893502
EMP09887,Aditi Somani,28,5,Marketing,56191,1143,3371,1027,2049,48601,11037,6767,3204,3808,3648,28464,173,966,Low,0.5856669615851525,0.003559597539145285,0.01987613423592107,0.06592456945330342
EMP09888,Tarun Rawat,42,24,Sales,83435,3344,5006,1730,1483,71872,0,13151,15052,2932,3995,35130,2453,163,Low,0.48878561887800537,0.03413012021371327,0.0022679207479964383,0.20942787177203917
EMP09889,Manish Iyer,28,3,Data Science,96495,4650,5790,1215,1814,83026,0,12700,0,6054,4064,22818,21363,6458,High,0.2748295714595428,0.2573049406210103,0.07778286319947968,0.0
EMP09890,Priya Bansal,47,19,HR,61290,1398,3677,1759,1211,53245,5436,8706,0,3800,2748,20690,16045,3991,High,0.3885810874260494,0.30134284909381165,0.074955394872758,0.0
EMP09891,Reema Behera,24,0,IT,83107,3311,4986,1227,1871,71712,0,7494,0,4311,2469,14274,39807,2760,High,0.19904618473895583,0.5550953815261044,0.03848728246318608,0.0
EMP09892,Arjun Suri,53,26,Finance,130000,9500,7800,3581,2307,106812,0,17360,25133,7830,5552,55875,24087,6649,Medium,0.5231153802943489,0.22550836984608472,0.0622495599745347,0.23530127701007378
EMP09893,Neha Tiwari,48,20,Sales,78880,2888,4733,1963,1452,67844,0,9699,21927,2776,2634,37036,1159,1464,Low,0.5458994163080008,0.017083308767171748,0.021578916337480103,0.32319733506279114
EMP09894,Kartik Agarwal,39,13,IT,118467,7770,7108,2798,1611,99180,17455,13453,6768,3417,2241,43334,32379,5333,Medium,0.436922766686832,0.3264670296430732,0.05377092155676548,0.06823956442831217
EMP09895,Siddharth Rajput,33,8,Marketing,65703,1618,3942,1405,1557,57181,11830,7342,8480,2803,1646,32101,15219,2002,Medium,0.5613927703258075,0.2661548416432032,0.035011629737150454,0.14830100907644148
EMP09896,Rakesh Jindal,42,22,Sales,77892,2789,4674,2033,1622,66774,14932,10399,3678,4366,2744,36119,14501,3034,Medium,0.5409141282535118,0.21716536376433943,0.04543684667685027,0.055081319076287175
EMP09897,Palak Somani,49,22,Data Science,155312,14396,9319,2508,1873,127216,0,18816,34369,2815,3367,59367,34423,6880,Medium,0.46666299836498554,0.2705870330776003,0.054081247641806066,0.2701625581687838
EMP09898,Pankaj Maheshwari,26,4,IT,91005,4100,5460,2108,1561,77776,14414,12204,0,2577,2784,31979,30304,3075,High,0.4111679695535898,0.389631763011726,0.03953661797983954,0.0
EMP09899,Pooja Vivaan Jadhav,32,6,IT,97966,4797,5878,1263,1863,84165,23706,12578,0,11448,7292,55024,6446,4155,Medium,0.6537634408602151,0.07658765520109309,0.04936731420424167,0.0
EMP09900,Deepak Nagpal,38,12,Marketing,69530,1953,4172,1265,1748,60392,5370,10079,7738,4342,3648,31177,14590,3567,Medium,0.51624387336071,0.24158828983971387,0.05906411445224533,0.12812955358325606
EMP09901,Sanya Tomar,55,36,Data Science,170000,17500,10200,2544,2095,137661,0,23993,0,7554,5949,37496,49974,8421,High,0.27237925047762257,0.3630222067252163,0.06117200950160176,0.0
EMP09902,Pankaj George,41,16,Sales,67272,1727,4036,1982,2028,57499,0,9101,19708,10294,3903,43006,2882,1766,Low,0.747943442494652,0.0501226108280144,0.030713577627437,0.342753787022383
EMP09903,Nikita Chatterjee,48,18,Marketing,81809,3181,4909,2023,1096,70600,0,11543,15652,4965,4104,36264,12658,4168,Medium,0.5136543909348442,0.17929178470254958,0.05903682719546742,0.22169971671388103
EMP09904,Rashmi Deepak Yadav,44,24,Sales,82450,3245,4947,1347,1327,71584,22102,10135,0,8558,4264,45059,5444,3986,Low,0.6294563030844882,0.07605051408135896,0.055682834152883325,0.0
EMP09905,Rahul Purohit,37,17,IT,121560,8234,7294,3629,1473,100930,0,15903,21114,13702,6750,57469,5377,6375,Low,0.5693946299415437,0.05327454671554543,0.06316258793223026,0.20919449123154663
EMP09906,Kunal Vivek Kumawat,26,5,Data Science,105473,5821,6328,3157,2032,88135,24582,15868,0,6620,3853,50923,14913,5119,Medium,0.5777840812390084,0.16920633119645997,0.05808135247064163,0.0
EMP09907,Aditya Parmar,48,21,Customer Support,54065,1037,3244,1125,1473,47186,0,7100,0,5153,3383,15636,4919,3665,Medium,0.3313694739965244,0.1042470224219048,0.07767134319501547,0.0
EMP09908,Mayank Daga,32,10,Finance,94591,4459,5675,1220,1189,82048,0,13401,0,5186,3832,22419,23002,7308,High,0.273242492199688,0.28034808892355695,0.08906981279251171,0.0
EMP09909,Gaurav Kavya Bose,51,30,Customer Support,60000,1333,3600,1839,1852,51376,0,7753,15099,3145,2232,28229,9240,2178,Medium,0.549458891311118,0.17985051385861103,0.04239333540952974,0.29389208969168484
EMP09910,Simran Shetty,26,4,Sales,51206,894,3072,1153,1820,44267,12090,6245,3529,4006,3240,29110,7061,1233,Medium,0.6576004698759799,0.15950934104411865,0.02785370592088915,0.07972078523505094
EMP09911,Tanvi Roy,40,13,IT,112666,6900,6760,2295,1600,95111,25099,15164,0,7194,4414,51871,16867,4157,Medium,0.5453733006697438,0.17734016044411266,0.04370682676031164,0.0
EMP09912,Ayaan Banerjee,23,0,Sales,48340,750,2900,1167,1726,41797,0,5064,0,3025,3013,11102,649,328,Medium,0.26561714955618826,0.015527430198339593,0.007847453166495204,0.0
EMP09913,Vikram Bagri,60,30,Customer Support,60000,1333,3600,1302,2027,51738,14943,10046,2596,4052,2434,34071,6546,2202,Medium,0.6585295140902239,0.12652209207932275,0.04256059376087209,0.05017588619583285
EMP09914,Karan Rathore,31,10,Sales,62785,1473,3767,1405,1532,54608,16610,6434,0,9398,3653,36095,3787,2087,Low,0.6609837386463522,0.06934881336067976,0.038217843539408144,0.0
EMP09915,Shruti Pandey,44,26,IT,140712,11476,8443,3476,919,116398,0,14555,29056,4926,5286,53823,20307,23876,Medium,0.46240485231705014,0.17446176051134898,0.20512379937799619,0.24962628223852643
EMP09916,Atharv Bhatia,49,27,IT,142090,11751,8525,2647,961,118206,41906,19978,0,20794,9174,91852,2740,4189,Low,0.7770502343366665,0.02317987242610358,0.03543813342808318,0.0
EMP09917,Akash Shinde,56,32,Sales,85000,3500,5100,2096,2285,72019,0,12601,21587,4464,4642,43294,11904,3376,Low,0.6011469195628931,0.16528971521404073,0.0468765186964551,0.29974034629750484
EMP09918,Komal Mundra,55,29,IT,150000,13333,9000,2606,1346,123715,0,12250,43277,11475,6951,73953,24432,6064,Low,0.5977690659984642,0.197486157701168,0.04901588328011963,0.34981206805965326
EMP09919,Deepak Khanna,37,17,IT,117716,7657,7063,2611,1951,98434,0,16390,26502,6146,6324,55362,20465,3697,Low,0.5624276164739825,0.2079058049048093,0.03755816079809822,0.26923623951073816
EMP09920,Vivek George,24,1,Operations,53027,985,3182,726,2044,46090,9000,4839,2974,3369,1129,21311,13635,2079,Medium,0.46237795617270555,0.2958342373616837,0.04510739856801909,0.06452592753308743
EMP09921,Krishna Mathew,27,7,Operations,62113,1439,3727,1886,1919,53142,15284,8181,4452,3179,2411,33507,7788,2796,Medium,0.6305182341650671,0.1465507508185616,0.05261375183470701,0.08377554476685108
EMP09922,Nikhil Gupta,43,21,Operations,85635,3564,5138,1853,1036,74044,23283,11285,0,12046,4793,51407,3381,3785,Medium,0.6942763762087407,0.04566203878774783,0.05111825401112852,0.0
EMP09923,Krishna Khurana,41,17,Finance,109956,6493,6597,2252,2115,92499,0,14701,25996,3952,3472,48121,26795,3888,Medium,0.5202326511637964,0.2896788073384577,0.04203288684201991,0.28104087611757966
EMP09924,Yash Maheshwari,55,38,Cyber Security,180000,20000,10800,3647,1440,144113,0,15162,36519,14399,7375,73455,17219,24596,Medium,0.5097041904616516,0.11948262821535878,0.17067162573813605,0.2534053138856314
EMP09925,Rohan Rawat,43,23,Sales,82226,3223,4934,1979,2106,69984,22641,12034,0,8739,5840,49254,2403,2853,Low,0.7037894375857339,0.03433641975308642,0.04076646090534979,0.0
EMP09926,Ayaan Mundra,47,25,IT,142994,11932,8580,3700,1380,117402,28092,20121,12670,7736,4977,73596,17868,4920,Medium,0.6268717739050442,0.15219502223130782,0.04190729289109214,0.10791979693701981
EMP09927,Avantika Kumawat,26,7,HR,50622,864,3037,1080,1222,44419,0,6440,0,1605,2051,10096,21785,2842,Medium,0.22729012359575856,0.49044327877709987,0.06398162948287894,0.0
EMP09928,Tarun Seth,56,33,Marketing,90000,4000,5400,2086,1020,77494,0,10986,17831,3959,3669,36445,12597,16979,Medium,0.47029447441092215,0.16255452034996257,0.21910083361292487,0.2300952331793429
EMP09929,Preeti Bagri,48,23,Marketing,90000,4000,5400,1264,1820,77516,0,11882,15886,2426,5141,35335,4137,282,Low,0.4558413746839362,0.05336962691573353,0.0036379586149956136,0.20493833531141958
EMP09930,Bhavna Verma,56,29,Customer Support,60000,1333,3600,2082,1737,51248,15417,8241,8485,7003,4671,43817,991,1091,Low,0.8549992194817359,0.019337339993755854,0.021288635654074305,0.1655674367780206
EMP09931,Tushar Ashish Daga,55,35,Data Science,170000,17500,10200,2831,1311,138158,0,17945,0,5434,5008,28387,66174,9160,Medium,0.2054676529770263,0.4789733493536386,0.06630090186597953,0.0
EMP09932,Rupal Kohli,57,36,HR,70000,2000,4200,1269,2096,60435,13851,8670,0,4757,3558,30836,12107,3351,Medium,0.5102341358484322,0.20033093406138827,0.055448001985604366,0.0
EMP09933,Parth Naidu,35,9,Data Science,114187,7128,6851,2760,1226,96222,25365,11145,0,8057,4109,48676,17427,4864,Medium,0.5058718380411964,0.18111242751137993,0.0505497703227952,0.0
EMP09934,Vivaan Kulkarni,42,19,IT,123685,8553,7421,3047,1917,102747,0,17141,32245,7825,6929,64140,18139,4605,Low,0.6242518029723496,0.17654043427058697,0.04481882682706064,0.3138291142320457
EMP09935,Pankaj Sabharwal,48,25,Finance,123722,8558,7423,3515,1172,103054,0,15774,34404,5856,6845,62879,16086,5171,Medium,0.6101558406272439,0.15609292215731557,0.05017757680439381,0.33384439226036833
EMP09936,Divya Malhotra,41,15,Product Management,170871,17718,10252,3904,1979,137018,0,21024,0,9722,8234,38980,40381,8757,High,0.28448816943759214,0.29471310338787604,0.0639113109226525,0.0
EMP09937,Garima Mukherjee,55,32,IT,150000,13333,9000,3392,1449,122826,31580,19700,0,8833,5605,65718,12106,22876,Medium,0.5350495823359875,0.0985621936723495,0.18624721150245063,0.0
EMP09938,Diya Jadhav,46,28,Customer Support,60000,1333,3600,2129,1098,51840,0,6603,16459,1062,2046,26170,16407,1979,Medium,0.5048225308641975,0.31649305555555557,0.038175154320987656,0.3174961419753086
EMP09939,Saurabh Pradhan,24,0,IT,80000,3000,4800,1505,1648,69047,21208,8509,0,11219,5492,46428,3951,3514,Low,0.6724115457586861,0.05722189233420714,0.05089287007400756,0.0
EMP09940,Manish Abhishek Purohit,49,28,Operations,95000,4500,5700,2012,1064,81724,0,14078,16243,2059,5152,37532,188,1436,Medium,0.4592530957858157,0.0023004258235034994,0.017571337673143752,0.198754343889188
EMP09941,Sneha Khandelwal,42,18,Operations,82630,3263,4958,2131,2012,70266,24633,10996,0,11039,5788,52456,3420,2498,Low,0.7465345971024393,0.04867218854068824,0.03555062192240913,0.0
EMP09942,Avantika Bohra,47,26,HR,66957,1696,4017,1389,1156,58699,0,6924,14325,5527,3236,30012,13904,2949,Medium,0.5112863932946047,0.2368694526312203,0.05023935671817237,0.24404163614371624
EMP09943,Rupal Ishaan Bajaj,51,32,Sales,85000,3500,5100,1571,1836,72993,17446,7501,0,6813,3335,35095,17262,3144,Medium,0.48079952872193227,0.23648843039743536,0.04307262340224405,0.0
EMP09944,Varun Kunal Menon,22,2,HR,42636,465,2558,840,1432,37341,14147,4538,0,5321,3740,27746,1061,1612,Low,0.7430438392115905,0.02841380787873919,0.043169706221043894,0.0
EMP09945,Tushar Rishabh Bagri,49,22,IT,129964,9495,7798,3606,1536,107529,0,18869,26566,8239,7027,60701,18439,6468,Medium,0.56450817918887,0.17147932185735942,0.06015121502106408,0.2470589329390211
EMP09946,Monika Nair,41,19,IT,133983,10130,8039,2847,1937,111030,30253,11604,0,12012,5803,59672,19170,7606,Medium,0.5374403314419526,0.17265603890840314,0.06850400792578583,0.0
EMP09947,Prachi Purohit,48,25,Operations,89883,3988,5393,1844,1099,77559,4983,13588,8322,6078,4859,37830,18984,3517,Medium,0.4877577070359339,0.24476849882025298,0.04534612359622997,0.10729895950179863
EMP09948,Nandini Tayal,32,7,HR,47601,713,2856,718,1434,41880,11094,7950,0,2228,1972,23244,6982,2232,Medium,0.5550143266475644,0.16671442215854823,0.05329512893982808,0.0
EMP09949,Riya Vikram Kumawat,26,4,Sales,52031,935,3122,1142,1140,45692,0,8142,0,8123,3407,19672,3118,2436,Medium,0.43053488575680643,0.06823951676442265,0.05331349032653419,0.0
EMP09950,Namrata Nagpal,46,27,Product Management,209943,27983,12597,2656,1479,165228,0,29989,40974,25325,11697,107985,5940,8339,Low,0.6535514561696565,0.03595032318977413,0.050469654053792334,0.2479846030939066
EMP09951,Trisha Ghosh,42,21,IT,139608,11255,8376,3215,1924,114838,0,16907,36310,7950,6148,67315,13276,20192,Medium,0.5861735662411397,0.11560633239868336,0.1758303000748881,0.3161845382190564
EMP09952,Sakshi Bohra,49,23,Customer Support,55553,1111,3333,1189,1577,48343,0,6714,12069,1945,1401,22129,16839,2226,Medium,0.45774982934447594,0.34832343876052374,0.04604596322114887,0.2496535175723476
EMP09953,Mansi Rathore,37,17,IT,116204,7431,6972,3853,1366,96582,0,13875,0,5163,3846,22884,29311,7192,Medium,0.2369385599801205,0.30348305067196785,0.07446522126276117,0.0
EMP09954,Tanvi Gaurav Saxena,58,36,HR,70000,2000,4200,1611,968,61221,7327,8834,3707,3644,2448,25960,13603,3931,Medium,0.4240375034710312,0.2221949984482449,0.0642099933029516,0.06055111808039725
EMP09955,Monika Jindal,57,38,Marketing,90000,4000,5400,1864,1748,76988,0,12153,14378,5971,4103,36605,15814,5431,Medium,0.4754637086299163,0.2054086351119655,0.07054346131864707,0.186756377617291
EMP09956,Hemant Mundra,46,16,IT,116131,7420,6968,3171,2306,96266,0,15404,24404,6431,6868,53107,21245,3700,Low,0.551669332890117,0.2206905864999065,0.038435169218623395,0.2535059107057528
EMP09957,Palak Rajput,35,12,Cyber Security,130275,9541,7816,3503,1687,107728,0,14227,34761,2985,3141,55114,26879,4220,Medium,0.5116032971929303,0.24950802019901974,0.039172731323332835,0.3226737709787613
EMP09958,Namrata Somani,55,27,Data Science,170000,17500,10200,2327,1709,138264,0,17963,25695,5491,4216,53365,56232,6972,Medium,0.3859645316206677,0.4067002256552682,0.050425273390036454,0.1858401319215414
EMP09959,Tarun Yash Reddy,41,15,IT,115615,7342,6937,2496,1813,97027,19817,9069,0,7782,2672,39340,37411,4040,Medium,0.40545415193708967,0.3855730879033671,0.04163789460665588,0.0
EMP09960,Nikita Lodha,23,1,Operations,50000,833,3000,965,1554,43648,11893,5881,0,4700,2363,24837,8233,2352,Medium,0.5690295087976539,0.1886226173020528,0.053885630498533725,0.0
EMP09961,Amit Reema Chatterjee,54,34,Sales,85000,3500,5100,1523,739,74138,0,9800,0,9907,5335,25042,5024,5619,Medium,0.3377754997437212,0.06776551835765734,0.07579109228735602,0.0
EMP09962,Deepak Verma,53,31,Finance,130000,9500,7800,3087,1315,108298,20467,16884,7000,2620,4296,51267,38443,3043,Medium,0.4733882435502041,0.3549742377513897,0.02809839516888585,0.06463646604738776
EMP09963,Rupal Pankaj Mathew,34,5,HR,45826,625,2750,950,2227,39274,7089,5182,0,1171,1372,14814,15534,1844,Medium,0.377196109385344,0.3955288486021286,0.04695218210520955,0.0
EMP09964,Palak Malhotra,29,4,Sales,49116,789,2947,828,1452,43100,15546,7364,1867,6464,3922,35163,1087,1293,Low,0.81584686774942,0.025220417633410673,0.03,0.04331786542923434
EMP09965,Shubham Seth,47,22,IT,142936,11921,8576,3570,2019,116850,0,19534,29347,8095,4841,61817,15904,19995,Medium,0.5290286692340608,0.1361061189559264,0.1711168164313222,0.2511510483525888
EMP09966,Mohit Krishna Naidu,40,16,IT,123310,8496,7399,2514,1549,103352,20211,13554,0,4529,4558,42852,20055,20477,High,0.4146218747581082,0.19404559176406844,0.19812872513352425,0.0
EMP09967,Charu Tayal,50,16,Customer Support,50370,852,3022,1059,1425,44012,9550,6417,2269,2257,1973,22466,11094,1831,High,0.5104516949922748,0.2520676179223848,0.04160229028446787,0.05155412160319913
EMP09968,Mohit Bajaj,32,12,HR,58181,1242,3491,1190,962,51296,0,8983,4081,3712,2593,19369,12160,4150,Medium,0.3775927947598253,0.23705552089831566,0.08090299438552713,0.07955786026200873
EMP09969,Amit Bhatia,37,18,IT,129609,9441,7777,3512,1369,107510,24911,16480,0,2918,2630,46939,35731,5801,Medium,0.4366012463956841,0.332350479025207,0.05395777137010511,0.0
EMP09970,Yash Mathew,36,15,Sales,70217,2022,4213,1425,2049,60508,13737,9635,0,4698,2661,30731,10624,3221,Medium,0.5078832551067627,0.17558008858332783,0.053232630395980696,0.0
EMP09971,Mansi Priya Bajaj,51,31,Cyber Security,180000,20000,10800,2485,1076,145639,0,23681,13767,12103,7220,56771,39960,8961,Medium,0.3898063018834241,0.2743770555963719,0.06152884872870591,0.09452825136124253
EMP09972,Dev Tiwari,49,15,Cyber Security,143105,11954,8586,3719,1690,117156,0,14864,37470,4316,5555,62205,3224,1497,Low,0.5309587217043942,0.027518863737239236,0.01277783468196251,0.31982997029601556
EMP09973,Monika Bohra,25,3,Marketing,51486,908,3089,752,1251,45486,0,5473,0,4714,2333,12520,9433,10472,High,0.2752495273270896,0.20738249131600933,0.23022468451831332,0.0
EMP09974,Ashish Jindal,35,6,Operations,61415,1404,3685,1898,958,53470,0,6983,16159,3526,2319,28987,11081,2595,Medium,0.5421170749953245,0.20723770338507574,0.04853188703946138,0.30220684495979055
EMP09975,Ashish Gupta,39,9,Finance,93174,4317,5590,1946,1740,79581,16439,11604,0,3275,2751,34069,27152,2931,High,0.4281046983576482,0.3411869667382918,0.03683039921589324,0.0
EMP09976,Jyoti Reema Chauhan,31,6,IT,97510,4751,5851,1870,1460,83578,24464,13100,0,6248,4653,48465,12397,4647,Medium,0.5798774797195434,0.1483285075019742,0.055600756179855944,0.0
EMP09977,Rakesh Kavya Mathew,40,10,HR,48467,757,2908,928,2383,41491,0,5469,9379,1978,1748,18574,15407,1239,Medium,0.44766334867802654,0.37133354221397413,0.02986189776096021,0.22604902267961727
EMP09978,Neha Kulkarni,30,4,Customer Support,35690,118,2141,1086,1148,31197,0,4123,1251,5407,2658,13439,1903,2522,Medium,0.43077860050645894,0.06099945507580857,0.08084110651665224,0.04010000961630926
EMP09979,Kartik Roy,38,15,Finance,105656,5848,6339,3556,1452,88461,19514,12586,6542,3762,6100,48504,1143,913,Medium,0.548309424492149,0.012920948214467392,0.010320932388284102,0.07395349362996123
EMP09980,Preeti Porwal,22,3,Sales,49806,824,2988,930,1347,43717,14261,5053,0,8189,2675,30178,2475,1172,Medium,0.690303543244047,0.05661413180227372,0.026808792918086785,0.0
EMP09981,Sonia Mittal,45,22,Marketing,90000,4000,5400,1459,1940,77201,19200,14728,0,5758,4873,44559,14914,3539,Medium,0.5771816427248352,0.19318402611365137,0.04584137511172135,0.0
EMP09982,Mohit Goel,56,25,Sales,82228,3223,4934,1335,1152,71584,25836,12124,12473,9412,4996,64841,771,756,Low,0.9058029727313366,0.010770563254358516,0.010561019222172553,0.1742428475637014
EMP09983,Ankit Menon,29,4,Customer Support,40684,368,2441,749,2276,34850,1797,6207,0,1699,2764,12467,1197,380,Medium,0.3577331420373027,0.03434720229555237,0.0109038737446198,0.0
EMP09984,Mansi Ghosh,53,22,Operations,95000,4500,5700,1434,1476,81890,0,11560,25240,12816,4607,54223,4746,2368,Low,0.6621443399682501,0.0579557943582855,0.02891683966296251,0.30821834167786055
EMP09985,Krishna Jadhav,30,7,Operations,67964,1796,4078,1952,1890,58248,0,7180,0,10499,4904,22583,5149,3435,Medium,0.3877042988600467,0.08839788490591952,0.058971981870622164,0.0
EMP09986,Vikram Swati Dubey,35,12,IT,112027,6804,6722,3805,2021,92675,0,10854,31143,3636,4998,50631,9440,13691,Medium,0.5463285675748584,0.10186134340437011,0.14773131912597787,0.3360453196654977
EMP09987,Swati Shinde,53,37,Sales,85000,3500,5100,1522,2019,72859,0,11363,0,8557,4639,24559,10563,3837,Medium,0.33707572159925336,0.144978657406772,0.05266336348289161,0.0
EMP09988,Rohan Pandey,55,38,Data Science,170000,17500,10200,3740,856,137704,39199,22911,0,9524,7734,79368,24506,7323,Medium,0.5763666995875211,0.1779614245047348,0.05317928309998257,0.0
EMP09989,Sneha Bose,54,35,Sales,85000,3500,5100,1417,2000,72983,0,9471,0,5057,3271,17799,23837,6549,High,0.2438787114807558,0.32661030650973516,0.08973322554567502,0.0
EMP09990,Ishaan Divya Somani,51,36,Sales,85000,3500,5100,1400,1349,73651,0,11887,0,1835,5103,18825,1401,1699,Medium,0.25559734423157865,0.019022144981059322,0.023068254334632252,0.0
EMP09991,Muskan Priya Tomar,41,28,IT,149902,13314,8994,3715,1543,122336,0,20277,28418,5449,7540,61684,16869,24931,Medium,0.5042178917080826,0.1378907271776092,0.20379119801203244,0.23229466387653674
EMP09992,Pankaj Gupta,51,34,IT,150000,13333,9000,2448,1125,124094,0,20827,42672,6879,6849,77227,17272,5067,Low,0.622326623366158,0.1391848115138524,0.04083194997340726,0.343868357857753
EMP09993,Deepak Singh,31,6,Data Science,109999,6500,6600,2326,1078,93495,18970,11315,7811,5514,2672,46282,10140,14986,High,0.49502112412428473,0.1084549975934542,0.1602866463447243,0.08354457457618054
EMP09994,Anjali Banerjee,31,12,IT,115106,7266,6906,3490,1421,96023,0,14848,23020,9939,9128,56935,4837,6172,Low,0.5929308603147163,0.0503733480520292,0.06427626714433,0.23973423034064756
EMP09995,Atharv Pradhan,35,8,Data Science,119345,7902,7161,2523,1070,100689,0,13667,24576,5747,3994,47984,21525,6669,Medium,0.47655652553903605,0.21377707594672704,0.06623365015046331,0.24407830050948962
EMP09996,Ritika Yadav,22,0,HR,40366,352,2422,702,1984,34906,7914,3802,1139,2318,2080,17253,664,790,Medium,0.49427032601844956,0.019022517618747493,0.022632212227124276,0.03263049332492981
EMP09997,Shivam Kumawat,26,4,Data Science,104508,5676,6270,3520,1940,87102,26378,9767,3076,15682,4903,59806,5783,2187,Medium,0.6866202842644256,0.0663934238019793,0.025108493490390578,0.03531491814194852
EMP09998,Nandini Chopra,32,8,IT,94358,4436,5661,2009,2187,80065,23421,12498,11567,10619,5020,63125,2938,2319,Low,0.7884219072003997,0.03669518516205583,0.028963966776993692,0.14447011802910137
EMP09999,Ritika Goel,27,5,Sales,52022,934,3121,1035,1618,45314,0,5953,0,7836,4434,18223,6103,2267,Medium,0.40214944608730196,0.13468243809860087,0.05002868870547734,0.0
EMP10000,Reema Reddy,32,7,IT,99535,4954,5972,1879,1598,85132,18388,11968,5686,5994,3321,45357,18660,4848,Medium,0.5327843819010478,0.21918902410374477,0.05694685899544237,0.06679039609077668
